n.evals.q.1.0.	_.locomotion.hilly.5.0.75.ga.epistasis.0.5.all.each.cross.epistasis.avg	_.locomotion.hilly.5.0.75.ga.epistasis.0.5.all.each.cross.epistasis.avg.min	_.locomotion.hilly.5.0.75.ga.epistasis.0.5.all.each.cross.epistasis.avg.max	_.locomotion.hilly.5.0.75.ga.epistasis.1.0.all.each.cross.epistasis.avg	_.locomotion.hilly.5.0.75.ga.epistasis.1.0.all.each.cross.epistasis.avg.min	_.locomotion.hilly.5.0.75.ga.epistasis.1.0.all.each.cross.epistasis.avg.max	_.locomotion.hilly.5.0.75.ga.epistasis.2.0.all.each.cross.epistasis.avg	_.locomotion.hilly.5.0.75.ga.epistasis.2.0.all.each.cross.epistasis.avg.min	_.locomotion.hilly.5.0.75.ga.epistasis.2.0.all.each.cross.epistasis.avg.max
1.000e+02	4.083e-01	4.005e-01	4.105e-01	3.160e-01	3.110e-01	3.164e-01	2.007e-01	1.943e-01	2.083e-01
2.000e+02	4.043e-01	3.960e-01	4.083e-01	3.169e-01	3.129e-01	3.200e-01	1.995e-01	1.976e-01	2.031e-01
3.000e+02	4.052e-01	3.929e-01	4.088e-01	3.176e-01	3.126e-01	3.186e-01	2.033e-01	1.960e-01	2.048e-01
4.000e+02	4.060e-01	3.962e-01	4.114e-01	3.164e-01	3.107e-01	3.198e-01	1.986e-01	1.964e-01	2.021e-01
5.000e+02	4.050e-01	3.964e-01	4.100e-01	3.169e-01	3.129e-01	3.245e-01	1.986e-01	1.938e-01	1.995e-01
6.000e+02	3.998e-01	3.936e-01	4.126e-01	3.155e-01	3.136e-01	3.195e-01	1.993e-01	1.933e-01	1.998e-01
7.000e+02	4.062e-01	3.917e-01	4.100e-01	3.131e-01	3.110e-01	3.207e-01	1.988e-01	1.919e-01	2.010e-01
8.000e+02	4.057e-01	3.936e-01	4.098e-01	3.145e-01	3.102e-01	3.179e-01	1.976e-01	1.924e-01	2.002e-01
9.000e+02	4.081e-01	3.926e-01	4.121e-01	3.110e-01	3.062e-01	3.174e-01	1.979e-01	1.912e-01	2.017e-01
1.000e+03	4.064e-01	3.926e-01	4.119e-01	3.105e-01	3.060e-01	3.174e-01	1.976e-01	1.902e-01	2.014e-01
1.100e+03	4.048e-01	3.957e-01	4.098e-01	3.121e-01	3.055e-01	3.174e-01	1.971e-01	1.921e-01	2.019e-01
1.200e+03	4.007e-01	3.955e-01	4.114e-01	3.131e-01	3.064e-01	3.162e-01	1.986e-01	1.964e-01	2.002e-01
1.300e+03	4.005e-01	3.981e-01	4.098e-01	3.145e-01	3.043e-01	3.157e-01	1.983e-01	1.974e-01	2.005e-01
1.400e+03	4.017e-01	3.993e-01	4.105e-01	3.136e-01	3.050e-01	3.162e-01	1.995e-01	1.964e-01	2.017e-01
1.500e+03	4.031e-01	3.955e-01	4.110e-01	3.157e-01	3.064e-01	3.210e-01	2.002e-01	1.979e-01	2.012e-01
1.600e+03	4.045e-01	3.986e-01	4.112e-01	3.174e-01	3.040e-01	3.217e-01	1.998e-01	1.971e-01	2.010e-01
1.700e+03	4.057e-01	3.969e-01	4.098e-01	3.202e-01	3.036e-01	3.226e-01	2.005e-01	1.981e-01	2.019e-01
1.800e+03	4.050e-01	3.976e-01	4.112e-01	3.212e-01	3.064e-01	3.243e-01	2.007e-01	1.986e-01	2.017e-01
1.900e+03	4.055e-01	3.988e-01	4.110e-01	3.236e-01	3.057e-01	3.260e-01	2.000e-01	1.976e-01	2.012e-01
2.000e+03	4.062e-01	3.983e-01	4.090e-01	3.198e-01	3.040e-01	3.271e-01	2.005e-01	1.976e-01	2.014e-01
2.100e+03	4.062e-01	3.962e-01	4.129e-01	3.217e-01	3.005e-01	3.293e-01	2.010e-01	1.983e-01	2.019e-01
2.200e+03	4.052e-01	3.907e-01	4.119e-01	3.210e-01	3.033e-01	3.300e-01	2.019e-01	1.967e-01	2.024e-01
2.300e+03	4.040e-01	3.895e-01	4.121e-01	3.219e-01	3.071e-01	3.310e-01	2.021e-01	1.957e-01	2.031e-01
2.400e+03	4.038e-01	3.883e-01	4.152e-01	3.229e-01	3.050e-01	3.312e-01	2.010e-01	1.974e-01	2.033e-01
2.500e+03	4.062e-01	3.921e-01	4.155e-01	3.233e-01	3.048e-01	3.317e-01	2.019e-01	1.964e-01	2.038e-01
2.600e+03	4.076e-01	3.917e-01	4.167e-01	3.245e-01	2.993e-01	3.314e-01	2.021e-01	1.962e-01	2.043e-01
2.700e+03	4.040e-01	3.883e-01	4.174e-01	3.262e-01	2.967e-01	3.305e-01	2.029e-01	1.929e-01	2.052e-01
2.800e+03	4.038e-01	3.881e-01	4.176e-01	3.240e-01	2.988e-01	3.324e-01	2.038e-01	1.933e-01	2.067e-01
2.900e+03	4.031e-01	3.855e-01	4.207e-01	3.271e-01	2.962e-01	3.338e-01	2.024e-01	1.933e-01	2.074e-01
3.000e+03	4.090e-01	3.857e-01	4.221e-01	3.255e-01	2.943e-01	3.340e-01	1.993e-01	1.924e-01	2.083e-01
3.100e+03	4.110e-01	3.838e-01	4.212e-01	3.257e-01	2.962e-01	3.340e-01	1.988e-01	1.936e-01	2.088e-01
3.200e+03	4.126e-01	3.817e-01	4.198e-01	3.233e-01	2.967e-01	3.340e-01	1.971e-01	1.929e-01	2.088e-01
3.300e+03	4.110e-01	3.812e-01	4.188e-01	3.219e-01	2.964e-01	3.319e-01	1.971e-01	1.912e-01	2.067e-01
3.400e+03	4.090e-01	3.826e-01	4.179e-01	3.236e-01	2.945e-01	3.314e-01	1.976e-01	1.926e-01	2.067e-01
3.500e+03	4.100e-01	3.814e-01	4.164e-01	3.262e-01	2.938e-01	3.321e-01	1.990e-01	1.879e-01	2.071e-01
3.600e+03	4.100e-01	3.800e-01	4.157e-01	3.271e-01	2.960e-01	3.336e-01	1.979e-01	1.879e-01	2.050e-01
3.700e+03	4.095e-01	3.779e-01	4.160e-01	3.279e-01	2.964e-01	3.355e-01	1.976e-01	1.881e-01	2.055e-01
3.800e+03	4.095e-01	3.767e-01	4.169e-01	3.276e-01	2.929e-01	3.379e-01	2.007e-01	1.876e-01	2.057e-01
3.900e+03	4.090e-01	3.760e-01	4.152e-01	3.257e-01	2.924e-01	3.374e-01	2.017e-01	1.857e-01	2.057e-01
4.000e+03	4.079e-01	3.726e-01	4.138e-01	3.250e-01	2.902e-01	3.371e-01	2.005e-01	1.883e-01	2.043e-01
4.100e+03	4.064e-01	3.683e-01	4.143e-01	3.224e-01	2.895e-01	3.405e-01	1.990e-01	1.890e-01	2.026e-01
4.200e+03	4.057e-01	3.676e-01	4.155e-01	3.200e-01	2.869e-01	3.443e-01	2.000e-01	1.876e-01	2.033e-01
4.300e+03	4.040e-01	3.688e-01	4.162e-01	3.205e-01	2.838e-01	3.433e-01	2.014e-01	1.871e-01	2.043e-01
4.400e+03	4.031e-01	3.676e-01	4.162e-01	3.193e-01	2.826e-01	3.460e-01	2.014e-01	1.860e-01	2.057e-01
4.500e+03	4.029e-01	3.671e-01	4.176e-01	3.179e-01	2.824e-01	3.438e-01	2.014e-01	1.840e-01	2.040e-01
4.600e+03	4.026e-01	3.664e-01	4.171e-01	3.188e-01	2.831e-01	3.462e-01	2.038e-01	1.807e-01	2.048e-01
4.700e+03	4.033e-01	3.660e-01	4.162e-01	3.186e-01	2.779e-01	3.481e-01	2.031e-01	1.776e-01	2.045e-01
4.800e+03	4.031e-01	3.652e-01	4.171e-01	3.162e-01	2.790e-01	3.474e-01	2.019e-01	1.779e-01	2.036e-01
4.900e+03	4.026e-01	3.617e-01	4.164e-01	3.148e-01	2.781e-01	3.474e-01	2.012e-01	1.764e-01	2.043e-01
5.000e+03	4.014e-01	3.598e-01	4.162e-01	3.143e-01	2.781e-01	3.474e-01	2.017e-01	1.717e-01	2.043e-01
5.100e+03	3.998e-01	3.586e-01	4.169e-01	3.148e-01	2.757e-01	3.490e-01	2.012e-01	1.717e-01	2.057e-01
5.200e+03	3.983e-01	3.574e-01	4.169e-01	3.124e-01	2.760e-01	3.500e-01	1.986e-01	1.693e-01	2.081e-01
5.300e+03	3.976e-01	3.576e-01	4.162e-01	3.138e-01	2.774e-01	3.498e-01	1.986e-01	1.707e-01	2.107e-01
5.400e+03	3.976e-01	3.574e-01	4.162e-01	3.148e-01	2.731e-01	3.507e-01	1.990e-01	1.714e-01	2.110e-01
5.500e+03	3.943e-01	3.579e-01	4.160e-01	3.136e-01	2.729e-01	3.510e-01	1.979e-01	1.693e-01	2.090e-01
5.600e+03	3.933e-01	3.581e-01	4.145e-01	3.150e-01	2.719e-01	3.514e-01	1.971e-01	1.693e-01	2.086e-01
5.700e+03	3.936e-01	3.586e-01	4.167e-01	3.164e-01	2.717e-01	3.543e-01	1.960e-01	1.688e-01	2.105e-01
5.800e+03	3.933e-01	3.590e-01	4.169e-01	3.171e-01	2.717e-01	3.529e-01	1.971e-01	1.686e-01	2.121e-01
5.900e+03	3.914e-01	3.598e-01	4.171e-01	3.183e-01	2.719e-01	3.521e-01	1.979e-01	1.693e-01	2.129e-01
6.000e+03	3.924e-01	3.595e-01	4.162e-01	3.186e-01	2.721e-01	3.512e-01	1.969e-01	1.707e-01	2.119e-01
6.100e+03	3.924e-01	3.600e-01	4.157e-01	3.183e-01	2.721e-01	3.495e-01	1.964e-01	1.707e-01	2.112e-01
6.200e+03	3.921e-01	3.612e-01	4.176e-01	3.186e-01	2.729e-01	3.455e-01	1.979e-01	1.712e-01	2.086e-01
6.300e+03	3.943e-01	3.617e-01	4.193e-01	3.200e-01	2.729e-01	3.445e-01	1.995e-01	1.707e-01	2.076e-01
6.400e+03	3.952e-01	3.621e-01	4.205e-01	3.195e-01	2.712e-01	3.448e-01	1.993e-01	1.712e-01	2.086e-01
6.500e+03	3.969e-01	3.626e-01	4.202e-01	3.210e-01	2.710e-01	3.471e-01	2.038e-01	1.731e-01	2.093e-01
6.600e+03	3.981e-01	3.629e-01	4.195e-01	3.217e-01	2.710e-01	3.476e-01	2.040e-01	1.738e-01	2.081e-01
6.700e+03	3.990e-01	3.636e-01	4.162e-01	3.212e-01	2.695e-01	3.510e-01	2.036e-01	1.736e-01	2.074e-01
6.800e+03	4.005e-01	3.645e-01	4.157e-01	3.198e-01	2.702e-01	3.502e-01	2.050e-01	1.757e-01	2.079e-01
6.900e+03	4.017e-01	3.648e-01	4.152e-01	3.202e-01	2.702e-01	3.502e-01	2.048e-01	1.745e-01	2.100e-01
7.000e+03	4.024e-01	3.664e-01	4.167e-01	3.205e-01	2.707e-01	3.471e-01	2.071e-01	1.767e-01	2.102e-01
7.100e+03	4.048e-01	3.655e-01	4.164e-01	3.229e-01	2.705e-01	3.448e-01	2.076e-01	1.757e-01	2.107e-01
7.200e+03	4.079e-01	3.660e-01	4.155e-01	3.221e-01	2.702e-01	3.438e-01	2.060e-01	1.745e-01	2.107e-01
7.300e+03	4.090e-01	3.669e-01	4.164e-01	3.221e-01	2.695e-01	3.424e-01	2.069e-01	1.757e-01	2.117e-01
7.400e+03	4.074e-01	3.679e-01	4.160e-01	3.221e-01	2.702e-01	3.421e-01	2.076e-01	1.760e-01	2.112e-01
7.500e+03	4.090e-01	3.710e-01	4.162e-01	3.217e-01	2.683e-01	3.417e-01	2.060e-01	1.738e-01	2.110e-01
7.600e+03	4.100e-01	3.710e-01	4.181e-01	3.240e-01	2.683e-01	3.405e-01	2.071e-01	1.733e-01	2.105e-01
7.700e+03	4.117e-01	3.714e-01	4.183e-01	3.240e-01	2.681e-01	3.400e-01	2.071e-01	1.740e-01	2.119e-01
7.800e+03	4.117e-01	3.726e-01	4.174e-01	3.240e-01	2.681e-01	3.393e-01	2.079e-01	1.738e-01	2.126e-01
7.900e+03	4.105e-01	3.745e-01	4.188e-01	3.245e-01	2.679e-01	3.395e-01	2.076e-01	1.755e-01	2.136e-01
8.000e+03	4.100e-01	3.745e-01	4.193e-01	3.248e-01	2.688e-01	3.393e-01	2.086e-01	1.767e-01	2.138e-01
8.100e+03	4.107e-01	3.752e-01	4.193e-01	3.264e-01	2.683e-01	3.393e-01	2.086e-01	1.776e-01	2.140e-01
8.200e+03	4.105e-01	3.755e-01	4.193e-01	3.252e-01	2.683e-01	3.400e-01	2.079e-01	1.779e-01	2.140e-01
8.300e+03	4.105e-01	3.750e-01	4.214e-01	3.238e-01	2.674e-01	3.402e-01	2.107e-01	1.798e-01	2.131e-01
8.400e+03	4.105e-01	3.760e-01	4.219e-01	3.236e-01	2.676e-01	3.395e-01	2.107e-01	1.798e-01	2.157e-01
8.500e+03	4.100e-01	3.769e-01	4.219e-01	3.214e-01	2.671e-01	3.395e-01	2.098e-01	1.817e-01	2.152e-01
8.600e+03	4.090e-01	3.774e-01	4.219e-01	3.214e-01	2.679e-01	3.395e-01	2.098e-01	1.821e-01	2.169e-01
8.700e+03	4.090e-01	3.781e-01	4.212e-01	3.195e-01	2.686e-01	3.381e-01	2.110e-01	1.810e-01	2.176e-01
8.800e+03	4.074e-01	3.771e-01	4.205e-01	3.188e-01	2.683e-01	3.386e-01	2.095e-01	1.814e-01	2.183e-01
8.900e+03	4.069e-01	3.755e-01	4.198e-01	3.157e-01	2.681e-01	3.369e-01	2.064e-01	1.814e-01	2.195e-01
9.000e+03	4.064e-01	3.752e-01	4.214e-01	3.124e-01	2.681e-01	3.350e-01	2.057e-01	1.807e-01	2.212e-01
9.100e+03	4.062e-01	3.767e-01	4.210e-01	3.121e-01	2.688e-01	3.350e-01	2.060e-01	1.829e-01	2.207e-01
9.200e+03	4.062e-01	3.757e-01	4.202e-01	3.110e-01	2.688e-01	3.350e-01	2.036e-01	1.826e-01	2.205e-01
9.300e+03	4.064e-01	3.767e-01	4.207e-01	3.079e-01	2.705e-01	3.348e-01	2.031e-01	1.798e-01	2.231e-01
9.400e+03	4.062e-01	3.760e-01	4.210e-01	3.043e-01	2.705e-01	3.352e-01	2.040e-01	1.788e-01	2.245e-01
9.500e+03	4.060e-01	3.755e-01	4.210e-01	3.014e-01	2.695e-01	3.352e-01	2.014e-01	1.781e-01	2.233e-01
9.600e+03	4.057e-01	3.752e-01	4.214e-01	3.002e-01	2.698e-01	3.352e-01	1.995e-01	1.795e-01	2.219e-01
9.700e+03	4.060e-01	3.748e-01	4.212e-01	2.995e-01	2.698e-01	3.371e-01	2.002e-01	1.812e-01	2.221e-01
9.800e+03	4.057e-01	3.736e-01	4.217e-01	2.990e-01	2.698e-01	3.405e-01	2.005e-01	1.824e-01	2.221e-01
9.900e+03	4.048e-01	3.729e-01	4.219e-01	2.981e-01	2.700e-01	3.398e-01	2.014e-01	1.826e-01	2.221e-01
1.000e+04	4.036e-01	3.729e-01	4.224e-01	2.948e-01	2.707e-01	3.395e-01	2.021e-01	1.829e-01	2.236e-01
1.010e+04	4.036e-01	3.729e-01	4.219e-01	2.940e-01	2.710e-01	3.407e-01	2.050e-01	1.840e-01	2.245e-01
1.020e+04	4.031e-01	3.729e-01	4.219e-01	2.919e-01	2.719e-01	3.405e-01	2.064e-01	1.840e-01	2.248e-01
1.030e+04	4.029e-01	3.729e-01	4.212e-01	2.898e-01	2.714e-01	3.405e-01	2.086e-01	1.840e-01	2.248e-01
1.040e+04	4.026e-01	3.721e-01	4.212e-01	2.900e-01	2.710e-01	3.410e-01	2.093e-01	1.848e-01	2.257e-01
1.050e+04	4.026e-01	3.721e-01	4.210e-01	2.910e-01	2.710e-01	3.424e-01	2.117e-01	1.852e-01	2.269e-01
1.060e+04	4.031e-01	3.714e-01	4.212e-01	2.921e-01	2.738e-01	3.421e-01	2.136e-01	1.864e-01	2.269e-01
1.070e+04	4.033e-01	3.702e-01	4.214e-01	2.919e-01	2.745e-01	3.419e-01	2.138e-01	1.879e-01	2.276e-01
1.080e+04	4.031e-01	3.686e-01	4.214e-01	2.919e-01	2.750e-01	3.414e-01	2.160e-01	1.876e-01	2.286e-01
1.090e+04	4.031e-01	3.688e-01	4.214e-01	2.919e-01	2.764e-01	3.424e-01	2.179e-01	1.871e-01	2.286e-01
1.100e+04	4.031e-01	3.686e-01	4.224e-01	2.926e-01	2.776e-01	3.436e-01	2.179e-01	1.862e-01	2.295e-01
1.110e+04	4.031e-01	3.686e-01	4.202e-01	2.924e-01	2.788e-01	3.436e-01	2.190e-01	1.850e-01	2.295e-01
1.120e+04	4.026e-01	3.664e-01	4.202e-01	2.931e-01	2.783e-01	3.436e-01	2.188e-01	1.836e-01	2.293e-01
1.130e+04	4.026e-01	3.657e-01	4.190e-01	2.921e-01	2.783e-01	3.421e-01	2.210e-01	1.845e-01	2.286e-01
1.140e+04	4.021e-01	3.652e-01	4.190e-01	2.921e-01	2.786e-01	3.426e-01	2.210e-01	1.852e-01	2.302e-01
1.150e+04	4.019e-01	3.657e-01	4.186e-01	2.924e-01	2.798e-01	3.424e-01	2.205e-01	1.867e-01	2.302e-01
1.160e+04	4.019e-01	3.660e-01	4.186e-01	2.948e-01	2.793e-01	3.457e-01	2.190e-01	1.886e-01	2.302e-01
1.170e+04	4.019e-01	3.643e-01	4.188e-01	2.940e-01	2.793e-01	3.457e-01	2.167e-01	1.888e-01	2.298e-01
1.180e+04	4.026e-01	3.643e-01	4.188e-01	2.940e-01	2.807e-01	3.467e-01	2.179e-01	1.888e-01	2.290e-01
1.190e+04	4.026e-01	3.638e-01	4.179e-01	2.933e-01	2.807e-01	3.474e-01	2.176e-01	1.900e-01	2.295e-01
1.200e+04	4.024e-01	3.638e-01	4.179e-01	2.933e-01	2.810e-01	3.474e-01	2.160e-01	1.890e-01	2.314e-01
1.210e+04	4.024e-01	3.638e-01	4.179e-01	2.917e-01	2.817e-01	3.471e-01	2.136e-01	1.888e-01	2.312e-01
1.220e+04	4.021e-01	3.638e-01	4.174e-01	2.907e-01	2.817e-01	3.467e-01	2.129e-01	1.883e-01	2.329e-01
1.230e+04	4.019e-01	3.638e-01	4.171e-01	2.900e-01	2.831e-01	3.467e-01	2.112e-01	1.879e-01	2.348e-01
1.240e+04	4.019e-01	3.640e-01	4.162e-01	2.914e-01	2.831e-01	3.481e-01	2.126e-01	1.874e-01	2.379e-01
1.250e+04	4.021e-01	3.640e-01	4.162e-01	2.919e-01	2.838e-01	3.483e-01	2.126e-01	1.874e-01	2.374e-01
1.260e+04	4.024e-01	3.640e-01	4.157e-01	2.914e-01	2.848e-01	3.483e-01	2.131e-01	1.874e-01	2.388e-01
1.270e+04	4.021e-01	3.645e-01	4.160e-01	2.924e-01	2.848e-01	3.488e-01	2.129e-01	1.864e-01	2.421e-01
1.280e+04	4.026e-01	3.645e-01	4.160e-01	2.938e-01	2.852e-01	3.488e-01	2.129e-01	1.869e-01	2.419e-01
1.290e+04	4.021e-01	3.648e-01	4.162e-01	2.955e-01	2.855e-01	3.490e-01	2.143e-01	1.867e-01	2.429e-01
1.300e+04	4.026e-01	3.657e-01	4.155e-01	2.962e-01	2.862e-01	3.490e-01	2.140e-01	1.857e-01	2.436e-01
1.310e+04	4.026e-01	3.657e-01	4.152e-01	2.952e-01	2.862e-01	3.495e-01	2.143e-01	1.860e-01	2.426e-01
1.320e+04	4.026e-01	3.657e-01	4.140e-01	2.974e-01	2.857e-01	3.495e-01	2.152e-01	1.879e-01	2.426e-01
1.330e+04	4.021e-01	3.662e-01	4.140e-01	2.983e-01	2.879e-01	3.495e-01	2.164e-01	1.869e-01	2.398e-01
1.340e+04	4.024e-01	3.669e-01	4.138e-01	3.002e-01	2.879e-01	3.495e-01	2.164e-01	1.862e-01	2.400e-01
1.350e+04	4.024e-01	3.669e-01	4.140e-01	3.057e-01	2.874e-01	3.502e-01	2.183e-01	1.860e-01	2.395e-01
1.360e+04	4.024e-01	3.674e-01	4.140e-01	3.060e-01	2.879e-01	3.502e-01	2.186e-01	1.864e-01	2.395e-01
1.370e+04	4.024e-01	3.674e-01	4.136e-01	3.060e-01	2.881e-01	3.502e-01	2.186e-01	1.862e-01	2.374e-01
1.380e+04	4.024e-01	3.688e-01	4.138e-01	3.093e-01	2.874e-01	3.507e-01	2.195e-01	1.867e-01	2.348e-01
1.390e+04	4.024e-01	3.688e-01	4.133e-01	3.105e-01	2.879e-01	3.500e-01	2.210e-01	1.855e-01	2.345e-01
1.400e+04	4.024e-01	3.693e-01	4.131e-01	3.105e-01	2.881e-01	3.500e-01	2.217e-01	1.860e-01	2.317e-01
1.410e+04	4.029e-01	3.693e-01	4.117e-01	3.117e-01	2.881e-01	3.507e-01	2.210e-01	1.855e-01	2.295e-01
1.420e+04	4.029e-01	3.695e-01	4.114e-01	3.124e-01	2.886e-01	3.517e-01	2.212e-01	1.852e-01	2.293e-01
1.430e+04	4.012e-01	3.705e-01	4.112e-01	3.131e-01	2.888e-01	3.529e-01	2.212e-01	1.855e-01	2.276e-01
1.440e+04	4.024e-01	3.710e-01	4.112e-01	3.143e-01	2.900e-01	3.529e-01	2.221e-01	1.843e-01	2.264e-01
1.450e+04	4.017e-01	3.714e-01	4.105e-01	3.167e-01	2.902e-01	3.529e-01	2.224e-01	1.840e-01	2.279e-01
1.460e+04	4.017e-01	3.731e-01	4.102e-01	3.167e-01	2.902e-01	3.543e-01	2.238e-01	1.845e-01	2.290e-01
1.470e+04	4.014e-01	3.731e-01	4.105e-01	3.179e-01	2.902e-01	3.550e-01	2.245e-01	1.838e-01	2.302e-01
1.480e+04	4.014e-01	3.733e-01	4.105e-01	3.188e-01	2.905e-01	3.548e-01	2.252e-01	1.843e-01	2.307e-01
1.490e+04	4.012e-01	3.733e-01	4.105e-01	3.219e-01	2.905e-01	3.557e-01	2.252e-01	1.855e-01	2.300e-01
1.500e+04	4.031e-01	3.745e-01	4.112e-01	3.231e-01	2.914e-01	3.555e-01	2.250e-01	1.869e-01	2.302e-01
1.510e+04	4.017e-01	3.748e-01	4.112e-01	3.267e-01	2.919e-01	3.543e-01	2.245e-01	1.860e-01	2.319e-01
1.520e+04	4.012e-01	3.779e-01	4.112e-01	3.274e-01	2.910e-01	3.540e-01	2.245e-01	1.852e-01	2.329e-01
1.530e+04	4.012e-01	3.779e-01	4.107e-01	3.312e-01	2.914e-01	3.540e-01	2.252e-01	1.845e-01	2.336e-01
1.540e+04	4.026e-01	3.779e-01	4.112e-01	3.324e-01	2.917e-01	3.538e-01	2.255e-01	1.852e-01	2.338e-01
1.550e+04	4.026e-01	3.774e-01	4.112e-01	3.333e-01	2.917e-01	3.538e-01	2.252e-01	1.843e-01	2.348e-01
1.560e+04	4.031e-01	3.774e-01	4.110e-01	3.333e-01	2.907e-01	3.543e-01	2.257e-01	1.860e-01	2.360e-01
1.570e+04	4.031e-01	3.783e-01	4.110e-01	3.355e-01	2.898e-01	3.536e-01	2.250e-01	1.869e-01	2.360e-01
1.580e+04	4.048e-01	3.788e-01	4.110e-01	3.369e-01	2.895e-01	3.536e-01	2.243e-01	1.888e-01	2.367e-01
1.590e+04	4.040e-01	3.788e-01	4.110e-01	3.383e-01	2.893e-01	3.536e-01	2.238e-01	1.902e-01	2.376e-01
1.600e+04	4.040e-01	3.790e-01	4.110e-01	3.383e-01	2.883e-01	3.548e-01	2.243e-01	1.914e-01	2.374e-01
1.610e+04	4.050e-01	3.793e-01	4.100e-01	3.369e-01	2.888e-01	3.548e-01	2.245e-01	1.921e-01	2.374e-01
1.620e+04	4.052e-01	3.800e-01	4.100e-01	3.371e-01	2.893e-01	3.545e-01	2.245e-01	1.926e-01	2.383e-01
1.630e+04	4.057e-01	3.800e-01	4.124e-01	3.357e-01	2.893e-01	3.552e-01	2.250e-01	1.929e-01	2.398e-01
1.640e+04	4.057e-01	3.800e-01	4.124e-01	3.355e-01	2.893e-01	3.576e-01	2.250e-01	1.933e-01	2.398e-01
1.650e+04	4.060e-01	3.807e-01	4.121e-01	3.357e-01	2.893e-01	3.576e-01	2.255e-01	1.945e-01	2.400e-01
1.660e+04	4.060e-01	3.807e-01	4.117e-01	3.357e-01	2.898e-01	3.586e-01	2.267e-01	1.948e-01	2.410e-01
1.670e+04	4.067e-01	3.807e-01	4.112e-01	3.357e-01	2.895e-01	3.579e-01	2.267e-01	1.950e-01	2.410e-01
1.680e+04	4.067e-01	3.812e-01	4.119e-01	3.364e-01	2.886e-01	3.586e-01	2.267e-01	1.952e-01	2.414e-01
1.690e+04	4.069e-01	3.812e-01	4.119e-01	3.362e-01	2.867e-01	3.576e-01	2.269e-01	1.969e-01	2.414e-01
1.700e+04	4.064e-01	3.810e-01	4.131e-01	3.367e-01	2.867e-01	3.595e-01	2.269e-01	1.967e-01	2.419e-01
1.710e+04	4.069e-01	3.812e-01	4.131e-01	3.367e-01	2.864e-01	3.595e-01	2.271e-01	1.964e-01	2.426e-01
1.720e+04	4.064e-01	3.805e-01	4.136e-01	3.357e-01	2.864e-01	3.600e-01	2.271e-01	1.955e-01	2.426e-01
1.730e+04	4.062e-01	3.817e-01	4.136e-01	3.367e-01	2.867e-01	3.598e-01	2.274e-01	1.962e-01	2.421e-01
1.740e+04	4.062e-01	3.831e-01	4.136e-01	3.362e-01	2.867e-01	3.600e-01	2.269e-01	1.960e-01	2.419e-01
1.750e+04	4.062e-01	3.831e-01	4.138e-01	3.343e-01	2.862e-01	3.598e-01	2.269e-01	1.960e-01	2.424e-01
1.760e+04	4.062e-01	3.831e-01	4.138e-01	3.343e-01	2.852e-01	3.600e-01	2.269e-01	1.960e-01	2.426e-01
1.770e+04	4.074e-01	3.836e-01	4.138e-01	3.345e-01	2.838e-01	3.614e-01	2.269e-01	1.962e-01	2.429e-01
1.780e+04	4.079e-01	3.836e-01	4.138e-01	3.345e-01	2.836e-01	3.617e-01	2.274e-01	1.981e-01	2.433e-01
1.790e+04	4.081e-01	3.840e-01	4.150e-01	3.345e-01	2.829e-01	3.617e-01	2.279e-01	1.988e-01	2.421e-01
1.800e+04	4.081e-01	3.845e-01	4.167e-01	3.343e-01	2.833e-01	3.619e-01	2.274e-01	1.988e-01	2.424e-01
1.810e+04	4.071e-01	3.845e-01	4.167e-01	3.338e-01	2.833e-01	3.602e-01	2.283e-01	1.988e-01	2.426e-01
1.820e+04	4.076e-01	3.848e-01	4.186e-01	3.338e-01	2.833e-01	3.610e-01	2.286e-01	1.995e-01	2.438e-01
1.830e+04	4.076e-01	3.850e-01	4.190e-01	3.331e-01	2.838e-01	3.614e-01	2.286e-01	1.995e-01	2.440e-01
1.840e+04	4.083e-01	3.857e-01	4.190e-01	3.319e-01	2.836e-01	3.617e-01	2.286e-01	2.002e-01	2.440e-01
1.850e+04	4.088e-01	3.869e-01	4.190e-01	3.305e-01	2.845e-01	3.624e-01	2.286e-01	2.002e-01	2.440e-01
1.860e+04	4.083e-01	3.883e-01	4.190e-01	3.300e-01	2.843e-01	3.629e-01	2.286e-01	2.007e-01	2.433e-01
1.870e+04	4.083e-01	3.883e-01	4.190e-01	3.300e-01	2.838e-01	3.629e-01	2.286e-01	2.014e-01	2.445e-01
1.880e+04	4.083e-01	3.883e-01	4.186e-01	3.305e-01	2.833e-01	3.619e-01	2.288e-01	2.024e-01	2.460e-01
1.890e+04	4.083e-01	3.883e-01	4.186e-01	3.302e-01	2.824e-01	3.626e-01	2.286e-01	2.014e-01	2.469e-01
1.900e+04	4.083e-01	3.886e-01	4.186e-01	3.295e-01	2.826e-01	3.626e-01	2.288e-01	2.021e-01	2.488e-01
1.910e+04	4.083e-01	3.886e-01	4.186e-01	3.295e-01	2.826e-01	3.631e-01	2.288e-01	2.031e-01	2.490e-01
1.920e+04	4.083e-01	3.886e-01	4.169e-01	3.295e-01	2.824e-01	3.631e-01	2.288e-01	2.031e-01	2.502e-01
1.930e+04	4.076e-01	3.890e-01	4.169e-01	3.298e-01	2.819e-01	3.619e-01	2.286e-01	2.029e-01	2.507e-01
1.940e+04	4.076e-01	3.890e-01	4.174e-01	3.298e-01	2.819e-01	3.621e-01	2.286e-01	2.029e-01	2.505e-01
1.950e+04	4.076e-01	3.890e-01	4.174e-01	3.295e-01	2.814e-01	3.629e-01	2.286e-01	2.036e-01	2.505e-01
1.960e+04	4.076e-01	3.890e-01	4.174e-01	3.300e-01	2.810e-01	3.626e-01	2.283e-01	2.040e-01	2.505e-01
1.970e+04	4.076e-01	3.900e-01	4.171e-01	3.286e-01	2.814e-01	3.633e-01	2.283e-01	2.052e-01	2.507e-01
1.980e+04	4.076e-01	3.902e-01	4.171e-01	3.283e-01	2.817e-01	3.643e-01	2.279e-01	2.052e-01	2.505e-01
1.990e+04	4.071e-01	3.902e-01	4.164e-01	3.290e-01	2.826e-01	3.650e-01	2.279e-01	2.062e-01	2.502e-01
2.000e+04	4.074e-01	3.895e-01	4.167e-01	3.288e-01	2.831e-01	3.655e-01	2.281e-01	2.062e-01	2.505e-01
