n.evals.q.1.0.	_.locomotion.hilly.5.0.75.ga.epistasis.0.5.all.each.global.epistasis.avg	_.locomotion.hilly.5.0.75.ga.epistasis.0.5.all.each.global.epistasis.avg.min	_.locomotion.hilly.5.0.75.ga.epistasis.0.5.all.each.global.epistasis.avg.max	_.locomotion.hilly.5.0.75.ga.epistasis.1.0.all.each.global.epistasis.avg	_.locomotion.hilly.5.0.75.ga.epistasis.1.0.all.each.global.epistasis.avg.min	_.locomotion.hilly.5.0.75.ga.epistasis.1.0.all.each.global.epistasis.avg.max	_.locomotion.hilly.5.0.75.ga.epistasis.2.0.all.each.global.epistasis.avg	_.locomotion.hilly.5.0.75.ga.epistasis.2.0.all.each.global.epistasis.avg.min	_.locomotion.hilly.5.0.75.ga.epistasis.2.0.all.each.global.epistasis.avg.max
1.000e+02	5.731e-01	5.715e-01	5.742e-01	3.692e-01	3.638e-01	3.696e-01	2.127e-01	2.100e-01	2.148e-01
2.000e+02	5.732e-01	5.712e-01	5.756e-01	3.671e-01	3.662e-01	3.718e-01	2.146e-01	2.120e-01	2.179e-01
3.000e+02	5.733e-01	5.723e-01	5.756e-01	3.696e-01	3.669e-01	3.717e-01	2.142e-01	2.123e-01	2.173e-01
4.000e+02	5.739e-01	5.720e-01	5.752e-01	3.696e-01	3.671e-01	3.714e-01	2.170e-01	2.121e-01	2.188e-01
5.000e+02	5.748e-01	5.721e-01	5.757e-01	3.698e-01	3.674e-01	3.712e-01	2.149e-01	2.108e-01	2.168e-01
6.000e+02	5.750e-01	5.731e-01	5.752e-01	3.707e-01	3.681e-01	3.725e-01	2.162e-01	2.117e-01	2.173e-01
7.000e+02	5.750e-01	5.738e-01	5.752e-01	3.706e-01	3.667e-01	3.717e-01	2.167e-01	2.104e-01	2.182e-01
8.000e+02	5.750e-01	5.727e-01	5.761e-01	3.706e-01	3.662e-01	3.713e-01	2.161e-01	2.105e-01	2.176e-01
9.000e+02	5.756e-01	5.725e-01	5.760e-01	3.693e-01	3.654e-01	3.735e-01	2.162e-01	2.099e-01	2.196e-01
1.000e+03	5.744e-01	5.721e-01	5.758e-01	3.700e-01	3.670e-01	3.713e-01	2.154e-01	2.098e-01	2.201e-01
1.100e+03	5.750e-01	5.724e-01	5.765e-01	3.696e-01	3.676e-01	3.719e-01	2.152e-01	2.110e-01	2.202e-01
1.200e+03	5.746e-01	5.723e-01	5.768e-01	3.708e-01	3.685e-01	3.719e-01	2.175e-01	2.132e-01	2.194e-01
1.300e+03	5.738e-01	5.729e-01	5.761e-01	3.713e-01	3.683e-01	3.720e-01	2.158e-01	2.142e-01	2.204e-01
1.400e+03	5.744e-01	5.724e-01	5.751e-01	3.725e-01	3.689e-01	3.745e-01	2.155e-01	2.120e-01	2.188e-01
1.500e+03	5.742e-01	5.730e-01	5.767e-01	3.727e-01	3.698e-01	3.762e-01	2.170e-01	2.126e-01	2.198e-01
1.600e+03	5.739e-01	5.729e-01	5.757e-01	3.724e-01	3.712e-01	3.752e-01	2.185e-01	2.135e-01	2.200e-01
1.700e+03	5.738e-01	5.724e-01	5.746e-01	3.731e-01	3.719e-01	3.740e-01	2.176e-01	2.131e-01	2.204e-01
1.800e+03	5.733e-01	5.720e-01	5.751e-01	3.745e-01	3.711e-01	3.762e-01	2.176e-01	2.144e-01	2.204e-01
1.900e+03	5.736e-01	5.718e-01	5.750e-01	3.751e-01	3.711e-01	3.761e-01	2.164e-01	2.143e-01	2.193e-01
2.000e+03	5.729e-01	5.721e-01	5.745e-01	3.726e-01	3.714e-01	3.767e-01	2.168e-01	2.144e-01	2.189e-01
2.100e+03	5.737e-01	5.724e-01	5.755e-01	3.727e-01	3.708e-01	3.774e-01	2.176e-01	2.156e-01	2.208e-01
2.200e+03	5.731e-01	5.713e-01	5.754e-01	3.732e-01	3.706e-01	3.757e-01	2.194e-01	2.156e-01	2.208e-01
2.300e+03	5.743e-01	5.704e-01	5.754e-01	3.731e-01	3.692e-01	3.758e-01	2.190e-01	2.157e-01	2.213e-01
2.400e+03	5.739e-01	5.698e-01	5.768e-01	3.737e-01	3.692e-01	3.754e-01	2.182e-01	2.160e-01	2.226e-01
2.500e+03	5.736e-01	5.696e-01	5.770e-01	3.738e-01	3.695e-01	3.757e-01	2.186e-01	2.154e-01	2.229e-01
2.600e+03	5.738e-01	5.696e-01	5.780e-01	3.737e-01	3.711e-01	3.781e-01	2.188e-01	2.152e-01	2.218e-01
2.700e+03	5.731e-01	5.699e-01	5.785e-01	3.749e-01	3.690e-01	3.761e-01	2.201e-01	2.169e-01	2.217e-01
2.800e+03	5.733e-01	5.701e-01	5.785e-01	3.748e-01	3.680e-01	3.757e-01	2.217e-01	2.163e-01	2.231e-01
2.900e+03	5.736e-01	5.700e-01	5.782e-01	3.760e-01	3.688e-01	3.774e-01	2.230e-01	2.155e-01	2.248e-01
3.000e+03	5.744e-01	5.708e-01	5.781e-01	3.760e-01	3.677e-01	3.771e-01	2.237e-01	2.150e-01	2.252e-01
3.100e+03	5.738e-01	5.708e-01	5.789e-01	3.762e-01	3.671e-01	3.768e-01	2.227e-01	2.163e-01	2.271e-01
3.200e+03	5.739e-01	5.706e-01	5.800e-01	3.746e-01	3.673e-01	3.780e-01	2.239e-01	2.161e-01	2.283e-01
3.300e+03	5.745e-01	5.702e-01	5.801e-01	3.732e-01	3.663e-01	3.781e-01	2.260e-01	2.155e-01	2.293e-01
3.400e+03	5.748e-01	5.695e-01	5.806e-01	3.717e-01	3.667e-01	3.780e-01	2.264e-01	2.163e-01	2.305e-01
3.500e+03	5.744e-01	5.702e-01	5.812e-01	3.713e-01	3.680e-01	3.777e-01	2.281e-01	2.133e-01	2.302e-01
3.600e+03	5.744e-01	5.696e-01	5.814e-01	3.726e-01	3.668e-01	3.788e-01	2.275e-01	2.135e-01	2.310e-01
3.700e+03	5.745e-01	5.694e-01	5.811e-01	3.718e-01	3.663e-01	3.790e-01	2.282e-01	2.137e-01	2.312e-01
3.800e+03	5.749e-01	5.698e-01	5.806e-01	3.702e-01	3.660e-01	3.783e-01	2.304e-01	2.124e-01	2.312e-01
3.900e+03	5.752e-01	5.693e-01	5.805e-01	3.695e-01	3.662e-01	3.811e-01	2.290e-01	2.133e-01	2.330e-01
4.000e+03	5.756e-01	5.694e-01	5.810e-01	3.676e-01	3.664e-01	3.827e-01	2.288e-01	2.131e-01	2.338e-01
4.100e+03	5.761e-01	5.694e-01	5.813e-01	3.686e-01	3.661e-01	3.827e-01	2.289e-01	2.148e-01	2.342e-01
4.200e+03	5.757e-01	5.692e-01	5.813e-01	3.676e-01	3.669e-01	3.827e-01	2.295e-01	2.144e-01	2.387e-01
4.300e+03	5.754e-01	5.696e-01	5.815e-01	3.675e-01	3.668e-01	3.832e-01	2.296e-01	2.151e-01	2.412e-01
4.400e+03	5.756e-01	5.710e-01	5.825e-01	3.685e-01	3.658e-01	3.840e-01	2.307e-01	2.145e-01	2.435e-01
4.500e+03	5.755e-01	5.713e-01	5.819e-01	3.692e-01	3.651e-01	3.843e-01	2.299e-01	2.135e-01	2.473e-01
4.600e+03	5.755e-01	5.705e-01	5.823e-01	3.701e-01	3.640e-01	3.855e-01	2.305e-01	2.129e-01	2.520e-01
4.700e+03	5.752e-01	5.713e-01	5.824e-01	3.702e-01	3.619e-01	3.861e-01	2.306e-01	2.127e-01	2.542e-01
4.800e+03	5.756e-01	5.717e-01	5.823e-01	3.690e-01	3.617e-01	3.867e-01	2.311e-01	2.129e-01	2.540e-01
4.900e+03	5.752e-01	5.719e-01	5.823e-01	3.700e-01	3.635e-01	3.874e-01	2.337e-01	2.154e-01	2.554e-01
5.000e+03	5.748e-01	5.712e-01	5.824e-01	3.707e-01	3.650e-01	3.882e-01	2.339e-01	2.169e-01	2.558e-01
5.100e+03	5.746e-01	5.704e-01	5.820e-01	3.707e-01	3.649e-01	3.885e-01	2.340e-01	2.185e-01	2.558e-01
5.200e+03	5.755e-01	5.692e-01	5.820e-01	3.705e-01	3.650e-01	3.880e-01	2.346e-01	2.198e-01	2.568e-01
5.300e+03	5.758e-01	5.685e-01	5.820e-01	3.720e-01	3.655e-01	3.880e-01	2.354e-01	2.226e-01	2.575e-01
5.400e+03	5.764e-01	5.687e-01	5.819e-01	3.724e-01	3.655e-01	3.886e-01	2.355e-01	2.262e-01	2.588e-01
5.500e+03	5.764e-01	5.689e-01	5.824e-01	3.723e-01	3.657e-01	3.886e-01	2.368e-01	2.270e-01	2.589e-01
5.600e+03	5.767e-01	5.693e-01	5.826e-01	3.725e-01	3.663e-01	3.889e-01	2.373e-01	2.276e-01	2.595e-01
5.700e+03	5.763e-01	5.698e-01	5.833e-01	3.735e-01	3.668e-01	3.892e-01	2.371e-01	2.281e-01	2.593e-01
5.800e+03	5.769e-01	5.699e-01	5.839e-01	3.740e-01	3.671e-01	3.893e-01	2.386e-01	2.289e-01	2.605e-01
5.900e+03	5.773e-01	5.695e-01	5.843e-01	3.742e-01	3.676e-01	3.890e-01	2.398e-01	2.288e-01	2.602e-01
6.000e+03	5.773e-01	5.699e-01	5.845e-01	3.737e-01	3.670e-01	3.892e-01	2.401e-01	2.298e-01	2.598e-01
6.100e+03	5.774e-01	5.701e-01	5.848e-01	3.730e-01	3.674e-01	3.883e-01	2.401e-01	2.292e-01	2.605e-01
6.200e+03	5.781e-01	5.681e-01	5.846e-01	3.737e-01	3.669e-01	3.882e-01	2.402e-01	2.286e-01	2.611e-01
6.300e+03	5.782e-01	5.675e-01	5.854e-01	3.735e-01	3.671e-01	3.870e-01	2.415e-01	2.292e-01	2.620e-01
6.400e+03	5.787e-01	5.670e-01	5.857e-01	3.736e-01	3.661e-01	3.865e-01	2.436e-01	2.306e-01	2.610e-01
6.500e+03	5.793e-01	5.662e-01	5.867e-01	3.743e-01	3.651e-01	3.862e-01	2.457e-01	2.313e-01	2.613e-01
6.600e+03	5.787e-01	5.658e-01	5.871e-01	3.745e-01	3.650e-01	3.860e-01	2.451e-01	2.324e-01	2.613e-01
6.700e+03	5.795e-01	5.654e-01	5.873e-01	3.740e-01	3.657e-01	3.857e-01	2.452e-01	2.320e-01	2.620e-01
6.800e+03	5.795e-01	5.649e-01	5.873e-01	3.730e-01	3.665e-01	3.861e-01	2.457e-01	2.313e-01	2.639e-01
6.900e+03	5.807e-01	5.639e-01	5.879e-01	3.721e-01	3.664e-01	3.855e-01	2.454e-01	2.324e-01	2.638e-01
7.000e+03	5.811e-01	5.635e-01	5.879e-01	3.718e-01	3.663e-01	3.850e-01	2.463e-01	2.336e-01	2.683e-01
7.100e+03	5.812e-01	5.637e-01	5.879e-01	3.723e-01	3.645e-01	3.854e-01	2.474e-01	2.342e-01	2.718e-01
7.200e+03	5.815e-01	5.635e-01	5.883e-01	3.714e-01	3.639e-01	3.845e-01	2.486e-01	2.345e-01	2.720e-01
7.300e+03	5.820e-01	5.633e-01	5.886e-01	3.714e-01	3.637e-01	3.842e-01	2.483e-01	2.348e-01	2.727e-01
7.400e+03	5.824e-01	5.635e-01	5.887e-01	3.717e-01	3.635e-01	3.831e-01	2.498e-01	2.354e-01	2.732e-01
7.500e+03	5.832e-01	5.637e-01	5.888e-01	3.715e-01	3.637e-01	3.830e-01	2.504e-01	2.363e-01	2.732e-01
7.600e+03	5.833e-01	5.637e-01	5.889e-01	3.720e-01	3.638e-01	3.830e-01	2.514e-01	2.367e-01	2.732e-01
7.700e+03	5.832e-01	5.638e-01	5.889e-01	3.723e-01	3.642e-01	3.824e-01	2.521e-01	2.370e-01	2.733e-01
7.800e+03	5.835e-01	5.640e-01	5.893e-01	3.727e-01	3.644e-01	3.812e-01	2.513e-01	2.376e-01	2.739e-01
7.900e+03	5.838e-01	5.637e-01	5.894e-01	3.724e-01	3.648e-01	3.812e-01	2.529e-01	2.377e-01	2.738e-01
8.000e+03	5.839e-01	5.638e-01	5.893e-01	3.727e-01	3.645e-01	3.811e-01	2.537e-01	2.382e-01	2.737e-01
8.100e+03	5.843e-01	5.642e-01	5.893e-01	3.731e-01	3.646e-01	3.823e-01	2.551e-01	2.377e-01	2.752e-01
8.200e+03	5.839e-01	5.645e-01	5.894e-01	3.737e-01	3.648e-01	3.829e-01	2.558e-01	2.383e-01	2.752e-01
8.300e+03	5.840e-01	5.649e-01	5.895e-01	3.742e-01	3.652e-01	3.837e-01	2.554e-01	2.389e-01	2.750e-01
8.400e+03	5.843e-01	5.646e-01	5.896e-01	3.742e-01	3.652e-01	3.839e-01	2.561e-01	2.389e-01	2.750e-01
8.500e+03	5.843e-01	5.646e-01	5.899e-01	3.752e-01	3.648e-01	3.852e-01	2.565e-01	2.381e-01	2.750e-01
8.600e+03	5.843e-01	5.646e-01	5.901e-01	3.757e-01	3.648e-01	3.855e-01	2.564e-01	2.385e-01	2.754e-01
8.700e+03	5.844e-01	5.646e-01	5.900e-01	3.767e-01	3.650e-01	3.887e-01	2.569e-01	2.385e-01	2.755e-01
8.800e+03	5.846e-01	5.644e-01	5.900e-01	3.768e-01	3.648e-01	3.888e-01	2.580e-01	2.390e-01	2.749e-01
8.900e+03	5.848e-01	5.645e-01	5.904e-01	3.768e-01	3.646e-01	3.896e-01	2.590e-01	2.390e-01	2.731e-01
9.000e+03	5.852e-01	5.644e-01	5.901e-01	3.770e-01	3.657e-01	3.912e-01	2.595e-01	2.394e-01	2.725e-01
9.100e+03	5.851e-01	5.645e-01	5.904e-01	3.792e-01	3.663e-01	3.914e-01	2.595e-01	2.396e-01	2.736e-01
9.200e+03	5.850e-01	5.645e-01	5.901e-01	3.794e-01	3.661e-01	3.921e-01	2.594e-01	2.399e-01	2.736e-01
9.300e+03	5.850e-01	5.645e-01	5.899e-01	3.806e-01	3.661e-01	3.930e-01	2.602e-01	2.404e-01	2.744e-01
9.400e+03	5.855e-01	5.646e-01	5.898e-01	3.806e-01	3.663e-01	3.932e-01	2.613e-01	2.414e-01	2.736e-01
9.500e+03	5.858e-01	5.646e-01	5.899e-01	3.817e-01	3.661e-01	3.933e-01	2.617e-01	2.420e-01	2.739e-01
9.600e+03	5.858e-01	5.648e-01	5.898e-01	3.837e-01	3.679e-01	3.937e-01	2.614e-01	2.419e-01	2.739e-01
9.700e+03	5.860e-01	5.648e-01	5.896e-01	3.850e-01	3.682e-01	3.937e-01	2.611e-01	2.404e-01	2.752e-01
9.800e+03	5.861e-01	5.648e-01	5.898e-01	3.862e-01	3.686e-01	3.955e-01	2.611e-01	2.405e-01	2.745e-01
9.900e+03	5.857e-01	5.645e-01	5.898e-01	3.860e-01	3.687e-01	3.983e-01	2.606e-01	2.411e-01	2.744e-01
1.000e+04	5.857e-01	5.648e-01	5.898e-01	3.860e-01	3.687e-01	3.990e-01	2.605e-01	2.408e-01	2.742e-01
1.010e+04	5.858e-01	5.648e-01	5.899e-01	3.858e-01	3.687e-01	3.989e-01	2.606e-01	2.405e-01	2.748e-01
1.020e+04	5.861e-01	5.648e-01	5.899e-01	3.861e-01	3.689e-01	3.993e-01	2.612e-01	2.396e-01	2.746e-01
1.030e+04	5.858e-01	5.648e-01	5.898e-01	3.865e-01	3.688e-01	3.994e-01	2.612e-01	2.399e-01	2.731e-01
1.040e+04	5.858e-01	5.648e-01	5.898e-01	3.861e-01	3.688e-01	3.998e-01	2.626e-01	2.399e-01	2.718e-01
1.050e+04	5.860e-01	5.648e-01	5.901e-01	3.867e-01	3.685e-01	4.000e-01	2.636e-01	2.388e-01	2.683e-01
1.060e+04	5.860e-01	5.648e-01	5.905e-01	3.880e-01	3.676e-01	4.010e-01	2.650e-01	2.377e-01	2.664e-01
1.070e+04	5.862e-01	5.648e-01	5.904e-01	3.880e-01	3.674e-01	4.011e-01	2.660e-01	2.393e-01	2.665e-01
1.080e+04	5.862e-01	5.648e-01	5.904e-01	3.880e-01	3.665e-01	4.014e-01	2.656e-01	2.393e-01	2.664e-01
1.090e+04	5.863e-01	5.646e-01	5.902e-01	3.890e-01	3.660e-01	4.021e-01	2.635e-01	2.392e-01	2.669e-01
1.100e+04	5.863e-01	5.649e-01	5.904e-01	3.889e-01	3.649e-01	4.024e-01	2.632e-01	2.388e-01	2.679e-01
1.110e+04	5.863e-01	5.649e-01	5.902e-01	3.898e-01	3.643e-01	4.017e-01	2.604e-01	2.388e-01	2.679e-01
1.120e+04	5.863e-01	5.649e-01	5.901e-01	3.900e-01	3.636e-01	4.012e-01	2.596e-01	2.380e-01	2.683e-01
1.130e+04	5.863e-01	5.650e-01	5.904e-01	3.905e-01	3.638e-01	4.015e-01	2.580e-01	2.382e-01	2.700e-01
1.140e+04	5.864e-01	5.651e-01	5.904e-01	3.905e-01	3.635e-01	4.026e-01	2.568e-01	2.371e-01	2.699e-01
1.150e+04	5.864e-01	5.654e-01	5.905e-01	3.913e-01	3.630e-01	4.031e-01	2.558e-01	2.374e-01	2.682e-01
1.160e+04	5.863e-01	5.652e-01	5.905e-01	3.924e-01	3.623e-01	4.031e-01	2.557e-01	2.368e-01	2.683e-01
1.170e+04	5.862e-01	5.652e-01	5.907e-01	3.920e-01	3.619e-01	4.033e-01	2.557e-01	2.361e-01	2.683e-01
1.180e+04	5.863e-01	5.652e-01	5.907e-01	3.930e-01	3.613e-01	4.038e-01	2.556e-01	2.352e-01	2.683e-01
1.190e+04	5.863e-01	5.651e-01	5.911e-01	3.927e-01	3.614e-01	4.040e-01	2.562e-01	2.352e-01	2.707e-01
1.200e+04	5.863e-01	5.650e-01	5.911e-01	3.930e-01	3.613e-01	4.042e-01	2.574e-01	2.350e-01	2.696e-01
1.210e+04	5.863e-01	5.650e-01	5.911e-01	3.938e-01	3.607e-01	4.035e-01	2.577e-01	2.345e-01	2.702e-01
1.220e+04	5.863e-01	5.650e-01	5.913e-01	3.942e-01	3.631e-01	4.029e-01	2.581e-01	2.343e-01	2.702e-01
1.230e+04	5.867e-01	5.644e-01	5.915e-01	3.942e-01	3.664e-01	4.029e-01	2.564e-01	2.332e-01	2.706e-01
1.240e+04	5.867e-01	5.645e-01	5.920e-01	3.943e-01	3.663e-01	4.025e-01	2.546e-01	2.327e-01	2.715e-01
1.250e+04	5.868e-01	5.645e-01	5.924e-01	3.945e-01	3.661e-01	4.027e-01	2.543e-01	2.330e-01	2.720e-01
1.260e+04	5.870e-01	5.645e-01	5.925e-01	3.942e-01	3.661e-01	4.035e-01	2.531e-01	2.311e-01	2.729e-01
1.270e+04	5.875e-01	5.645e-01	5.925e-01	3.951e-01	3.656e-01	4.043e-01	2.517e-01	2.301e-01	2.733e-01
1.280e+04	5.876e-01	5.646e-01	5.926e-01	3.955e-01	3.662e-01	4.044e-01	2.510e-01	2.287e-01	2.738e-01
1.290e+04	5.876e-01	5.646e-01	5.926e-01	3.958e-01	3.664e-01	4.042e-01	2.499e-01	2.285e-01	2.737e-01
1.300e+04	5.877e-01	5.646e-01	5.929e-01	3.976e-01	3.667e-01	4.042e-01	2.502e-01	2.286e-01	2.733e-01
1.310e+04	5.877e-01	5.645e-01	5.929e-01	3.976e-01	3.680e-01	4.042e-01	2.482e-01	2.287e-01	2.733e-01
1.320e+04	5.877e-01	5.648e-01	5.932e-01	4.001e-01	3.704e-01	4.042e-01	2.468e-01	2.288e-01	2.756e-01
1.330e+04	5.879e-01	5.648e-01	5.933e-01	4.006e-01	3.718e-01	4.040e-01	2.473e-01	2.269e-01	2.760e-01
1.340e+04	5.879e-01	5.646e-01	5.936e-01	4.011e-01	3.723e-01	4.042e-01	2.461e-01	2.270e-01	2.767e-01
1.350e+04	5.879e-01	5.646e-01	5.937e-01	4.021e-01	3.736e-01	4.048e-01	2.433e-01	2.273e-01	2.767e-01
1.360e+04	5.879e-01	5.646e-01	5.937e-01	4.030e-01	3.736e-01	4.048e-01	2.445e-01	2.271e-01	2.779e-01
1.370e+04	5.877e-01	5.646e-01	5.938e-01	4.030e-01	3.736e-01	4.051e-01	2.426e-01	2.271e-01	2.774e-01
1.380e+04	5.881e-01	5.644e-01	5.939e-01	4.040e-01	3.762e-01	4.063e-01	2.424e-01	2.255e-01	2.776e-01
1.390e+04	5.881e-01	5.642e-01	5.939e-01	4.043e-01	3.771e-01	4.065e-01	2.424e-01	2.255e-01	2.768e-01
1.400e+04	5.882e-01	5.642e-01	5.944e-01	4.052e-01	3.771e-01	4.063e-01	2.415e-01	2.250e-01	2.761e-01
1.410e+04	5.882e-01	5.642e-01	5.944e-01	4.051e-01	3.788e-01	4.064e-01	2.414e-01	2.255e-01	2.748e-01
1.420e+04	5.883e-01	5.642e-01	5.944e-01	4.054e-01	3.792e-01	4.074e-01	2.406e-01	2.256e-01	2.746e-01
1.430e+04	5.883e-01	5.640e-01	5.945e-01	4.054e-01	3.793e-01	4.074e-01	2.406e-01	2.256e-01	2.718e-01
1.440e+04	5.883e-01	5.640e-01	5.950e-01	4.057e-01	3.796e-01	4.079e-01	2.400e-01	2.258e-01	2.704e-01
1.450e+04	5.883e-01	5.642e-01	5.951e-01	4.063e-01	3.808e-01	4.083e-01	2.404e-01	2.258e-01	2.693e-01
1.460e+04	5.885e-01	5.640e-01	5.956e-01	4.070e-01	3.808e-01	4.086e-01	2.406e-01	2.258e-01	2.677e-01
1.470e+04	5.885e-01	5.640e-01	5.958e-01	4.071e-01	3.815e-01	4.094e-01	2.411e-01	2.262e-01	2.661e-01
1.480e+04	5.886e-01	5.640e-01	5.958e-01	4.070e-01	3.825e-01	4.090e-01	2.414e-01	2.262e-01	2.664e-01
1.490e+04	5.886e-01	5.643e-01	5.958e-01	4.071e-01	3.835e-01	4.089e-01	2.433e-01	2.271e-01	2.667e-01
1.500e+04	5.886e-01	5.644e-01	5.957e-01	4.069e-01	3.842e-01	4.104e-01	2.433e-01	2.271e-01	2.652e-01
1.510e+04	5.885e-01	5.648e-01	5.958e-01	4.076e-01	3.851e-01	4.106e-01	2.455e-01	2.271e-01	2.624e-01
1.520e+04	5.886e-01	5.648e-01	5.958e-01	4.076e-01	3.857e-01	4.113e-01	2.446e-01	2.283e-01	2.620e-01
1.530e+04	5.889e-01	5.644e-01	5.961e-01	4.077e-01	3.867e-01	4.118e-01	2.443e-01	2.285e-01	2.618e-01
1.540e+04	5.890e-01	5.643e-01	5.961e-01	4.081e-01	3.876e-01	4.117e-01	2.448e-01	2.289e-01	2.617e-01
1.550e+04	5.888e-01	5.643e-01	5.962e-01	4.082e-01	3.876e-01	4.127e-01	2.465e-01	2.292e-01	2.617e-01
1.560e+04	5.889e-01	5.643e-01	5.965e-01	4.085e-01	3.880e-01	4.132e-01	2.479e-01	2.305e-01	2.617e-01
1.570e+04	5.889e-01	5.643e-01	5.973e-01	4.087e-01	3.889e-01	4.143e-01	2.492e-01	2.305e-01	2.618e-01
1.580e+04	5.888e-01	5.643e-01	5.973e-01	4.087e-01	3.890e-01	4.146e-01	2.496e-01	2.300e-01	2.620e-01
1.590e+04	5.888e-01	5.644e-01	5.973e-01	4.087e-01	3.890e-01	4.151e-01	2.502e-01	2.300e-01	2.620e-01
1.600e+04	5.892e-01	5.648e-01	5.977e-01	4.086e-01	3.890e-01	4.157e-01	2.511e-01	2.298e-01	2.624e-01
1.610e+04	5.892e-01	5.650e-01	5.979e-01	4.086e-01	3.893e-01	4.158e-01	2.529e-01	2.295e-01	2.624e-01
1.620e+04	5.893e-01	5.650e-01	5.986e-01	4.087e-01	3.902e-01	4.158e-01	2.537e-01	2.294e-01	2.624e-01
1.630e+04	5.893e-01	5.650e-01	5.986e-01	4.087e-01	3.902e-01	4.157e-01	2.560e-01	2.294e-01	2.625e-01
1.640e+04	5.893e-01	5.650e-01	5.989e-01	4.089e-01	3.902e-01	4.174e-01	2.571e-01	2.294e-01	2.626e-01
1.650e+04	5.896e-01	5.651e-01	5.994e-01	4.090e-01	3.902e-01	4.181e-01	2.592e-01	2.294e-01	2.626e-01
1.660e+04	5.896e-01	5.651e-01	5.998e-01	4.090e-01	3.910e-01	4.189e-01	2.608e-01	2.294e-01	2.626e-01
1.670e+04	5.899e-01	5.651e-01	6.001e-01	4.090e-01	3.910e-01	4.192e-01	2.608e-01	2.293e-01	2.632e-01
1.680e+04	5.899e-01	5.651e-01	6.004e-01	4.094e-01	3.914e-01	4.195e-01	2.612e-01	2.293e-01	2.632e-01
1.690e+04	5.899e-01	5.651e-01	6.006e-01	4.092e-01	3.913e-01	4.207e-01	2.613e-01	2.288e-01	2.639e-01
1.700e+04	5.900e-01	5.651e-01	6.006e-01	4.092e-01	3.912e-01	4.212e-01	2.620e-01	2.293e-01	2.649e-01
1.710e+04	5.901e-01	5.651e-01	6.008e-01	4.093e-01	3.912e-01	4.212e-01	2.615e-01	2.293e-01	2.648e-01
1.720e+04	5.905e-01	5.652e-01	6.011e-01	4.095e-01	3.913e-01	4.217e-01	2.611e-01	2.300e-01	2.658e-01
1.730e+04	5.905e-01	5.652e-01	6.011e-01	4.094e-01	3.915e-01	4.219e-01	2.611e-01	2.304e-01	2.669e-01
1.740e+04	5.905e-01	5.654e-01	6.011e-01	4.095e-01	3.910e-01	4.229e-01	2.614e-01	2.305e-01	2.674e-01
1.750e+04	5.905e-01	5.652e-01	6.012e-01	4.098e-01	3.912e-01	4.224e-01	2.617e-01	2.312e-01	2.686e-01
1.760e+04	5.904e-01	5.654e-01	6.017e-01	4.099e-01	3.912e-01	4.225e-01	2.617e-01	2.312e-01	2.687e-01
1.770e+04	5.904e-01	5.656e-01	6.017e-01	4.102e-01	3.913e-01	4.237e-01	2.619e-01	2.315e-01	2.690e-01
1.780e+04	5.904e-01	5.656e-01	6.019e-01	4.102e-01	3.917e-01	4.236e-01	2.620e-01	2.315e-01	2.705e-01
1.790e+04	5.904e-01	5.655e-01	6.023e-01	4.107e-01	3.917e-01	4.238e-01	2.621e-01	2.315e-01	2.715e-01
1.800e+04	5.906e-01	5.656e-01	6.027e-01	4.106e-01	3.915e-01	4.239e-01	2.620e-01	2.321e-01	2.720e-01
1.810e+04	5.905e-01	5.655e-01	6.029e-01	4.107e-01	3.915e-01	4.239e-01	2.623e-01	2.321e-01	2.724e-01
1.820e+04	5.906e-01	5.655e-01	6.032e-01	4.107e-01	3.914e-01	4.239e-01	2.629e-01	2.325e-01	2.724e-01
1.830e+04	5.906e-01	5.654e-01	6.035e-01	4.108e-01	3.912e-01	4.240e-01	2.632e-01	2.325e-01	2.721e-01
1.840e+04	5.907e-01	5.652e-01	6.035e-01	4.111e-01	3.915e-01	4.240e-01	2.637e-01	2.325e-01	2.721e-01
1.850e+04	5.907e-01	5.652e-01	6.040e-01	4.112e-01	3.915e-01	4.242e-01	2.640e-01	2.325e-01	2.719e-01
1.860e+04	5.907e-01	5.654e-01	6.040e-01	4.113e-01	3.915e-01	4.242e-01	2.643e-01	2.331e-01	2.719e-01
1.870e+04	5.907e-01	5.651e-01	6.043e-01	4.114e-01	3.917e-01	4.242e-01	2.646e-01	2.331e-01	2.724e-01
1.880e+04	5.907e-01	5.652e-01	6.044e-01	4.117e-01	3.912e-01	4.244e-01	2.646e-01	2.331e-01	2.720e-01
1.890e+04	5.908e-01	5.652e-01	6.044e-01	4.118e-01	3.906e-01	4.243e-01	2.646e-01	2.329e-01	2.725e-01
1.900e+04	5.911e-01	5.652e-01	6.046e-01	4.118e-01	3.917e-01	4.243e-01	2.652e-01	2.329e-01	2.725e-01
1.910e+04	5.910e-01	5.654e-01	6.050e-01	4.118e-01	3.919e-01	4.244e-01	2.662e-01	2.335e-01	2.733e-01
1.920e+04	5.911e-01	5.654e-01	6.050e-01	4.118e-01	3.919e-01	4.248e-01	2.670e-01	2.336e-01	2.740e-01
1.930e+04	5.911e-01	5.654e-01	6.050e-01	4.113e-01	3.917e-01	4.252e-01	2.670e-01	2.340e-01	2.742e-01
1.940e+04	5.913e-01	5.654e-01	6.046e-01	4.115e-01	3.920e-01	4.250e-01	2.670e-01	2.356e-01	2.748e-01
1.950e+04	5.915e-01	5.652e-01	6.050e-01	4.115e-01	3.921e-01	4.251e-01	2.673e-01	2.355e-01	2.751e-01
1.960e+04	5.917e-01	5.652e-01	6.051e-01	4.115e-01	3.923e-01	4.252e-01	2.677e-01	2.357e-01	2.751e-01
1.970e+04	5.917e-01	5.652e-01	6.055e-01	4.112e-01	3.924e-01	4.252e-01	2.685e-01	2.357e-01	2.760e-01
1.980e+04	5.917e-01	5.652e-01	6.056e-01	4.115e-01	3.924e-01	4.250e-01	2.687e-01	2.360e-01	2.760e-01
1.990e+04	5.918e-01	5.654e-01	6.051e-01	4.114e-01	3.924e-01	4.255e-01	2.685e-01	2.360e-01	2.760e-01
2.000e+04	5.918e-01	5.654e-01	6.051e-01	4.114e-01	3.919e-01	4.255e-01	2.692e-01	2.357e-01	2.761e-01
