n.evals.q.1.0.	_.locomotion.hilly.5.0.75.ga.epistasis.0.5.best.quality.first.agent.velocity.x	_.locomotion.hilly.5.0.75.ga.epistasis.0.5.best.quality.first.agent.velocity.x.min	_.locomotion.hilly.5.0.75.ga.epistasis.0.5.best.quality.first.agent.velocity.x.max	_.locomotion.hilly.5.0.75.ga.epistasis.1.0.best.quality.first.agent.velocity.x	_.locomotion.hilly.5.0.75.ga.epistasis.1.0.best.quality.first.agent.velocity.x.min	_.locomotion.hilly.5.0.75.ga.epistasis.1.0.best.quality.first.agent.velocity.x.max	_.locomotion.hilly.5.0.75.ga.epistasis.2.0.best.quality.first.agent.velocity.x	_.locomotion.hilly.5.0.75.ga.epistasis.2.0.best.quality.first.agent.velocity.x.min	_.locomotion.hilly.5.0.75.ga.epistasis.2.0.best.quality.first.agent.velocity.x.max	_.locomotion.hilly.5.0.75.ga.single.ds.best.quality.first.agent.velocity.x	_.locomotion.hilly.5.0.75.ga.single.ds.best.quality.first.agent.velocity.x.min	_.locomotion.hilly.5.0.75.ga.single.ds.best.quality.first.agent.velocity.x.max
1.000e+02	1.172e-01	7.921e-02	5.824e-01	2.807e-01	8.662e-02	6.587e-01	9.376e-02	3.035e-02	1.188e-01	2.864e-01	1.130e-01	3.927e-01
2.000e+02	4.086e-01	1.145e-01	6.504e-01	3.096e-01	1.426e-01	6.587e-01	1.771e-01	9.666e-02	5.807e-01	3.127e-01	1.130e-01	4.922e-01
3.000e+02	4.086e-01	1.292e-01	7.079e-01	6.347e-01	2.385e-01	8.306e-01	4.155e-01	1.832e-01	6.593e-01	6.483e-01	2.864e-01	9.566e-01
4.000e+02	4.086e-01	2.218e-01	9.405e-01	6.347e-01	2.392e-01	8.306e-01	7.725e-01	3.279e-01	8.022e-01	7.396e-01	6.236e-01	1.019e+00
5.000e+02	7.494e-01	2.617e-01	1.212e+00	6.347e-01	2.544e-01	8.306e-01	7.725e-01	3.279e-01	8.022e-01	1.056e+00	9.118e-01	1.234e+00
6.000e+02	7.494e-01	3.467e-01	1.212e+00	6.587e-01	4.367e-01	9.570e-01	8.022e-01	5.807e-01	9.828e-01	1.196e+00	9.682e-01	1.234e+00
7.000e+02	1.040e+00	4.705e-01	1.219e+00	6.587e-01	4.367e-01	9.570e-01	8.022e-01	5.807e-01	1.022e+00	1.234e+00	9.682e-01	1.254e+00
8.000e+02	1.040e+00	4.705e-01	1.219e+00	6.931e-01	6.130e-01	9.570e-01	8.704e-01	7.725e-01	1.022e+00	1.234e+00	1.049e+00	1.254e+00
9.000e+02	1.040e+00	4.705e-01	1.219e+00	9.398e-01	6.130e-01	1.009e+00	8.704e-01	7.950e-01	1.022e+00	1.251e+00	1.124e+00	1.933e+00
1.000e+03	1.040e+00	6.325e-01	1.219e+00	9.398e-01	6.931e-01	1.020e+00	1.033e+00	8.022e-01	1.076e+00	1.305e+00	1.254e+00	1.933e+00
1.100e+03	1.040e+00	7.403e-01	1.219e+00	9.570e-01	7.260e-01	1.059e+00	1.033e+00	8.022e-01	1.076e+00	1.507e+00	1.274e+00	1.933e+00
1.200e+03	1.123e+00	7.693e-01	1.219e+00	1.036e+00	9.476e-01	1.059e+00	1.033e+00	9.247e-01	1.076e+00	1.900e+00	1.624e+00	1.933e+00
1.300e+03	1.208e+00	8.820e-01	1.219e+00	1.068e+00	9.570e-01	1.078e+00	1.033e+00	9.247e-01	1.076e+00	1.921e+00	1.721e+00	2.180e+00
1.400e+03	1.208e+00	8.820e-01	1.411e+00	1.073e+00	1.033e+00	1.232e+00	1.064e+00	9.856e-01	1.244e+00	1.921e+00	1.828e+00	2.203e+00
1.500e+03	1.343e+00	1.040e+00	1.426e+00	1.073e+00	1.036e+00	1.232e+00	1.064e+00	9.856e-01	1.244e+00	1.933e+00	1.850e+00	2.203e+00
1.600e+03	1.343e+00	1.161e+00	1.426e+00	1.078e+00	1.036e+00	1.316e+00	1.064e+00	9.856e-01	1.244e+00	1.994e+00	1.850e+00	2.229e+00
1.700e+03	1.343e+00	1.161e+00	1.426e+00	1.078e+00	1.068e+00	1.316e+00	1.064e+00	9.856e-01	1.244e+00	1.994e+00	1.929e+00	2.229e+00
1.800e+03	1.343e+00	1.161e+00	1.426e+00	1.078e+00	1.068e+00	1.316e+00	1.075e+00	1.033e+00	1.244e+00	1.994e+00	1.929e+00	2.229e+00
1.900e+03	1.343e+00	1.161e+00	1.426e+00	1.163e+00	1.068e+00	1.316e+00	1.075e+00	1.033e+00	1.244e+00	2.075e+00	1.933e+00	2.229e+00
2.000e+03	1.343e+00	1.161e+00	1.426e+00	1.163e+00	1.068e+00	1.316e+00	1.088e+00	1.040e+00	1.244e+00	2.075e+00	1.951e+00	2.236e+00
2.100e+03	1.411e+00	1.161e+00	1.741e+00	1.163e+00	1.068e+00	1.316e+00	1.105e+00	1.064e+00	1.244e+00	2.075e+00	1.951e+00	2.236e+00
2.200e+03	1.411e+00	1.161e+00	1.741e+00	1.163e+00	1.068e+00	1.316e+00	1.105e+00	1.075e+00	1.244e+00	2.086e+00	1.951e+00	2.295e+00
2.300e+03	1.640e+00	1.411e+00	1.833e+00	1.310e+00	1.068e+00	1.452e+00	1.105e+00	1.075e+00	1.244e+00	2.087e+00	1.975e+00	2.295e+00
2.400e+03	1.640e+00	1.411e+00	1.833e+00	1.310e+00	1.070e+00	1.452e+00	1.105e+00	1.075e+00	1.244e+00	2.165e+00	2.000e+00	2.295e+00
2.500e+03	1.640e+00	1.411e+00	2.007e+00	1.310e+00	1.070e+00	1.452e+00	1.186e+00	1.076e+00	1.276e+00	2.165e+00	2.083e+00	2.295e+00
2.600e+03	1.640e+00	1.411e+00	2.007e+00	1.310e+00	1.112e+00	1.452e+00	1.186e+00	1.076e+00	1.276e+00	2.165e+00	2.083e+00	2.295e+00
2.700e+03	1.640e+00	1.411e+00	2.053e+00	1.316e+00	1.112e+00	1.807e+00	1.186e+00	1.105e+00	1.276e+00	2.165e+00	2.091e+00	2.301e+00
2.800e+03	1.640e+00	1.411e+00	2.059e+00	1.316e+00	1.112e+00	1.807e+00	1.186e+00	1.105e+00	1.276e+00	2.295e+00	2.094e+00	2.418e+00
2.900e+03	1.640e+00	1.411e+00	2.059e+00	1.316e+00	1.112e+00	1.807e+00	1.244e+00	1.105e+00	1.316e+00	2.295e+00	2.094e+00	2.418e+00
3.000e+03	1.897e+00	1.444e+00	2.116e+00	1.362e+00	1.138e+00	1.807e+00	1.244e+00	1.105e+00	1.316e+00	2.295e+00	2.094e+00	2.463e+00
3.100e+03	1.897e+00	1.444e+00	2.116e+00	1.362e+00	1.138e+00	1.807e+00	1.244e+00	1.105e+00	1.316e+00	2.415e+00	2.101e+00	2.463e+00
3.200e+03	1.897e+00	1.464e+00	2.116e+00	1.362e+00	1.138e+00	1.807e+00	1.244e+00	1.112e+00	1.316e+00	2.415e+00	2.101e+00	2.468e+00
3.300e+03	1.897e+00	1.464e+00	2.116e+00	1.452e+00	1.138e+00	1.897e+00	1.244e+00	1.167e+00	1.316e+00	2.415e+00	2.101e+00	2.468e+00
3.400e+03	1.897e+00	1.464e+00	2.116e+00	1.452e+00	1.138e+00	1.897e+00	1.244e+00	1.167e+00	1.316e+00	2.415e+00	2.101e+00	2.468e+00
3.500e+03	1.897e+00	1.464e+00	2.116e+00	1.452e+00	1.138e+00	1.897e+00	1.244e+00	1.186e+00	1.316e+00	2.415e+00	2.101e+00	2.468e+00
3.600e+03	1.897e+00	1.464e+00	2.116e+00	1.452e+00	1.211e+00	1.897e+00	1.276e+00	1.186e+00	1.517e+00	2.415e+00	2.160e+00	2.468e+00
3.700e+03	1.897e+00	1.464e+00	2.116e+00	1.452e+00	1.211e+00	1.897e+00	1.276e+00	1.186e+00	1.517e+00	2.415e+00	2.160e+00	2.468e+00
3.800e+03	1.897e+00	1.464e+00	2.116e+00	1.452e+00	1.211e+00	1.897e+00	1.276e+00	1.186e+00	1.517e+00	2.415e+00	2.160e+00	2.507e+00
3.900e+03	1.897e+00	1.464e+00	2.116e+00	1.452e+00	1.211e+00	1.897e+00	1.276e+00	1.186e+00	1.517e+00	2.421e+00	2.160e+00	2.521e+00
4.000e+03	1.914e+00	1.640e+00	2.116e+00	1.477e+00	1.386e+00	1.897e+00	1.276e+00	1.186e+00	1.517e+00	2.421e+00	2.160e+00	2.521e+00
4.100e+03	1.914e+00	1.640e+00	2.116e+00	1.795e+00	1.386e+00	1.897e+00	1.276e+00	1.188e+00	1.517e+00	2.421e+00	2.160e+00	2.530e+00
4.200e+03	1.914e+00	1.640e+00	2.116e+00	1.795e+00	1.386e+00	1.897e+00	1.276e+00	1.188e+00	1.517e+00	2.421e+00	2.160e+00	2.603e+00
4.300e+03	1.914e+00	1.831e+00	2.116e+00	1.795e+00	1.386e+00	1.897e+00	1.276e+00	1.188e+00	1.517e+00	2.429e+00	2.160e+00	2.603e+00
4.400e+03	1.914e+00	1.831e+00	2.116e+00	1.795e+00	1.386e+00	1.897e+00	1.276e+00	1.188e+00	1.517e+00	2.463e+00	2.160e+00	2.603e+00
4.500e+03	1.914e+00	1.871e+00	2.116e+00	1.795e+00	1.386e+00	1.897e+00	1.276e+00	1.235e+00	1.517e+00	2.463e+00	2.160e+00	2.639e+00
4.600e+03	1.914e+00	1.871e+00	2.131e+00	1.795e+00	1.386e+00	1.897e+00	1.355e+00	1.244e+00	1.517e+00	2.463e+00	2.160e+00	2.639e+00
4.700e+03	1.914e+00	1.871e+00	2.131e+00	1.795e+00	1.386e+00	1.897e+00	1.357e+00	1.244e+00	1.517e+00	2.463e+00	2.160e+00	2.639e+00
4.800e+03	1.915e+00	1.873e+00	2.131e+00	1.795e+00	1.402e+00	1.897e+00	1.357e+00	1.244e+00	1.517e+00	2.509e+00	2.160e+00	2.639e+00
4.900e+03	1.915e+00	1.873e+00	2.131e+00	1.795e+00	1.402e+00	1.897e+00	1.357e+00	1.244e+00	1.517e+00	2.509e+00	2.160e+00	2.639e+00
5.000e+03	2.001e+00	1.873e+00	2.131e+00	1.795e+00	1.402e+00	1.897e+00	1.372e+00	1.244e+00	1.597e+00	2.509e+00	2.160e+00	2.639e+00
5.100e+03	2.031e+00	1.873e+00	2.131e+00	1.795e+00	1.402e+00	1.897e+00	1.372e+00	1.244e+00	1.597e+00	2.509e+00	2.160e+00	2.639e+00
5.200e+03	2.031e+00	1.873e+00	2.131e+00	1.807e+00	1.402e+00	1.929e+00	1.372e+00	1.244e+00	1.597e+00	2.509e+00	2.160e+00	2.639e+00
5.300e+03	2.031e+00	1.873e+00	2.131e+00	1.807e+00	1.402e+00	1.929e+00	1.398e+00	1.335e+00	1.597e+00	2.509e+00	2.160e+00	2.639e+00
5.400e+03	2.031e+00	1.873e+00	2.131e+00	1.807e+00	1.402e+00	1.929e+00	1.517e+00	1.335e+00	1.772e+00	2.509e+00	2.166e+00	2.639e+00
5.500e+03	2.059e+00	1.873e+00	2.131e+00	1.807e+00	1.402e+00	1.929e+00	1.517e+00	1.335e+00	1.772e+00	2.536e+00	2.166e+00	2.639e+00
5.600e+03	2.059e+00	1.873e+00	2.131e+00	1.875e+00	1.402e+00	1.929e+00	1.517e+00	1.335e+00	1.772e+00	2.536e+00	2.166e+00	2.695e+00
5.700e+03	2.059e+00	1.873e+00	2.131e+00	1.875e+00	1.402e+00	1.929e+00	1.517e+00	1.335e+00	1.772e+00	2.536e+00	2.166e+00	2.695e+00
5.800e+03	2.059e+00	1.873e+00	2.131e+00	1.875e+00	1.402e+00	1.929e+00	1.517e+00	1.335e+00	1.772e+00	2.536e+00	2.166e+00	2.695e+00
5.900e+03	2.059e+00	1.873e+00	2.131e+00	1.883e+00	1.402e+00	1.929e+00	1.517e+00	1.335e+00	1.772e+00	2.536e+00	2.166e+00	2.695e+00
6.000e+03	2.059e+00	1.873e+00	2.131e+00	1.883e+00	1.402e+00	1.929e+00	1.517e+00	1.335e+00	1.772e+00	2.536e+00	2.166e+00	2.695e+00
6.100e+03	2.059e+00	1.873e+00	2.149e+00	1.883e+00	1.402e+00	1.929e+00	1.517e+00	1.335e+00	1.772e+00	2.540e+00	2.166e+00	2.695e+00
6.200e+03	2.102e+00	1.936e+00	2.149e+00	1.883e+00	1.402e+00	1.929e+00	1.517e+00	1.335e+00	1.772e+00	2.639e+00	2.166e+00	2.695e+00
6.300e+03	2.102e+00	1.936e+00	2.149e+00	1.883e+00	1.402e+00	1.961e+00	1.597e+00	1.335e+00	1.772e+00	2.639e+00	2.166e+00	2.695e+00
6.400e+03	2.102e+00	1.936e+00	2.149e+00	1.883e+00	1.402e+00	1.961e+00	1.597e+00	1.335e+00	1.772e+00	2.639e+00	2.166e+00	2.695e+00
6.500e+03	2.102e+00	1.936e+00	2.149e+00	1.883e+00	1.402e+00	1.961e+00	1.597e+00	1.335e+00	1.772e+00	2.639e+00	2.166e+00	2.695e+00
6.600e+03	2.102e+00	1.936e+00	2.149e+00	1.883e+00	1.402e+00	1.961e+00	1.597e+00	1.365e+00	1.914e+00	2.639e+00	2.166e+00	2.695e+00
6.700e+03	2.102e+00	1.980e+00	2.149e+00	1.883e+00	1.402e+00	1.961e+00	1.597e+00	1.365e+00	1.914e+00	2.639e+00	2.166e+00	2.695e+00
6.800e+03	2.102e+00	1.998e+00	2.149e+00	1.883e+00	1.402e+00	1.961e+00	1.597e+00	1.365e+00	1.914e+00	2.639e+00	2.166e+00	2.735e+00
6.900e+03	2.141e+00	1.998e+00	2.208e+00	1.961e+00	1.402e+00	1.991e+00	1.597e+00	1.365e+00	1.914e+00	2.639e+00	2.166e+00	2.735e+00
7.000e+03	2.141e+00	1.998e+00	2.208e+00	1.961e+00	1.404e+00	2.091e+00	1.597e+00	1.365e+00	1.914e+00	2.639e+00	2.166e+00	2.735e+00
7.100e+03	2.141e+00	1.998e+00	2.208e+00	1.961e+00	1.404e+00	2.091e+00	1.597e+00	1.365e+00	1.914e+00	2.639e+00	2.174e+00	2.735e+00
7.200e+03	2.149e+00	1.998e+00	2.208e+00	1.961e+00	1.404e+00	2.091e+00	1.597e+00	1.365e+00	1.914e+00	2.668e+00	2.174e+00	2.735e+00
7.300e+03	2.149e+00	1.998e+00	2.208e+00	1.961e+00	1.404e+00	2.091e+00	1.597e+00	1.365e+00	1.914e+00	2.668e+00	2.174e+00	2.735e+00
7.400e+03	2.159e+00	1.998e+00	2.236e+00	1.961e+00	1.404e+00	2.091e+00	1.597e+00	1.398e+00	1.914e+00	2.668e+00	2.174e+00	2.735e+00
7.500e+03	2.159e+00	1.998e+00	2.236e+00	1.961e+00	1.463e+00	2.091e+00	1.597e+00	1.398e+00	1.914e+00	2.668e+00	2.174e+00	2.735e+00
7.600e+03	2.159e+00	1.998e+00	2.236e+00	1.991e+00	1.691e+00	2.136e+00	1.597e+00	1.398e+00	1.914e+00	2.668e+00	2.174e+00	2.785e+00
7.700e+03	2.215e+00	1.998e+00	2.251e+00	1.991e+00	1.691e+00	2.136e+00	1.597e+00	1.398e+00	1.914e+00	2.668e+00	2.174e+00	2.785e+00
7.800e+03	2.215e+00	2.050e+00	2.251e+00	1.991e+00	1.691e+00	2.160e+00	1.597e+00	1.398e+00	1.914e+00	2.668e+00	2.174e+00	2.785e+00
7.900e+03	2.215e+00	2.050e+00	2.324e+00	1.991e+00	1.691e+00	2.160e+00	1.597e+00	1.398e+00	1.914e+00	2.668e+00	2.174e+00	2.785e+00
8.000e+03	2.215e+00	2.050e+00	2.324e+00	1.991e+00	1.848e+00	2.160e+00	1.755e+00	1.398e+00	1.914e+00	2.668e+00	2.174e+00	2.785e+00
8.100e+03	2.215e+00	2.050e+00	2.324e+00	1.991e+00	1.848e+00	2.160e+00	1.755e+00	1.398e+00	1.914e+00	2.668e+00	2.174e+00	2.785e+00
8.200e+03	2.215e+00	2.108e+00	2.324e+00	1.991e+00	1.848e+00	2.160e+00	1.755e+00	1.398e+00	1.914e+00	2.668e+00	2.174e+00	2.785e+00
8.300e+03	2.227e+00	2.108e+00	2.324e+00	1.991e+00	1.848e+00	2.160e+00	1.755e+00	1.398e+00	1.914e+00	2.668e+00	2.174e+00	2.785e+00
8.400e+03	2.227e+00	2.108e+00	2.324e+00	1.991e+00	1.848e+00	2.160e+00	1.755e+00	1.398e+00	1.914e+00	2.668e+00	2.187e+00	2.785e+00
8.500e+03	2.227e+00	2.108e+00	2.324e+00	1.991e+00	1.848e+00	2.160e+00	1.860e+00	1.398e+00	1.919e+00	2.685e+00	2.187e+00	2.785e+00
8.600e+03	2.227e+00	2.108e+00	2.324e+00	1.991e+00	1.848e+00	2.160e+00	1.860e+00	1.398e+00	1.919e+00	2.685e+00	2.187e+00	2.785e+00
8.700e+03	2.227e+00	2.108e+00	2.324e+00	1.991e+00	1.848e+00	2.160e+00	1.877e+00	1.398e+00	1.943e+00	2.685e+00	2.187e+00	2.785e+00
8.800e+03	2.227e+00	2.108e+00	2.324e+00	1.991e+00	1.848e+00	2.160e+00	1.919e+00	1.398e+00	1.943e+00	2.685e+00	2.187e+00	2.785e+00
8.900e+03	2.227e+00	2.108e+00	2.324e+00	1.991e+00	1.848e+00	2.160e+00	1.919e+00	1.398e+00	1.943e+00	2.685e+00	2.187e+00	2.785e+00
9.000e+03	2.227e+00	2.108e+00	2.324e+00	1.991e+00	1.848e+00	2.160e+00	1.919e+00	1.398e+00	1.943e+00	2.685e+00	2.187e+00	2.785e+00
9.100e+03	2.251e+00	2.108e+00	2.324e+00	1.991e+00	1.848e+00	2.160e+00	1.919e+00	1.398e+00	1.943e+00	2.685e+00	2.187e+00	2.785e+00
9.200e+03	2.251e+00	2.108e+00	2.324e+00	1.991e+00	1.848e+00	2.160e+00	1.943e+00	1.398e+00	2.005e+00	2.685e+00	2.187e+00	2.785e+00
9.300e+03	2.251e+00	2.108e+00	2.324e+00	1.991e+00	1.848e+00	2.160e+00	1.943e+00	1.398e+00	2.005e+00	2.685e+00	2.187e+00	2.785e+00
9.400e+03	2.251e+00	2.108e+00	2.324e+00	1.991e+00	1.848e+00	2.160e+00	1.943e+00	1.398e+00	2.005e+00	2.685e+00	2.187e+00	2.785e+00
9.500e+03	2.251e+00	2.108e+00	2.324e+00	1.991e+00	1.848e+00	2.160e+00	1.943e+00	1.427e+00	2.005e+00	2.685e+00	2.187e+00	2.785e+00
9.600e+03	2.251e+00	2.108e+00	2.324e+00	1.991e+00	1.848e+00	2.160e+00	1.943e+00	1.427e+00	2.005e+00	2.685e+00	2.187e+00	2.785e+00
9.700e+03	2.251e+00	2.108e+00	2.324e+00	1.991e+00	1.848e+00	2.160e+00	1.943e+00	1.427e+00	2.005e+00	2.685e+00	2.187e+00	2.785e+00
9.800e+03	2.251e+00	2.108e+00	2.324e+00	1.991e+00	1.848e+00	2.160e+00	1.943e+00	1.597e+00	2.005e+00	2.685e+00	2.187e+00	2.785e+00
9.900e+03	2.251e+00	2.159e+00	2.324e+00	1.991e+00	1.848e+00	2.160e+00	1.943e+00	1.597e+00	2.005e+00	2.685e+00	2.187e+00	2.785e+00
1.000e+04	2.251e+00	2.159e+00	2.324e+00	1.991e+00	1.848e+00	2.160e+00	1.943e+00	1.597e+00	2.005e+00	2.697e+00	2.187e+00	2.785e+00
1.010e+04	2.251e+00	2.159e+00	2.324e+00	1.991e+00	1.848e+00	2.160e+00	1.959e+00	1.599e+00	2.005e+00	2.697e+00	2.195e+00	2.785e+00
1.020e+04	2.251e+00	2.159e+00	2.345e+00	1.991e+00	1.848e+00	2.160e+00	1.959e+00	1.599e+00	2.005e+00	2.697e+00	2.195e+00	2.785e+00
1.030e+04	2.251e+00	2.159e+00	2.345e+00	1.991e+00	1.848e+00	2.160e+00	1.959e+00	1.627e+00	2.005e+00	2.697e+00	2.195e+00	2.785e+00
1.040e+04	2.251e+00	2.159e+00	2.345e+00	1.991e+00	1.848e+00	2.160e+00	1.959e+00	1.627e+00	2.005e+00	2.697e+00	2.195e+00	2.785e+00
1.050e+04	2.251e+00	2.159e+00	2.345e+00	2.012e+00	1.848e+00	2.160e+00	1.959e+00	1.627e+00	2.005e+00	2.697e+00	2.195e+00	2.785e+00
1.060e+04	2.251e+00	2.159e+00	2.345e+00	2.012e+00	1.848e+00	2.160e+00	1.959e+00	1.627e+00	2.005e+00	2.697e+00	2.195e+00	2.785e+00
1.070e+04	2.251e+00	2.159e+00	2.345e+00	2.029e+00	1.848e+00	2.160e+00	2.002e+00	1.754e+00	2.024e+00	2.697e+00	2.195e+00	2.785e+00
1.080e+04	2.251e+00	2.159e+00	2.365e+00	2.029e+00	1.848e+00	2.160e+00	2.002e+00	1.754e+00	2.024e+00	2.697e+00	2.195e+00	2.785e+00
1.090e+04	2.251e+00	2.159e+00	2.365e+00	2.029e+00	1.848e+00	2.160e+00	2.002e+00	1.754e+00	2.024e+00	2.697e+00	2.195e+00	2.785e+00
1.100e+04	2.251e+00	2.159e+00	2.384e+00	2.029e+00	1.848e+00	2.160e+00	2.002e+00	1.754e+00	2.024e+00	2.697e+00	2.195e+00	2.785e+00
1.110e+04	2.251e+00	2.159e+00	2.384e+00	2.029e+00	1.848e+00	2.160e+00	2.002e+00	1.754e+00	2.024e+00	2.697e+00	2.195e+00	2.785e+00
1.120e+04	2.251e+00	2.159e+00	2.384e+00	2.029e+00	1.848e+00	2.160e+00	2.002e+00	1.754e+00	2.024e+00	2.697e+00	2.195e+00	2.785e+00
1.130e+04	2.251e+00	2.159e+00	2.384e+00	2.029e+00	1.848e+00	2.160e+00	2.002e+00	1.771e+00	2.024e+00	2.697e+00	2.195e+00	2.800e+00
1.140e+04	2.251e+00	2.159e+00	2.384e+00	2.029e+00	1.848e+00	2.160e+00	2.002e+00	1.771e+00	2.024e+00	2.697e+00	2.195e+00	2.800e+00
1.150e+04	2.251e+00	2.159e+00	2.384e+00	2.029e+00	1.848e+00	2.160e+00	2.002e+00	1.771e+00	2.024e+00	2.697e+00	2.195e+00	2.800e+00
1.160e+04	2.251e+00	2.159e+00	2.384e+00	2.029e+00	1.873e+00	2.160e+00	2.002e+00	1.771e+00	2.024e+00	2.697e+00	2.195e+00	2.800e+00
1.170e+04	2.251e+00	2.159e+00	2.384e+00	2.029e+00	1.873e+00	2.160e+00	2.002e+00	1.771e+00	2.024e+00	2.697e+00	2.195e+00	2.800e+00
1.180e+04	2.251e+00	2.159e+00	2.384e+00	2.099e+00	1.897e+00	2.160e+00	2.002e+00	1.771e+00	2.024e+00	2.697e+00	2.195e+00	2.800e+00
1.190e+04	2.251e+00	2.159e+00	2.384e+00	2.099e+00	1.897e+00	2.160e+00	2.002e+00	1.918e+00	2.024e+00	2.697e+00	2.195e+00	2.800e+00
1.200e+04	2.251e+00	2.159e+00	2.384e+00	2.099e+00	1.897e+00	2.160e+00	2.002e+00	1.918e+00	2.024e+00	2.697e+00	2.212e+00	2.800e+00
1.210e+04	2.251e+00	2.159e+00	2.384e+00	2.099e+00	1.897e+00	2.160e+00	2.002e+00	1.918e+00	2.024e+00	2.697e+00	2.212e+00	2.800e+00
1.220e+04	2.251e+00	2.159e+00	2.384e+00	2.099e+00	1.963e+00	2.160e+00	2.002e+00	1.918e+00	2.024e+00	2.697e+00	2.212e+00	2.800e+00
1.230e+04	2.251e+00	2.159e+00	2.384e+00	2.099e+00	1.963e+00	2.160e+00	2.002e+00	1.918e+00	2.024e+00	2.697e+00	2.212e+00	2.800e+00
1.240e+04	2.251e+00	2.159e+00	2.384e+00	2.099e+00	1.963e+00	2.160e+00	2.002e+00	1.943e+00	2.044e+00	2.697e+00	2.212e+00	2.800e+00
1.250e+04	2.317e+00	2.159e+00	2.384e+00	2.099e+00	1.963e+00	2.160e+00	2.002e+00	1.943e+00	2.044e+00	2.697e+00	2.212e+00	2.800e+00
1.260e+04	2.317e+00	2.159e+00	2.384e+00	2.099e+00	1.963e+00	2.160e+00	2.002e+00	1.943e+00	2.044e+00	2.697e+00	2.212e+00	2.800e+00
1.270e+04	2.317e+00	2.159e+00	2.386e+00	2.099e+00	1.998e+00	2.160e+00	2.002e+00	1.943e+00	2.044e+00	2.697e+00	2.212e+00	2.800e+00
1.280e+04	2.350e+00	2.182e+00	2.409e+00	2.099e+00	1.998e+00	2.160e+00	2.002e+00	1.943e+00	2.044e+00	2.697e+00	2.212e+00	2.800e+00
1.290e+04	2.350e+00	2.182e+00	2.409e+00	2.126e+00	1.998e+00	2.160e+00	2.005e+00	1.943e+00	2.044e+00	2.697e+00	2.212e+00	2.800e+00
1.300e+04	2.350e+00	2.182e+00	2.409e+00	2.126e+00	1.998e+00	2.160e+00	2.011e+00	1.959e+00	2.063e+00	2.697e+00	2.212e+00	2.800e+00
1.310e+04	2.350e+00	2.182e+00	2.409e+00	2.126e+00	1.998e+00	2.160e+00	2.011e+00	1.959e+00	2.063e+00	2.697e+00	2.212e+00	2.800e+00
1.320e+04	2.350e+00	2.182e+00	2.409e+00	2.126e+00	2.005e+00	2.160e+00	2.011e+00	1.959e+00	2.063e+00	2.697e+00	2.212e+00	2.800e+00
1.330e+04	2.350e+00	2.182e+00	2.409e+00	2.126e+00	2.005e+00	2.160e+00	2.044e+00	1.959e+00	2.091e+00	2.697e+00	2.212e+00	2.800e+00
1.340e+04	2.350e+00	2.182e+00	2.409e+00	2.136e+00	2.005e+00	2.160e+00	2.059e+00	1.959e+00	2.091e+00	2.697e+00	2.212e+00	2.800e+00
1.350e+04	2.350e+00	2.182e+00	2.409e+00	2.136e+00	2.042e+00	2.279e+00	2.059e+00	1.959e+00	2.091e+00	2.697e+00	2.212e+00	2.800e+00
1.360e+04	2.350e+00	2.182e+00	2.409e+00	2.136e+00	2.042e+00	2.279e+00	2.059e+00	1.959e+00	2.091e+00	2.697e+00	2.212e+00	2.800e+00
1.370e+04	2.350e+00	2.182e+00	2.409e+00	2.136e+00	2.042e+00	2.282e+00	2.059e+00	1.959e+00	2.091e+00	2.697e+00	2.212e+00	2.800e+00
1.380e+04	2.406e+00	2.182e+00	2.438e+00	2.136e+00	2.042e+00	2.282e+00	2.059e+00	1.959e+00	2.091e+00	2.697e+00	2.212e+00	2.800e+00
1.390e+04	2.406e+00	2.182e+00	2.438e+00	2.136e+00	2.042e+00	2.282e+00	2.059e+00	1.959e+00	2.091e+00	2.697e+00	2.212e+00	2.800e+00
1.400e+04	2.406e+00	2.182e+00	2.438e+00	2.136e+00	2.042e+00	2.282e+00	2.059e+00	1.981e+00	2.091e+00	2.697e+00	2.212e+00	2.800e+00
1.410e+04	2.406e+00	2.182e+00	2.438e+00	2.136e+00	2.042e+00	2.282e+00	2.059e+00	1.981e+00	2.091e+00	2.697e+00	2.212e+00	2.800e+00
1.420e+04	2.406e+00	2.182e+00	2.438e+00	2.136e+00	2.042e+00	2.282e+00	2.063e+00	1.981e+00	2.098e+00	2.697e+00	2.212e+00	2.800e+00
1.430e+04	2.406e+00	2.182e+00	2.438e+00	2.136e+00	2.042e+00	2.282e+00	2.063e+00	1.981e+00	2.098e+00	2.697e+00	2.212e+00	2.800e+00
1.440e+04	2.406e+00	2.182e+00	2.438e+00	2.136e+00	2.042e+00	2.282e+00	2.063e+00	1.981e+00	2.098e+00	2.697e+00	2.212e+00	2.800e+00
1.450e+04	2.406e+00	2.182e+00	2.438e+00	2.160e+00	2.042e+00	2.286e+00	2.063e+00	2.044e+00	2.098e+00	2.697e+00	2.212e+00	2.800e+00
1.460e+04	2.406e+00	2.182e+00	2.438e+00	2.160e+00	2.042e+00	2.286e+00	2.091e+00	2.050e+00	2.192e+00	2.697e+00	2.212e+00	2.800e+00
1.470e+04	2.409e+00	2.182e+00	2.445e+00	2.160e+00	2.042e+00	2.286e+00	2.091e+00	2.050e+00	2.192e+00	2.697e+00	2.212e+00	2.800e+00
1.480e+04	2.409e+00	2.182e+00	2.445e+00	2.160e+00	2.042e+00	2.286e+00	2.091e+00	2.050e+00	2.192e+00	2.697e+00	2.212e+00	2.800e+00
1.490e+04	2.435e+00	2.182e+00	2.445e+00	2.160e+00	2.042e+00	2.286e+00	2.091e+00	2.057e+00	2.192e+00	2.697e+00	2.212e+00	2.836e+00
1.500e+04	2.435e+00	2.182e+00	2.445e+00	2.160e+00	2.042e+00	2.286e+00	2.098e+00	2.057e+00	2.192e+00	2.697e+00	2.212e+00	2.836e+00
1.510e+04	2.435e+00	2.182e+00	2.445e+00	2.160e+00	2.042e+00	2.286e+00	2.098e+00	2.057e+00	2.192e+00	2.697e+00	2.212e+00	2.836e+00
1.520e+04	2.438e+00	2.182e+00	2.445e+00	2.160e+00	2.042e+00	2.286e+00	2.098e+00	2.057e+00	2.192e+00	2.697e+00	2.212e+00	2.836e+00
1.530e+04	2.438e+00	2.182e+00	2.445e+00	2.160e+00	2.111e+00	2.286e+00	2.098e+00	2.060e+00	2.192e+00	2.697e+00	2.212e+00	2.836e+00
1.540e+04	2.438e+00	2.182e+00	2.445e+00	2.160e+00	2.111e+00	2.325e+00	2.098e+00	2.060e+00	2.192e+00	2.697e+00	2.212e+00	2.836e+00
1.550e+04	2.438e+00	2.182e+00	2.445e+00	2.160e+00	2.111e+00	2.325e+00	2.098e+00	2.060e+00	2.192e+00	2.697e+00	2.212e+00	2.836e+00
1.560e+04	2.438e+00	2.182e+00	2.445e+00	2.160e+00	2.111e+00	2.325e+00	2.114e+00	2.065e+00	2.192e+00	2.697e+00	2.212e+00	2.836e+00
1.570e+04	2.438e+00	2.182e+00	2.445e+00	2.160e+00	2.111e+00	2.325e+00	2.114e+00	2.065e+00	2.192e+00	2.730e+00	2.212e+00	2.836e+00
1.580e+04	2.438e+00	2.182e+00	2.445e+00	2.160e+00	2.111e+00	2.325e+00	2.114e+00	2.065e+00	2.192e+00	2.730e+00	2.212e+00	2.836e+00
1.590e+04	2.438e+00	2.182e+00	2.445e+00	2.160e+00	2.111e+00	2.325e+00	2.119e+00	2.065e+00	2.192e+00	2.730e+00	2.212e+00	2.836e+00
1.600e+04	2.438e+00	2.182e+00	2.445e+00	2.160e+00	2.111e+00	2.325e+00	2.119e+00	2.065e+00	2.192e+00	2.730e+00	2.212e+00	2.836e+00
1.610e+04	2.438e+00	2.182e+00	2.445e+00	2.160e+00	2.111e+00	2.325e+00	2.119e+00	2.065e+00	2.192e+00	2.730e+00	2.212e+00	2.836e+00
1.620e+04	2.438e+00	2.182e+00	2.445e+00	2.160e+00	2.111e+00	2.326e+00	2.119e+00	2.065e+00	2.192e+00	2.730e+00	2.212e+00	2.836e+00
1.630e+04	2.438e+00	2.182e+00	2.445e+00	2.160e+00	2.111e+00	2.326e+00	2.119e+00	2.065e+00	2.192e+00	2.730e+00	2.212e+00	2.836e+00
1.640e+04	2.438e+00	2.182e+00	2.445e+00	2.160e+00	2.111e+00	2.326e+00	2.119e+00	2.086e+00	2.192e+00	2.730e+00	2.212e+00	2.836e+00
1.650e+04	2.438e+00	2.182e+00	2.445e+00	2.160e+00	2.111e+00	2.326e+00	2.123e+00	2.086e+00	2.214e+00	2.730e+00	2.212e+00	2.836e+00
1.660e+04	2.438e+00	2.182e+00	2.519e+00	2.160e+00	2.111e+00	2.326e+00	2.123e+00	2.086e+00	2.214e+00	2.730e+00	2.212e+00	2.836e+00
1.670e+04	2.438e+00	2.182e+00	2.519e+00	2.160e+00	2.111e+00	2.326e+00	2.129e+00	2.086e+00	2.214e+00	2.730e+00	2.212e+00	2.836e+00
1.680e+04	2.438e+00	2.182e+00	2.519e+00	2.160e+00	2.111e+00	2.326e+00	2.129e+00	2.086e+00	2.214e+00	2.730e+00	2.212e+00	2.836e+00
1.690e+04	2.438e+00	2.182e+00	2.519e+00	2.160e+00	2.115e+00	2.326e+00	2.129e+00	2.086e+00	2.214e+00	2.730e+00	2.212e+00	2.836e+00
1.700e+04	2.438e+00	2.182e+00	2.519e+00	2.160e+00	2.115e+00	2.326e+00	2.129e+00	2.086e+00	2.214e+00	2.730e+00	2.212e+00	2.836e+00
1.710e+04	2.438e+00	2.182e+00	2.519e+00	2.160e+00	2.115e+00	2.326e+00	2.129e+00	2.086e+00	2.214e+00	2.730e+00	2.212e+00	2.836e+00
1.720e+04	2.438e+00	2.182e+00	2.519e+00	2.160e+00	2.115e+00	2.326e+00	2.129e+00	2.086e+00	2.426e+00	2.730e+00	2.212e+00	2.836e+00
1.730e+04	2.438e+00	2.182e+00	2.519e+00	2.160e+00	2.115e+00	2.326e+00	2.129e+00	2.091e+00	2.426e+00	2.730e+00	2.212e+00	2.836e+00
1.740e+04	2.438e+00	2.192e+00	2.519e+00	2.160e+00	2.115e+00	2.326e+00	2.129e+00	2.091e+00	2.426e+00	2.730e+00	2.212e+00	2.836e+00
1.750e+04	2.438e+00	2.192e+00	2.519e+00	2.160e+00	2.115e+00	2.326e+00	2.129e+00	2.091e+00	2.426e+00	2.730e+00	2.212e+00	2.836e+00
1.760e+04	2.438e+00	2.192e+00	2.519e+00	2.160e+00	2.115e+00	2.326e+00	2.129e+00	2.091e+00	2.426e+00	2.730e+00	2.212e+00	2.836e+00
1.770e+04	2.438e+00	2.192e+00	2.519e+00	2.160e+00	2.115e+00	2.326e+00	2.129e+00	2.091e+00	2.426e+00	2.730e+00	2.212e+00	2.836e+00
1.780e+04	2.438e+00	2.192e+00	2.519e+00	2.160e+00	2.125e+00	2.326e+00	2.129e+00	2.091e+00	2.426e+00	2.730e+00	2.212e+00	2.836e+00
1.790e+04	2.438e+00	2.192e+00	2.519e+00	2.160e+00	2.125e+00	2.326e+00	2.129e+00	2.091e+00	2.426e+00	2.730e+00	2.212e+00	2.836e+00
1.800e+04	2.438e+00	2.192e+00	2.519e+00	2.160e+00	2.125e+00	2.326e+00	2.129e+00	2.091e+00	2.426e+00	2.730e+00	2.212e+00	2.836e+00
1.810e+04	2.438e+00	2.192e+00	2.519e+00	2.160e+00	2.125e+00	2.326e+00	2.129e+00	2.091e+00	2.466e+00	2.730e+00	2.212e+00	2.836e+00
1.820e+04	2.438e+00	2.192e+00	2.519e+00	2.160e+00	2.125e+00	2.326e+00	2.129e+00	2.091e+00	2.466e+00	2.730e+00	2.212e+00	2.836e+00
1.830e+04	2.438e+00	2.192e+00	2.519e+00	2.160e+00	2.125e+00	2.326e+00	2.129e+00	2.091e+00	2.466e+00	2.730e+00	2.212e+00	2.836e+00
1.840e+04	2.438e+00	2.192e+00	2.519e+00	2.160e+00	2.125e+00	2.326e+00	2.129e+00	2.091e+00	2.466e+00	2.730e+00	2.212e+00	2.836e+00
1.850e+04	2.438e+00	2.192e+00	2.519e+00	2.160e+00	2.125e+00	2.326e+00	2.129e+00	2.091e+00	2.466e+00	2.730e+00	2.212e+00	2.836e+00
1.860e+04	2.438e+00	2.192e+00	2.519e+00	2.160e+00	2.125e+00	2.326e+00	2.129e+00	2.091e+00	2.466e+00	2.730e+00	2.238e+00	2.836e+00
1.870e+04	2.438e+00	2.192e+00	2.519e+00	2.160e+00	2.125e+00	2.326e+00	2.129e+00	2.091e+00	2.466e+00	2.730e+00	2.238e+00	2.836e+00
1.880e+04	2.438e+00	2.192e+00	2.519e+00	2.160e+00	2.125e+00	2.326e+00	2.129e+00	2.091e+00	2.469e+00	2.730e+00	2.238e+00	2.836e+00
1.890e+04	2.438e+00	2.192e+00	2.519e+00	2.160e+00	2.125e+00	2.326e+00	2.129e+00	2.091e+00	2.469e+00	2.730e+00	2.238e+00	2.836e+00
1.900e+04	2.438e+00	2.192e+00	2.519e+00	2.160e+00	2.125e+00	2.326e+00	2.134e+00	2.091e+00	2.469e+00	2.730e+00	2.238e+00	2.836e+00
1.910e+04	2.438e+00	2.192e+00	2.519e+00	2.160e+00	2.125e+00	2.326e+00	2.134e+00	2.097e+00	2.469e+00	2.730e+00	2.238e+00	2.836e+00
1.920e+04	2.438e+00	2.192e+00	2.519e+00	2.160e+00	2.125e+00	2.326e+00	2.134e+00	2.097e+00	2.469e+00	2.730e+00	2.238e+00	2.836e+00
1.930e+04	2.445e+00	2.192e+00	2.519e+00	2.160e+00	2.125e+00	2.326e+00	2.134e+00	2.097e+00	2.469e+00	2.730e+00	2.238e+00	2.836e+00
1.940e+04	2.445e+00	2.192e+00	2.519e+00	2.160e+00	2.125e+00	2.326e+00	2.134e+00	2.097e+00	2.469e+00	2.730e+00	2.238e+00	2.836e+00
1.950e+04	2.445e+00	2.192e+00	2.519e+00	2.160e+00	2.125e+00	2.326e+00	2.147e+00	2.097e+00	2.469e+00	2.730e+00	2.238e+00	2.836e+00
1.960e+04	2.445e+00	2.192e+00	2.519e+00	2.301e+00	2.125e+00	2.326e+00	2.147e+00	2.097e+00	2.469e+00	2.730e+00	2.238e+00	2.836e+00
1.970e+04	2.445e+00	2.192e+00	2.519e+00	2.301e+00	2.125e+00	2.326e+00	2.147e+00	2.097e+00	2.469e+00	2.730e+00	2.238e+00	2.836e+00
1.980e+04	2.445e+00	2.192e+00	2.519e+00	2.301e+00	2.125e+00	2.326e+00	2.147e+00	2.097e+00	2.469e+00	2.730e+00	2.238e+00	2.836e+00
1.990e+04	2.445e+00	2.192e+00	2.519e+00	2.301e+00	2.125e+00	2.326e+00	2.173e+00	2.097e+00	2.469e+00	2.730e+00	2.238e+00	2.836e+00
2.000e+04	2.445e+00	2.192e+00	2.519e+00	2.301e+00	2.125e+00	2.326e+00	2.173e+00	2.097e+00	2.488e+00	2.730e+00	2.238e+00	2.836e+00
