n.evals.q.1.0.	_.locomotion.hilly.5.0.75.ga.epistasis.0.5.all.each.body.epistasis.sd	_.locomotion.hilly.5.0.75.ga.epistasis.0.5.all.each.body.epistasis.sd.min	_.locomotion.hilly.5.0.75.ga.epistasis.0.5.all.each.body.epistasis.sd.max	_.locomotion.hilly.5.0.75.ga.epistasis.1.0.all.each.body.epistasis.sd	_.locomotion.hilly.5.0.75.ga.epistasis.1.0.all.each.body.epistasis.sd.min	_.locomotion.hilly.5.0.75.ga.epistasis.1.0.all.each.body.epistasis.sd.max	_.locomotion.hilly.5.0.75.ga.epistasis.2.0.all.each.body.epistasis.sd	_.locomotion.hilly.5.0.75.ga.epistasis.2.0.all.each.body.epistasis.sd.min	_.locomotion.hilly.5.0.75.ga.epistasis.2.0.all.each.body.epistasis.sd.max
1.000e+02	4.531e-02	4.230e-02	4.714e-02	5.107e-02	4.787e-02	5.380e-02	4.458e-02	4.182e-02	4.613e-02
2.000e+02	4.573e-02	4.111e-02	4.633e-02	4.942e-02	4.765e-02	5.121e-02	4.568e-02	4.241e-02	4.669e-02
3.000e+02	4.474e-02	4.328e-02	4.623e-02	4.828e-02	4.625e-02	4.980e-02	4.454e-02	4.239e-02	4.924e-02
4.000e+02	4.634e-02	4.279e-02	4.717e-02	4.844e-02	4.592e-02	4.999e-02	4.657e-02	4.498e-02	4.982e-02
5.000e+02	4.606e-02	4.349e-02	4.631e-02	4.904e-02	4.708e-02	4.967e-02	4.712e-02	4.414e-02	4.903e-02
6.000e+02	4.571e-02	4.153e-02	4.613e-02	4.808e-02	4.649e-02	4.985e-02	4.580e-02	4.070e-02	4.686e-02
7.000e+02	4.382e-02	4.158e-02	4.861e-02	4.819e-02	4.623e-02	4.906e-02	4.526e-02	4.053e-02	4.666e-02
8.000e+02	4.659e-02	4.143e-02	4.959e-02	4.763e-02	4.544e-02	4.850e-02	4.458e-02	4.017e-02	4.649e-02
9.000e+02	4.706e-02	4.303e-02	5.019e-02	4.919e-02	4.576e-02	4.979e-02	4.342e-02	3.985e-02	4.535e-02
1.000e+03	4.810e-02	4.429e-02	4.906e-02	4.960e-02	4.591e-02	5.016e-02	4.282e-02	4.074e-02	4.369e-02
1.100e+03	4.832e-02	4.416e-02	4.896e-02	4.972e-02	4.501e-02	5.036e-02	4.212e-02	4.007e-02	4.435e-02
1.200e+03	4.810e-02	4.385e-02	4.816e-02	4.970e-02	4.553e-02	5.089e-02	4.150e-02	3.954e-02	4.334e-02
1.300e+03	4.736e-02	4.337e-02	4.798e-02	5.007e-02	4.688e-02	5.095e-02	4.156e-02	4.082e-02	4.332e-02
1.400e+03	4.712e-02	4.266e-02	4.775e-02	5.032e-02	4.637e-02	5.078e-02	4.192e-02	4.103e-02	4.323e-02
1.500e+03	4.518e-02	4.223e-02	4.626e-02	4.961e-02	4.732e-02	4.999e-02	4.184e-02	4.004e-02	4.326e-02
1.600e+03	4.571e-02	4.180e-02	4.630e-02	4.844e-02	4.538e-02	4.930e-02	4.204e-02	3.971e-02	4.448e-02
1.700e+03	4.456e-02	4.185e-02	4.516e-02	4.884e-02	4.549e-02	5.075e-02	4.356e-02	3.869e-02	4.651e-02
1.800e+03	4.430e-02	4.198e-02	4.642e-02	4.831e-02	4.653e-02	5.140e-02	4.533e-02	4.021e-02	4.694e-02
1.900e+03	4.332e-02	4.147e-02	4.742e-02	4.799e-02	4.547e-02	5.184e-02	4.458e-02	4.031e-02	4.603e-02
2.000e+03	4.266e-02	4.182e-02	4.796e-02	4.781e-02	4.416e-02	5.339e-02	4.376e-02	4.035e-02	4.660e-02
2.100e+03	4.304e-02	4.136e-02	4.883e-02	4.693e-02	4.317e-02	5.242e-02	4.368e-02	4.141e-02	4.676e-02
2.200e+03	4.332e-02	4.108e-02	4.901e-02	4.743e-02	4.302e-02	5.243e-02	4.378e-02	4.144e-02	4.706e-02
2.300e+03	4.311e-02	4.136e-02	4.801e-02	4.838e-02	4.211e-02	5.216e-02	4.334e-02	4.185e-02	4.748e-02
2.400e+03	4.252e-02	4.138e-02	4.692e-02	4.760e-02	4.145e-02	5.285e-02	4.339e-02	4.004e-02	4.506e-02
2.500e+03	4.242e-02	4.038e-02	4.448e-02	4.679e-02	4.195e-02	5.230e-02	4.192e-02	3.940e-02	4.462e-02
2.600e+03	4.251e-02	3.988e-02	4.461e-02	4.657e-02	4.224e-02	5.242e-02	4.224e-02	3.714e-02	4.584e-02
2.700e+03	4.214e-02	4.004e-02	4.329e-02	4.746e-02	4.112e-02	5.233e-02	4.240e-02	3.760e-02	4.560e-02
2.800e+03	4.251e-02	3.817e-02	4.427e-02	4.732e-02	4.188e-02	5.259e-02	4.228e-02	3.825e-02	4.549e-02
2.900e+03	4.259e-02	3.745e-02	4.435e-02	4.884e-02	4.228e-02	5.287e-02	4.231e-02	3.845e-02	4.395e-02
3.000e+03	4.257e-02	3.622e-02	4.625e-02	4.980e-02	4.072e-02	5.232e-02	4.250e-02	3.866e-02	4.433e-02
3.100e+03	4.143e-02	3.714e-02	4.657e-02	4.858e-02	3.983e-02	5.139e-02	4.196e-02	4.002e-02	4.466e-02
3.200e+03	4.188e-02	3.775e-02	4.666e-02	4.831e-02	3.896e-02	5.114e-02	4.372e-02	4.089e-02	4.491e-02
3.300e+03	4.220e-02	3.882e-02	4.674e-02	4.845e-02	3.900e-02	5.204e-02	4.237e-02	4.027e-02	4.496e-02
3.400e+03	4.220e-02	3.801e-02	4.696e-02	4.901e-02	3.660e-02	5.076e-02	4.263e-02	3.960e-02	4.536e-02
3.500e+03	4.188e-02	3.694e-02	4.649e-02	4.922e-02	3.435e-02	4.961e-02	4.190e-02	3.953e-02	4.646e-02
3.600e+03	4.137e-02	3.592e-02	4.640e-02	4.868e-02	3.538e-02	5.067e-02	4.209e-02	3.888e-02	4.448e-02
3.700e+03	4.080e-02	3.488e-02	4.514e-02	4.855e-02	3.530e-02	4.916e-02	4.286e-02	3.837e-02	4.431e-02
3.800e+03	3.838e-02	3.494e-02	4.423e-02	4.695e-02	3.539e-02	5.013e-02	4.271e-02	3.908e-02	4.399e-02
3.900e+03	3.785e-02	3.141e-02	4.443e-02	4.652e-02	3.349e-02	5.055e-02	4.171e-02	3.807e-02	4.433e-02
4.000e+03	3.602e-02	3.153e-02	4.386e-02	4.743e-02	3.394e-02	5.038e-02	4.228e-02	3.820e-02	4.584e-02
4.100e+03	3.591e-02	2.958e-02	4.331e-02	4.726e-02	3.509e-02	4.830e-02	4.204e-02	3.762e-02	4.629e-02
4.200e+03	3.459e-02	2.846e-02	4.332e-02	4.604e-02	3.352e-02	4.802e-02	4.277e-02	3.766e-02	4.634e-02
4.300e+03	3.398e-02	2.847e-02	4.184e-02	4.580e-02	3.485e-02	4.797e-02	4.289e-02	3.642e-02	4.611e-02
4.400e+03	3.503e-02	2.786e-02	4.184e-02	4.519e-02	3.440e-02	4.782e-02	4.219e-02	3.674e-02	4.712e-02
4.500e+03	3.533e-02	2.770e-02	4.175e-02	4.342e-02	3.379e-02	4.762e-02	4.304e-02	3.692e-02	4.689e-02
4.600e+03	3.465e-02	2.673e-02	4.138e-02	4.246e-02	3.019e-02	4.652e-02	4.168e-02	3.883e-02	4.719e-02
4.700e+03	3.488e-02	2.582e-02	4.133e-02	4.055e-02	3.101e-02	4.526e-02	4.138e-02	3.881e-02	4.713e-02
4.800e+03	3.392e-02	2.531e-02	4.209e-02	4.082e-02	3.093e-02	4.711e-02	4.124e-02	3.870e-02	4.693e-02
4.900e+03	3.554e-02	2.474e-02	4.193e-02	3.982e-02	3.094e-02	4.725e-02	4.083e-02	3.870e-02	4.670e-02
5.000e+03	3.590e-02	2.215e-02	4.247e-02	4.026e-02	3.104e-02	4.666e-02	4.053e-02	3.723e-02	4.597e-02
5.100e+03	3.530e-02	2.210e-02	3.903e-02	4.052e-02	3.121e-02	4.637e-02	4.055e-02	3.734e-02	4.496e-02
5.200e+03	3.530e-02	2.125e-02	3.878e-02	4.078e-02	3.236e-02	4.671e-02	3.973e-02	3.559e-02	4.450e-02
5.300e+03	3.592e-02	2.143e-02	4.060e-02	4.052e-02	3.236e-02	4.676e-02	3.952e-02	3.593e-02	4.427e-02
5.400e+03	3.634e-02	2.437e-02	4.066e-02	4.081e-02	3.004e-02	4.639e-02	3.948e-02	3.593e-02	4.263e-02
5.500e+03	3.680e-02	2.489e-02	4.110e-02	4.074e-02	2.910e-02	4.632e-02	3.794e-02	3.532e-02	4.129e-02
5.600e+03	3.489e-02	2.536e-02	4.148e-02	4.075e-02	2.936e-02	4.486e-02	3.756e-02	3.474e-02	4.158e-02
5.700e+03	3.468e-02	2.687e-02	4.168e-02	4.053e-02	2.952e-02	4.297e-02	3.753e-02	3.271e-02	4.185e-02
5.800e+03	3.647e-02	2.721e-02	4.206e-02	4.082e-02	2.904e-02	4.283e-02	3.681e-02	3.139e-02	4.115e-02
5.900e+03	3.642e-02	2.723e-02	4.143e-02	4.144e-02	2.904e-02	4.359e-02	3.694e-02	3.141e-02	4.139e-02
6.000e+03	3.606e-02	2.686e-02	4.204e-02	4.048e-02	2.879e-02	4.242e-02	3.830e-02	3.080e-02	4.301e-02
6.100e+03	3.601e-02	2.750e-02	4.145e-02	3.991e-02	2.884e-02	4.342e-02	3.859e-02	3.046e-02	4.290e-02
6.200e+03	3.575e-02	2.675e-02	3.975e-02	3.991e-02	2.885e-02	4.382e-02	3.747e-02	3.078e-02	4.097e-02
6.300e+03	3.672e-02	2.655e-02	3.781e-02	3.997e-02	2.867e-02	4.465e-02	3.801e-02	3.201e-02	3.967e-02
6.400e+03	3.457e-02	2.617e-02	3.767e-02	3.899e-02	2.847e-02	4.471e-02	3.805e-02	3.189e-02	4.008e-02
6.500e+03	3.603e-02	2.639e-02	3.766e-02	3.950e-02	2.847e-02	4.434e-02	3.813e-02	2.878e-02	3.891e-02
6.600e+03	3.125e-02	2.460e-02	3.711e-02	3.879e-02	2.784e-02	4.445e-02	3.813e-02	2.936e-02	3.991e-02
6.700e+03	3.205e-02	2.316e-02	3.694e-02	3.957e-02	2.726e-02	4.321e-02	3.748e-02	2.926e-02	3.908e-02
6.800e+03	2.989e-02	1.725e-02	3.645e-02	3.911e-02	2.778e-02	4.326e-02	3.531e-02	2.926e-02	3.858e-02
6.900e+03	3.005e-02	1.744e-02	3.621e-02	4.100e-02	2.890e-02	4.511e-02	3.520e-02	2.814e-02	3.878e-02
7.000e+03	2.986e-02	1.739e-02	3.621e-02	3.862e-02	2.900e-02	4.324e-02	3.485e-02	2.790e-02	3.867e-02
7.100e+03	2.905e-02	1.753e-02	3.621e-02	3.789e-02	2.944e-02	4.304e-02	3.471e-02	2.790e-02	3.925e-02
7.200e+03	2.906e-02	1.738e-02	3.652e-02	3.747e-02	2.906e-02	4.251e-02	3.471e-02	2.743e-02	3.896e-02
7.300e+03	2.846e-02	1.729e-02	3.672e-02	3.747e-02	2.905e-02	4.228e-02	3.464e-02	2.743e-02	4.254e-02
7.400e+03	2.696e-02	1.762e-02	3.652e-02	3.729e-02	2.867e-02	4.397e-02	3.473e-02	2.770e-02	4.267e-02
7.500e+03	2.659e-02	1.817e-02	3.639e-02	3.736e-02	2.846e-02	4.404e-02	3.473e-02	2.790e-02	4.304e-02
7.600e+03	2.640e-02	1.825e-02	3.488e-02	3.675e-02	2.867e-02	4.404e-02	3.458e-02	3.077e-02	4.290e-02
7.700e+03	2.507e-02	1.825e-02	3.488e-02	3.556e-02	2.867e-02	4.527e-02	3.579e-02	3.077e-02	4.257e-02
7.800e+03	2.507e-02	1.835e-02	3.504e-02	3.609e-02	2.884e-02	4.524e-02	3.686e-02	3.068e-02	4.246e-02
7.900e+03	2.451e-02	1.815e-02	3.505e-02	3.609e-02	2.766e-02	4.524e-02	3.686e-02	3.139e-02	4.196e-02
8.000e+03	2.451e-02	1.856e-02	3.342e-02	3.740e-02	2.777e-02	4.529e-02	3.662e-02	3.131e-02	4.291e-02
8.100e+03	2.325e-02	1.868e-02	3.341e-02	3.711e-02	2.787e-02	4.518e-02	3.686e-02	3.131e-02	4.300e-02
8.200e+03	2.335e-02	1.982e-02	3.185e-02	3.727e-02	2.787e-02	4.554e-02	3.694e-02	3.157e-02	4.300e-02
8.300e+03	2.373e-02	1.960e-02	3.202e-02	3.793e-02	2.795e-02	4.554e-02	3.670e-02	3.165e-02	4.212e-02
8.400e+03	2.275e-02	1.995e-02	3.109e-02	3.738e-02	2.877e-02	4.554e-02	3.597e-02	3.140e-02	4.232e-02
8.500e+03	2.259e-02	1.995e-02	3.109e-02	3.768e-02	2.808e-02	4.520e-02	3.597e-02	3.103e-02	4.412e-02
8.600e+03	2.451e-02	1.997e-02	3.075e-02	3.875e-02	2.923e-02	4.520e-02	3.597e-02	3.061e-02	4.425e-02
8.700e+03	2.422e-02	1.997e-02	2.993e-02	3.869e-02	2.887e-02	4.531e-02	3.597e-02	3.049e-02	4.401e-02
8.800e+03	2.289e-02	1.978e-02	2.839e-02	3.934e-02	2.887e-02	4.561e-02	3.825e-02	3.049e-02	4.332e-02
8.900e+03	2.305e-02	1.995e-02	2.665e-02	3.941e-02	2.952e-02	4.656e-02	3.750e-02	3.113e-02	4.440e-02
9.000e+03	2.184e-02	1.986e-02	2.659e-02	3.940e-02	2.945e-02	4.808e-02	3.759e-02	3.113e-02	4.374e-02
9.100e+03	2.140e-02	1.894e-02	2.421e-02	3.970e-02	2.889e-02	4.922e-02	3.750e-02	3.058e-02	4.416e-02
9.200e+03	2.143e-02	1.844e-02	2.153e-02	3.970e-02	2.883e-02	4.910e-02	3.700e-02	3.055e-02	4.384e-02
9.300e+03	2.147e-02	1.847e-02	2.255e-02	3.945e-02	2.930e-02	4.930e-02	3.628e-02	3.109e-02	4.266e-02
9.400e+03	2.169e-02	1.729e-02	2.261e-02	3.943e-02	2.805e-02	4.940e-02	3.639e-02	3.175e-02	4.266e-02
9.500e+03	2.177e-02	1.719e-02	2.261e-02	3.951e-02	2.865e-02	5.027e-02	3.723e-02	3.182e-02	4.264e-02
9.600e+03	2.169e-02	1.720e-02	2.261e-02	3.898e-02	2.877e-02	4.959e-02	3.729e-02	3.185e-02	4.138e-02
9.700e+03	2.169e-02	1.772e-02	2.280e-02	3.897e-02	2.882e-02	4.973e-02	3.696e-02	3.178e-02	4.329e-02
9.800e+03	2.169e-02	1.822e-02	2.285e-02	3.831e-02	2.882e-02	4.986e-02	3.690e-02	3.214e-02	4.329e-02
9.900e+03	2.156e-02	1.822e-02	2.285e-02	3.808e-02	2.894e-02	4.986e-02	3.849e-02	3.317e-02	4.370e-02
1.000e+04	2.129e-02	1.800e-02	2.229e-02	3.748e-02	2.741e-02	5.040e-02	3.787e-02	3.317e-02	4.485e-02
1.010e+04	2.100e-02	1.800e-02	2.215e-02	3.753e-02	2.764e-02	5.057e-02	3.754e-02	2.843e-02	4.592e-02
1.020e+04	2.100e-02	1.800e-02	2.192e-02	3.733e-02	2.683e-02	5.019e-02	3.916e-02	2.889e-02	4.597e-02
1.030e+04	2.105e-02	1.856e-02	2.193e-02	3.815e-02	2.665e-02	4.949e-02	3.901e-02	2.869e-02	4.676e-02
1.040e+04	2.156e-02	1.916e-02	2.192e-02	3.807e-02	2.689e-02	4.949e-02	3.932e-02	2.877e-02	4.676e-02
1.050e+04	2.086e-02	1.908e-02	2.169e-02	3.792e-02	2.692e-02	4.873e-02	3.864e-02	2.877e-02	4.661e-02
1.060e+04	2.099e-02	1.922e-02	2.168e-02	3.861e-02	2.662e-02	4.830e-02	3.745e-02	2.877e-02	4.670e-02
1.070e+04	2.111e-02	1.922e-02	2.210e-02	3.965e-02	2.662e-02	4.839e-02	3.710e-02	2.894e-02	4.485e-02
1.080e+04	2.130e-02	1.916e-02	2.173e-02	3.918e-02	2.683e-02	4.691e-02	3.683e-02	2.894e-02	4.337e-02
1.090e+04	2.137e-02	1.862e-02	2.182e-02	3.890e-02	2.681e-02	4.662e-02	3.683e-02	2.894e-02	4.399e-02
1.100e+04	2.062e-02	1.862e-02	2.150e-02	3.890e-02	2.671e-02	4.644e-02	3.673e-02	2.843e-02	4.442e-02
1.110e+04	2.046e-02	1.862e-02	2.150e-02	3.883e-02	2.786e-02	4.682e-02	3.673e-02	2.843e-02	4.472e-02
1.120e+04	2.073e-02	1.862e-02	2.157e-02	3.955e-02	2.786e-02	4.674e-02	3.626e-02	2.832e-02	4.473e-02
1.130e+04	2.082e-02	1.884e-02	2.192e-02	3.984e-02	2.777e-02	4.674e-02	3.634e-02	2.845e-02	4.621e-02
1.140e+04	2.063e-02	1.896e-02	2.121e-02	3.983e-02	2.683e-02	4.674e-02	3.679e-02	2.878e-02	4.592e-02
1.150e+04	2.090e-02	1.875e-02	2.113e-02	3.983e-02	2.683e-02	4.550e-02	3.684e-02	2.898e-02	4.628e-02
1.160e+04	2.090e-02	1.854e-02	2.156e-02	3.976e-02	2.716e-02	4.531e-02	3.655e-02	2.833e-02	4.707e-02
1.170e+04	2.084e-02	1.866e-02	2.168e-02	3.976e-02	2.666e-02	4.525e-02	3.624e-02	2.781e-02	4.665e-02
1.180e+04	2.104e-02	1.859e-02	2.168e-02	4.108e-02	2.704e-02	4.353e-02	3.297e-02	2.673e-02	4.518e-02
1.190e+04	2.109e-02	1.828e-02	2.156e-02	4.048e-02	2.641e-02	4.362e-02	3.297e-02	2.658e-02	4.549e-02
1.200e+04	2.126e-02	1.828e-02	2.143e-02	4.050e-02	2.598e-02	4.254e-02	3.195e-02	2.651e-02	4.564e-02
1.210e+04	2.113e-02	1.833e-02	2.143e-02	3.749e-02	2.597e-02	4.066e-02	3.141e-02	2.429e-02	4.543e-02
1.220e+04	2.090e-02	1.828e-02	2.116e-02	3.236e-02	2.597e-02	4.038e-02	3.141e-02	2.413e-02	4.528e-02
1.230e+04	2.040e-02	1.860e-02	2.075e-02	3.254e-02	2.608e-02	3.975e-02	3.146e-02	2.494e-02	4.501e-02
1.240e+04	2.023e-02	1.880e-02	2.062e-02	3.256e-02	2.629e-02	3.985e-02	3.164e-02	2.463e-02	4.511e-02
1.250e+04	1.949e-02	1.878e-02	2.070e-02	3.256e-02	2.628e-02	4.031e-02	3.105e-02	2.463e-02	4.523e-02
1.260e+04	1.916e-02	1.878e-02	2.070e-02	3.299e-02	2.640e-02	4.031e-02	3.123e-02	2.458e-02	4.453e-02
1.270e+04	2.006e-02	1.878e-02	2.066e-02	3.168e-02	2.619e-02	4.039e-02	3.168e-02	2.471e-02	3.910e-02
1.280e+04	2.006e-02	1.890e-02	2.090e-02	3.042e-02	2.601e-02	4.048e-02	3.219e-02	2.474e-02	3.942e-02
1.290e+04	2.006e-02	1.844e-02	2.089e-02	3.046e-02	2.601e-02	4.031e-02	3.335e-02	2.491e-02	3.789e-02
1.300e+04	1.978e-02	1.844e-02	2.089e-02	3.046e-02	2.592e-02	4.031e-02	3.328e-02	2.491e-02	3.824e-02
1.310e+04	1.978e-02	1.844e-02	2.113e-02	2.888e-02	2.462e-02	4.056e-02	3.200e-02	2.635e-02	3.852e-02
1.320e+04	1.978e-02	1.813e-02	2.140e-02	2.879e-02	2.405e-02	4.099e-02	3.194e-02	2.635e-02	3.784e-02
1.330e+04	2.006e-02	1.797e-02	2.140e-02	2.879e-02	2.405e-02	4.179e-02	3.206e-02	2.640e-02	3.802e-02
1.340e+04	2.032e-02	1.794e-02	2.153e-02	2.894e-02	2.405e-02	4.153e-02	3.219e-02	2.672e-02	3.769e-02
1.350e+04	2.032e-02	1.834e-02	2.153e-02	2.810e-02	2.440e-02	4.468e-02	2.933e-02	2.623e-02	3.769e-02
1.360e+04	2.032e-02	1.829e-02	2.153e-02	2.807e-02	2.440e-02	4.468e-02	2.952e-02	2.635e-02	3.808e-02
1.370e+04	1.973e-02	1.841e-02	2.153e-02	2.818e-02	2.458e-02	4.468e-02	2.904e-02	2.591e-02	3.971e-02
1.380e+04	1.988e-02	1.860e-02	2.153e-02	2.839e-02	2.345e-02	4.481e-02	2.904e-02	2.591e-02	3.998e-02
1.390e+04	1.988e-02	1.860e-02	2.153e-02	2.835e-02	2.291e-02	4.357e-02	2.884e-02	2.606e-02	3.956e-02
1.400e+04	1.994e-02	1.829e-02	2.153e-02	2.882e-02	2.291e-02	4.357e-02	2.884e-02	2.486e-02	4.035e-02
1.410e+04	1.994e-02	1.829e-02	2.153e-02	2.841e-02	2.159e-02	4.304e-02	2.700e-02	2.226e-02	3.974e-02
1.420e+04	1.994e-02	1.829e-02	2.153e-02	2.754e-02	2.166e-02	4.316e-02	2.675e-02	2.226e-02	3.975e-02
1.430e+04	1.959e-02	1.829e-02	2.174e-02	2.801e-02	2.318e-02	4.328e-02	2.692e-02	2.097e-02	3.961e-02
1.440e+04	1.959e-02	1.829e-02	2.174e-02	2.837e-02	2.508e-02	4.338e-02	2.561e-02	2.006e-02	3.910e-02
1.450e+04	1.942e-02	1.829e-02	2.195e-02	2.859e-02	2.504e-02	4.322e-02	2.543e-02	1.992e-02	3.897e-02
1.460e+04	1.960e-02	1.829e-02	2.246e-02	2.887e-02	2.473e-02	4.322e-02	2.491e-02	2.020e-02	3.832e-02
1.470e+04	1.960e-02	1.829e-02	2.231e-02	2.904e-02	2.497e-02	4.306e-02	2.500e-02	2.017e-02	3.665e-02
1.480e+04	1.954e-02	1.797e-02	2.241e-02	2.931e-02	2.508e-02	4.334e-02	2.533e-02	1.957e-02	3.656e-02
1.490e+04	1.949e-02	1.797e-02	2.247e-02	2.882e-02	2.520e-02	4.316e-02	2.500e-02	2.007e-02	3.600e-02
1.500e+04	1.960e-02	1.787e-02	2.176e-02	2.882e-02	2.531e-02	4.317e-02	2.444e-02	2.007e-02	3.619e-02
1.510e+04	1.916e-02	1.787e-02	2.176e-02	2.883e-02	2.039e-02	4.317e-02	2.504e-02	1.965e-02	3.619e-02
1.520e+04	1.806e-02	1.766e-02	2.176e-02	2.883e-02	2.039e-02	4.307e-02	2.522e-02	2.003e-02	3.561e-02
1.530e+04	1.806e-02	1.700e-02	2.156e-02	2.865e-02	1.882e-02	4.236e-02	2.522e-02	2.062e-02	3.561e-02
1.540e+04	1.806e-02	1.700e-02	2.132e-02	2.882e-02	1.895e-02	4.089e-02	2.627e-02	2.089e-02	3.489e-02
1.550e+04	1.810e-02	1.699e-02	2.132e-02	2.903e-02	1.899e-02	4.089e-02	2.631e-02	2.089e-02	3.377e-02
1.560e+04	1.810e-02	1.664e-02	2.132e-02	2.903e-02	1.886e-02	4.088e-02	2.676e-02	2.077e-02	3.189e-02
1.570e+04	1.775e-02	1.664e-02	2.132e-02	2.905e-02	1.866e-02	4.088e-02	2.552e-02	2.067e-02	3.189e-02
1.580e+04	1.778e-02	1.664e-02	2.132e-02	2.887e-02	1.905e-02	4.056e-02	2.530e-02	1.998e-02	3.123e-02
1.590e+04	1.778e-02	1.664e-02	2.156e-02	2.867e-02	1.866e-02	4.056e-02	2.508e-02	1.994e-02	3.116e-02
1.600e+04	1.829e-02	1.664e-02	2.179e-02	2.865e-02	1.876e-02	3.414e-02	2.508e-02	1.995e-02	3.111e-02
1.610e+04	1.841e-02	1.664e-02	2.210e-02	2.882e-02	1.876e-02	3.407e-02	2.508e-02	2.077e-02	2.972e-02
1.620e+04	1.829e-02	1.664e-02	2.171e-02	2.887e-02	1.896e-02	3.408e-02	2.428e-02	2.059e-02	2.972e-02
1.630e+04	1.829e-02	1.664e-02	2.171e-02	2.887e-02	1.906e-02	3.408e-02	2.546e-02	2.066e-02	2.972e-02
1.640e+04	1.829e-02	1.664e-02	2.171e-02	2.905e-02	1.934e-02	3.417e-02	2.544e-02	2.023e-02	2.967e-02
1.650e+04	1.858e-02	1.664e-02	2.197e-02	2.923e-02	1.963e-02	3.417e-02	2.546e-02	2.031e-02	2.882e-02
1.660e+04	1.852e-02	1.664e-02	2.197e-02	2.902e-02	1.930e-02	3.399e-02	2.582e-02	2.048e-02	2.839e-02
1.670e+04	1.827e-02	1.664e-02	2.197e-02	2.902e-02	1.916e-02	3.399e-02	2.579e-02	2.103e-02	2.863e-02
1.680e+04	1.828e-02	1.699e-02	2.197e-02	2.925e-02	1.886e-02	3.511e-02	2.579e-02	2.102e-02	2.863e-02
1.690e+04	1.828e-02	1.699e-02	2.211e-02	2.975e-02	1.848e-02	3.627e-02	2.548e-02	2.208e-02	2.869e-02
1.700e+04	1.811e-02	1.696e-02	2.228e-02	2.987e-02	1.943e-02	3.627e-02	2.548e-02	2.310e-02	2.898e-02
1.710e+04	1.844e-02	1.664e-02	2.198e-02	2.987e-02	1.943e-02	3.656e-02	2.548e-02	2.462e-02	2.898e-02
1.720e+04	1.827e-02	1.664e-02	2.178e-02	3.053e-02	1.870e-02	3.677e-02	2.585e-02	2.489e-02	2.898e-02
1.730e+04	1.827e-02	1.733e-02	2.178e-02	3.075e-02	1.870e-02	3.723e-02	2.674e-02	2.516e-02	2.741e-02
1.740e+04	1.842e-02	1.733e-02	2.178e-02	3.047e-02	1.896e-02	3.507e-02	2.707e-02	2.462e-02	2.750e-02
1.750e+04	1.842e-02	1.733e-02	2.184e-02	3.047e-02	1.847e-02	3.523e-02	2.707e-02	2.451e-02	2.746e-02
1.760e+04	1.858e-02	1.733e-02	2.184e-02	3.069e-02	1.847e-02	3.555e-02	2.659e-02	2.301e-02	2.729e-02
1.770e+04	1.858e-02	1.729e-02	2.152e-02	3.021e-02	1.840e-02	3.464e-02	2.636e-02	2.293e-02	2.721e-02
1.780e+04	1.875e-02	1.729e-02	2.132e-02	3.010e-02	1.884e-02	3.301e-02	2.621e-02	2.260e-02	2.766e-02
1.790e+04	1.859e-02	1.708e-02	2.116e-02	3.021e-02	1.778e-02	3.302e-02	2.649e-02	1.868e-02	2.838e-02
1.800e+04	1.821e-02	1.708e-02	2.116e-02	3.002e-02	1.778e-02	3.314e-02	2.688e-02	1.872e-02	2.757e-02
1.810e+04	1.825e-02	1.708e-02	2.100e-02	3.002e-02	1.778e-02	3.216e-02	2.673e-02	1.872e-02	2.850e-02
1.820e+04	1.827e-02	1.729e-02	2.131e-02	2.926e-02	1.759e-02	3.216e-02	2.721e-02	1.868e-02	2.852e-02
1.830e+04	1.827e-02	1.729e-02	2.135e-02	2.926e-02	1.778e-02	3.033e-02	2.759e-02	1.868e-02	2.805e-02
1.840e+04	1.839e-02	1.729e-02	2.121e-02	2.774e-02	1.815e-02	3.017e-02	2.737e-02	1.872e-02	2.805e-02
1.850e+04	1.859e-02	1.738e-02	2.121e-02	2.760e-02	1.957e-02	2.998e-02	2.737e-02	1.838e-02	2.805e-02
1.860e+04	1.859e-02	1.814e-02	2.121e-02	2.777e-02	2.083e-02	2.998e-02	2.740e-02	1.841e-02	2.835e-02
1.870e+04	1.859e-02	1.814e-02	2.121e-02	2.813e-02	2.084e-02	3.013e-02	2.773e-02	1.875e-02	2.835e-02
1.880e+04	1.859e-02	1.814e-02	2.116e-02	2.797e-02	2.114e-02	3.013e-02	2.782e-02	1.859e-02	2.879e-02
1.890e+04	1.859e-02	1.814e-02	2.116e-02	2.731e-02	2.115e-02	3.013e-02	2.762e-02	1.874e-02	2.862e-02
1.900e+04	1.876e-02	1.814e-02	2.178e-02	2.757e-02	2.143e-02	3.013e-02	2.778e-02	1.874e-02	2.875e-02
1.910e+04	1.882e-02	1.814e-02	2.178e-02	2.729e-02	2.169e-02	3.017e-02	2.764e-02	1.858e-02	3.019e-02
1.920e+04	1.857e-02	1.814e-02	2.158e-02	2.774e-02	2.169e-02	3.021e-02	2.774e-02	1.785e-02	3.028e-02
1.930e+04	1.936e-02	1.791e-02	2.158e-02	2.742e-02	2.219e-02	3.025e-02	2.784e-02	1.794e-02	3.019e-02
1.940e+04	1.936e-02	1.791e-02	2.145e-02	2.702e-02	2.220e-02	2.926e-02	2.825e-02	1.785e-02	3.032e-02
1.950e+04	1.936e-02	1.791e-02	2.190e-02	2.702e-02	2.220e-02	2.926e-02	2.845e-02	1.782e-02	3.032e-02
1.960e+04	1.936e-02	1.791e-02	2.305e-02	2.686e-02	2.220e-02	2.903e-02	2.797e-02	1.778e-02	3.032e-02
1.970e+04	1.936e-02	1.860e-02	2.305e-02	2.686e-02	2.246e-02	2.945e-02	2.691e-02	1.802e-02	3.032e-02
1.980e+04	1.936e-02	1.853e-02	2.305e-02	2.681e-02	2.271e-02	2.939e-02	2.691e-02	1.762e-02	3.017e-02
1.990e+04	2.048e-02	1.825e-02	2.305e-02	2.675e-02	2.271e-02	2.939e-02	2.691e-02	1.783e-02	3.017e-02
2.000e+04	2.048e-02	1.841e-02	2.305e-02	2.675e-02	2.271e-02	2.939e-02	2.691e-02	1.783e-02	3.028e-02
