n.evals.q.1.0.	_.locomotion.hilly.5.0.75.ga.epistasis.0.5.all.each.brain.epistasis.sd	_.locomotion.hilly.5.0.75.ga.epistasis.0.5.all.each.brain.epistasis.sd.min	_.locomotion.hilly.5.0.75.ga.epistasis.0.5.all.each.brain.epistasis.sd.max	_.locomotion.hilly.5.0.75.ga.epistasis.1.0.all.each.brain.epistasis.sd	_.locomotion.hilly.5.0.75.ga.epistasis.1.0.all.each.brain.epistasis.sd.min	_.locomotion.hilly.5.0.75.ga.epistasis.1.0.all.each.brain.epistasis.sd.max	_.locomotion.hilly.5.0.75.ga.epistasis.2.0.all.each.brain.epistasis.sd	_.locomotion.hilly.5.0.75.ga.epistasis.2.0.all.each.brain.epistasis.sd.min	_.locomotion.hilly.5.0.75.ga.epistasis.2.0.all.each.brain.epistasis.sd.max
1.000e+02	4.901e-02	4.372e-02	5.158e-02	5.023e-02	4.800e-02	5.055e-02	4.622e-02	4.516e-02	4.715e-02
2.000e+02	4.717e-02	4.593e-02	4.852e-02	5.226e-02	4.999e-02	5.493e-02	4.706e-02	4.640e-02	4.825e-02
3.000e+02	4.751e-02	4.555e-02	4.836e-02	5.224e-02	4.869e-02	5.291e-02	4.719e-02	4.571e-02	4.822e-02
4.000e+02	4.782e-02	4.547e-02	4.995e-02	5.200e-02	4.794e-02	5.324e-02	4.653e-02	4.621e-02	4.921e-02
5.000e+02	4.658e-02	4.518e-02	4.829e-02	5.011e-02	4.906e-02	5.163e-02	4.820e-02	4.670e-02	4.936e-02
6.000e+02	4.576e-02	4.439e-02	4.905e-02	5.003e-02	4.743e-02	5.122e-02	4.754e-02	4.576e-02	4.817e-02
7.000e+02	4.628e-02	4.425e-02	4.980e-02	4.862e-02	4.463e-02	5.044e-02	4.841e-02	4.679e-02	4.989e-02
8.000e+02	4.688e-02	4.415e-02	4.874e-02	4.821e-02	4.384e-02	5.186e-02	4.691e-02	4.461e-02	4.983e-02
9.000e+02	4.768e-02	4.431e-02	5.112e-02	4.777e-02	4.297e-02	5.097e-02	4.703e-02	4.300e-02	4.885e-02
1.000e+03	4.605e-02	4.314e-02	4.869e-02	4.855e-02	4.433e-02	5.182e-02	4.638e-02	4.206e-02	5.077e-02
1.100e+03	4.461e-02	4.301e-02	4.863e-02	4.907e-02	4.563e-02	5.094e-02	4.634e-02	4.214e-02	5.154e-02
1.200e+03	4.609e-02	4.366e-02	4.937e-02	4.802e-02	4.561e-02	5.036e-02	4.643e-02	4.128e-02	5.148e-02
1.300e+03	4.668e-02	4.484e-02	4.919e-02	4.815e-02	4.610e-02	5.173e-02	4.624e-02	4.049e-02	5.107e-02
1.400e+03	4.707e-02	4.411e-02	5.049e-02	4.779e-02	4.536e-02	5.134e-02	4.618e-02	4.069e-02	5.193e-02
1.500e+03	4.767e-02	4.317e-02	5.090e-02	5.021e-02	4.434e-02	5.063e-02	4.722e-02	4.129e-02	5.199e-02
1.600e+03	4.540e-02	4.170e-02	4.961e-02	4.977e-02	4.370e-02	5.350e-02	4.666e-02	4.259e-02	5.252e-02
1.700e+03	4.586e-02	4.246e-02	4.660e-02	4.959e-02	4.325e-02	5.440e-02	4.648e-02	4.204e-02	5.262e-02
1.800e+03	4.647e-02	4.287e-02	4.831e-02	5.035e-02	4.432e-02	5.328e-02	4.761e-02	4.223e-02	5.365e-02
1.900e+03	4.648e-02	4.161e-02	5.026e-02	5.081e-02	4.389e-02	5.513e-02	4.754e-02	4.249e-02	5.204e-02
2.000e+03	4.629e-02	4.318e-02	5.028e-02	5.099e-02	4.484e-02	5.348e-02	4.694e-02	4.191e-02	5.173e-02
2.100e+03	4.589e-02	4.299e-02	4.990e-02	5.195e-02	4.451e-02	5.371e-02	4.654e-02	3.965e-02	5.124e-02
2.200e+03	4.634e-02	4.190e-02	4.826e-02	5.294e-02	4.443e-02	5.378e-02	4.781e-02	3.896e-02	5.094e-02
2.300e+03	4.651e-02	4.246e-02	4.926e-02	5.222e-02	4.459e-02	5.444e-02	4.772e-02	4.045e-02	5.118e-02
2.400e+03	4.635e-02	4.232e-02	4.797e-02	5.297e-02	4.547e-02	5.430e-02	4.748e-02	4.120e-02	5.021e-02
2.500e+03	4.688e-02	4.124e-02	4.885e-02	5.098e-02	4.717e-02	5.525e-02	4.899e-02	4.147e-02	4.972e-02
2.600e+03	4.504e-02	4.155e-02	4.762e-02	5.008e-02	4.694e-02	5.616e-02	4.907e-02	4.206e-02	5.021e-02
2.700e+03	4.541e-02	3.931e-02	4.677e-02	5.297e-02	4.682e-02	5.451e-02	4.932e-02	4.297e-02	5.140e-02
2.800e+03	4.371e-02	3.723e-02	4.501e-02	5.160e-02	4.373e-02	5.542e-02	5.004e-02	4.266e-02	5.057e-02
2.900e+03	4.329e-02	3.710e-02	4.473e-02	5.143e-02	4.363e-02	5.528e-02	4.938e-02	4.279e-02	5.047e-02
3.000e+03	4.286e-02	3.601e-02	4.410e-02	5.181e-02	4.249e-02	5.628e-02	4.895e-02	4.247e-02	5.180e-02
3.100e+03	4.219e-02	3.541e-02	4.276e-02	5.278e-02	3.861e-02	5.598e-02	4.934e-02	4.440e-02	5.155e-02
3.200e+03	4.111e-02	3.496e-02	4.404e-02	5.329e-02	3.738e-02	5.657e-02	4.857e-02	4.329e-02	5.222e-02
3.300e+03	4.034e-02	3.624e-02	4.343e-02	5.319e-02	3.672e-02	5.511e-02	4.800e-02	4.236e-02	5.288e-02
3.400e+03	3.985e-02	3.619e-02	4.354e-02	5.377e-02	3.504e-02	5.603e-02	4.768e-02	4.190e-02	5.180e-02
3.500e+03	3.854e-02	3.595e-02	4.252e-02	5.417e-02	3.392e-02	5.607e-02	4.743e-02	4.183e-02	5.020e-02
3.600e+03	3.954e-02	3.577e-02	4.279e-02	5.418e-02	3.271e-02	5.594e-02	4.754e-02	4.111e-02	4.968e-02
3.700e+03	4.004e-02	3.407e-02	4.223e-02	5.363e-02	3.252e-02	5.525e-02	4.736e-02	4.082e-02	4.813e-02
3.800e+03	4.015e-02	3.388e-02	4.056e-02	5.249e-02	3.132e-02	5.618e-02	4.761e-02	4.056e-02	4.856e-02
3.900e+03	3.968e-02	3.402e-02	4.030e-02	5.143e-02	2.807e-02	5.544e-02	4.629e-02	4.027e-02	4.908e-02
4.000e+03	3.901e-02	3.500e-02	3.993e-02	5.021e-02	2.779e-02	5.584e-02	4.628e-02	4.009e-02	4.930e-02
4.100e+03	3.864e-02	3.412e-02	4.025e-02	5.038e-02	2.795e-02	5.584e-02	4.628e-02	4.079e-02	4.891e-02
4.200e+03	3.859e-02	3.286e-02	4.133e-02	4.966e-02	2.880e-02	5.624e-02	4.561e-02	4.061e-02	4.843e-02
4.300e+03	3.923e-02	3.286e-02	4.060e-02	4.850e-02	2.982e-02	5.598e-02	4.598e-02	4.192e-02	4.717e-02
4.400e+03	3.641e-02	3.114e-02	4.082e-02	4.877e-02	2.983e-02	5.617e-02	4.549e-02	4.073e-02	4.743e-02
4.500e+03	3.595e-02	2.965e-02	4.063e-02	4.873e-02	2.681e-02	5.614e-02	4.523e-02	3.837e-02	4.787e-02
4.600e+03	3.571e-02	2.831e-02	4.117e-02	4.797e-02	2.785e-02	5.426e-02	4.554e-02	3.800e-02	4.674e-02
4.700e+03	3.619e-02	2.831e-02	4.117e-02	4.549e-02	2.613e-02	5.020e-02	4.561e-02	3.673e-02	4.715e-02
4.800e+03	3.718e-02	2.723e-02	4.025e-02	4.358e-02	2.743e-02	4.855e-02	4.490e-02	3.800e-02	4.664e-02
4.900e+03	3.729e-02	2.700e-02	3.960e-02	4.358e-02	2.728e-02	4.834e-02	4.336e-02	3.805e-02	4.642e-02
5.000e+03	3.674e-02	2.694e-02	3.973e-02	4.277e-02	2.731e-02	4.834e-02	4.356e-02	3.781e-02	4.489e-02
5.100e+03	3.702e-02	2.517e-02	3.915e-02	4.124e-02	2.968e-02	4.828e-02	4.177e-02	3.852e-02	4.217e-02
5.200e+03	3.702e-02	2.600e-02	3.887e-02	4.103e-02	2.994e-02	4.819e-02	4.199e-02	3.808e-02	4.217e-02
5.300e+03	3.647e-02	2.658e-02	3.702e-02	4.075e-02	2.990e-02	4.778e-02	4.092e-02	3.842e-02	4.224e-02
5.400e+03	3.591e-02	2.638e-02	3.634e-02	3.874e-02	2.978e-02	4.696e-02	4.126e-02	3.846e-02	4.351e-02
5.500e+03	3.407e-02	2.310e-02	3.640e-02	3.882e-02	2.854e-02	4.594e-02	4.053e-02	3.883e-02	4.427e-02
5.600e+03	3.321e-02	2.377e-02	3.461e-02	3.760e-02	2.850e-02	4.460e-02	4.036e-02	3.924e-02	4.417e-02
5.700e+03	3.046e-02	2.390e-02	3.412e-02	3.716e-02	3.062e-02	4.446e-02	4.035e-02	3.849e-02	4.427e-02
5.800e+03	2.871e-02	2.553e-02	3.349e-02	3.634e-02	2.904e-02	4.482e-02	4.013e-02	3.763e-02	4.287e-02
5.900e+03	2.831e-02	2.638e-02	3.333e-02	3.665e-02	2.854e-02	4.439e-02	3.959e-02	3.490e-02	4.171e-02
6.000e+03	2.818e-02	2.485e-02	3.333e-02	3.458e-02	2.729e-02	4.475e-02	3.961e-02	3.552e-02	4.171e-02
6.100e+03	2.610e-02	2.358e-02	3.342e-02	3.450e-02	2.695e-02	4.279e-02	4.073e-02	3.665e-02	4.171e-02
6.200e+03	2.797e-02	2.266e-02	3.086e-02	3.475e-02	2.698e-02	4.461e-02	4.034e-02	3.480e-02	4.100e-02
6.300e+03	2.734e-02	2.179e-02	3.176e-02	3.468e-02	2.659e-02	4.447e-02	3.962e-02	3.505e-02	4.032e-02
6.400e+03	2.723e-02	2.229e-02	3.011e-02	3.419e-02	2.598e-02	4.419e-02	3.886e-02	3.480e-02	4.022e-02
6.500e+03	2.540e-02	2.048e-02	2.962e-02	3.372e-02	2.573e-02	4.252e-02	3.913e-02	3.600e-02	4.111e-02
6.600e+03	2.548e-02	1.992e-02	2.834e-02	3.390e-02	2.566e-02	4.291e-02	3.832e-02	3.606e-02	3.975e-02
6.700e+03	2.544e-02	1.963e-02	2.894e-02	3.329e-02	2.558e-02	4.319e-02	3.821e-02	3.632e-02	3.977e-02
6.800e+03	2.517e-02	1.976e-02	2.887e-02	3.276e-02	2.619e-02	4.318e-02	3.785e-02	3.476e-02	3.965e-02
6.900e+03	2.521e-02	2.034e-02	2.933e-02	3.261e-02	2.982e-02	4.305e-02	3.844e-02	3.440e-02	3.914e-02
7.000e+03	2.517e-02	2.033e-02	2.878e-02	3.217e-02	2.981e-02	4.331e-02	3.869e-02	3.291e-02	3.959e-02
7.100e+03	2.539e-02	1.966e-02	2.941e-02	3.156e-02	2.963e-02	4.277e-02	3.898e-02	3.291e-02	3.948e-02
7.200e+03	2.558e-02	1.961e-02	2.897e-02	3.120e-02	2.787e-02	4.275e-02	3.822e-02	3.270e-02	3.966e-02
7.300e+03	2.558e-02	1.912e-02	2.708e-02	3.120e-02	2.776e-02	4.232e-02	3.889e-02	3.285e-02	4.027e-02
7.400e+03	2.497e-02	1.960e-02	2.606e-02	3.116e-02	2.816e-02	4.251e-02	3.917e-02	3.255e-02	4.084e-02
7.500e+03	2.345e-02	1.895e-02	2.597e-02	3.111e-02	2.817e-02	4.288e-02	3.677e-02	3.273e-02	4.074e-02
7.600e+03	2.345e-02	1.895e-02	2.566e-02	3.006e-02	2.817e-02	4.305e-02	3.687e-02	3.289e-02	4.125e-02
7.700e+03	2.345e-02	1.904e-02	2.566e-02	3.006e-02	2.776e-02	4.305e-02	3.765e-02	3.213e-02	4.100e-02
7.800e+03	2.224e-02	1.872e-02	2.566e-02	3.006e-02	2.623e-02	4.266e-02	3.765e-02	3.266e-02	4.074e-02
7.900e+03	2.204e-02	1.860e-02	2.566e-02	2.959e-02	2.623e-02	4.253e-02	3.795e-02	3.284e-02	4.120e-02
8.000e+03	2.185e-02	1.829e-02	2.566e-02	2.984e-02	2.610e-02	4.154e-02	3.855e-02	3.293e-02	4.100e-02
8.100e+03	2.078e-02	1.781e-02	2.588e-02	3.127e-02	2.606e-02	4.138e-02	3.837e-02	3.291e-02	4.220e-02
8.200e+03	2.174e-02	1.802e-02	2.553e-02	3.128e-02	2.606e-02	4.046e-02	3.807e-02	3.293e-02	4.220e-02
8.300e+03	2.174e-02	1.802e-02	2.552e-02	3.144e-02	2.593e-02	3.911e-02	3.823e-02	3.280e-02	4.247e-02
8.400e+03	2.178e-02	1.762e-02	2.508e-02	3.313e-02	2.593e-02	3.852e-02	3.766e-02	3.278e-02	4.247e-02
8.500e+03	2.005e-02	1.762e-02	2.335e-02	3.313e-02	2.630e-02	3.761e-02	3.766e-02	3.245e-02	4.218e-02
8.600e+03	2.059e-02	1.813e-02	2.357e-02	3.291e-02	2.616e-02	3.755e-02	3.804e-02	3.198e-02	4.222e-02
8.700e+03	2.073e-02	1.827e-02	2.285e-02	3.266e-02	2.616e-02	3.811e-02	3.811e-02	3.242e-02	4.103e-02
8.800e+03	2.061e-02	1.822e-02	2.314e-02	3.268e-02	2.588e-02	3.787e-02	3.704e-02	3.116e-02	3.912e-02
8.900e+03	2.054e-02	1.813e-02	2.338e-02	3.286e-02	2.588e-02	3.783e-02	3.670e-02	3.028e-02	3.785e-02
9.000e+03	2.073e-02	1.800e-02	2.342e-02	3.314e-02	2.580e-02	3.714e-02	3.735e-02	3.060e-02	3.843e-02
9.100e+03	2.045e-02	1.852e-02	2.354e-02	3.351e-02	2.679e-02	3.709e-02	3.705e-02	3.104e-02	3.843e-02
9.200e+03	2.034e-02	1.816e-02	2.350e-02	3.256e-02	2.634e-02	3.756e-02	3.459e-02	3.117e-02	3.943e-02
9.300e+03	2.017e-02	1.816e-02	2.266e-02	3.287e-02	2.632e-02	3.756e-02	3.468e-02	3.118e-02	3.889e-02
9.400e+03	1.890e-02	1.822e-02	2.249e-02	3.259e-02	2.643e-02	3.756e-02	3.554e-02	3.010e-02	3.902e-02
9.500e+03	1.890e-02	1.809e-02	2.230e-02	3.206e-02	2.683e-02	3.753e-02	3.650e-02	2.921e-02	4.081e-02
9.600e+03	1.890e-02	1.809e-02	2.236e-02	3.206e-02	2.749e-02	3.744e-02	3.665e-02	2.960e-02	4.276e-02
9.700e+03	2.075e-02	1.840e-02	2.261e-02	3.131e-02	2.742e-02	3.752e-02	3.600e-02	2.839e-02	4.376e-02
9.800e+03	2.075e-02	1.840e-02	2.299e-02	3.104e-02	2.766e-02	3.675e-02	3.600e-02	2.839e-02	4.407e-02
9.900e+03	2.088e-02	1.848e-02	2.299e-02	3.066e-02	2.704e-02	3.675e-02	3.601e-02	2.921e-02	4.443e-02
1.000e+04	1.971e-02	1.840e-02	2.299e-02	3.150e-02	2.733e-02	3.675e-02	3.663e-02	3.046e-02	4.437e-02
1.010e+04	1.974e-02	1.820e-02	2.311e-02	3.183e-02	2.693e-02	3.334e-02	3.663e-02	3.056e-02	4.473e-02
1.020e+04	1.974e-02	1.766e-02	2.311e-02	3.178e-02	2.686e-02	3.311e-02	3.565e-02	2.968e-02	4.496e-02
1.030e+04	1.990e-02	1.742e-02	2.428e-02	3.065e-02	2.681e-02	3.365e-02	3.569e-02	2.972e-02	4.501e-02
1.040e+04	2.005e-02	1.829e-02	2.428e-02	3.086e-02	2.642e-02	3.299e-02	3.569e-02	2.982e-02	4.504e-02
1.050e+04	2.020e-02	1.820e-02	2.318e-02	3.093e-02	2.641e-02	3.314e-02	3.555e-02	2.973e-02	4.395e-02
1.060e+04	2.034e-02	1.820e-02	2.373e-02	3.131e-02	2.628e-02	3.310e-02	3.599e-02	2.973e-02	4.395e-02
1.070e+04	2.046e-02	1.820e-02	2.366e-02	3.149e-02	2.713e-02	3.304e-02	3.554e-02	2.945e-02	4.347e-02
1.080e+04	2.046e-02	1.815e-02	2.420e-02	3.163e-02	2.553e-02	3.340e-02	3.565e-02	2.945e-02	4.295e-02
1.090e+04	2.059e-02	1.815e-02	2.429e-02	3.182e-02	2.573e-02	3.317e-02	3.568e-02	2.945e-02	4.273e-02
1.100e+04	2.071e-02	1.738e-02	2.405e-02	3.160e-02	2.742e-02	3.283e-02	3.568e-02	2.916e-02	4.078e-02
1.110e+04	2.067e-02	1.738e-02	2.472e-02	3.093e-02	2.756e-02	3.308e-02	3.594e-02	2.906e-02	4.083e-02
1.120e+04	2.051e-02	1.729e-02	2.481e-02	3.081e-02	2.716e-02	3.365e-02	3.619e-02	2.906e-02	4.083e-02
1.130e+04	2.083e-02	1.729e-02	2.460e-02	3.019e-02	2.638e-02	3.365e-02	3.619e-02	2.972e-02	3.994e-02
1.140e+04	2.110e-02	1.729e-02	2.460e-02	3.171e-02	2.694e-02	3.369e-02	3.679e-02	2.943e-02	3.925e-02
1.150e+04	2.130e-02	1.687e-02	2.428e-02	3.101e-02	2.686e-02	3.369e-02	3.660e-02	2.944e-02	3.918e-02
1.160e+04	2.130e-02	1.687e-02	2.428e-02	2.993e-02	2.611e-02	3.369e-02	3.663e-02	2.902e-02	3.923e-02
1.170e+04	2.184e-02	1.687e-02	2.400e-02	3.044e-02	2.526e-02	3.369e-02	3.720e-02	2.904e-02	4.011e-02
1.180e+04	2.184e-02	1.673e-02	2.400e-02	2.906e-02	2.520e-02	3.371e-02	3.748e-02	2.882e-02	4.088e-02
1.190e+04	2.184e-02	1.658e-02	2.411e-02	2.904e-02	2.520e-02	3.231e-02	3.770e-02	2.736e-02	4.151e-02
1.200e+04	2.184e-02	1.658e-02	2.402e-02	2.898e-02	2.589e-02	3.234e-02	3.729e-02	2.904e-02	3.972e-02
1.210e+04	2.192e-02	1.658e-02	2.402e-02	2.784e-02	2.516e-02	3.228e-02	3.729e-02	2.871e-02	3.982e-02
1.220e+04	2.190e-02	1.658e-02	2.460e-02	2.723e-02	2.411e-02	3.228e-02	3.807e-02	2.941e-02	4.012e-02
1.230e+04	2.190e-02	1.664e-02	2.358e-02	2.741e-02	2.415e-02	3.199e-02	3.753e-02	2.977e-02	3.975e-02
1.240e+04	2.172e-02	1.664e-02	2.414e-02	2.728e-02	2.426e-02	3.199e-02	3.778e-02	2.912e-02	4.078e-02
1.250e+04	2.158e-02	1.690e-02	2.397e-02	2.728e-02	2.373e-02	3.224e-02	3.612e-02	2.923e-02	4.062e-02
1.260e+04	2.078e-02	1.661e-02	2.397e-02	2.702e-02	2.357e-02	2.968e-02	3.631e-02	2.918e-02	4.122e-02
1.270e+04	2.056e-02	1.698e-02	2.454e-02	2.667e-02	2.359e-02	3.006e-02	3.616e-02	2.923e-02	4.124e-02
1.280e+04	2.022e-02	1.698e-02	2.448e-02	2.782e-02	2.361e-02	3.024e-02	3.555e-02	2.933e-02	4.138e-02
1.290e+04	2.031e-02	1.699e-02	2.471e-02	2.787e-02	2.341e-02	3.004e-02	3.514e-02	2.943e-02	4.152e-02
1.300e+04	1.924e-02	1.666e-02	2.500e-02	2.732e-02	2.368e-02	2.998e-02	3.487e-02	2.936e-02	4.206e-02
1.310e+04	1.928e-02	1.666e-02	2.534e-02	2.746e-02	2.136e-02	3.023e-02	3.461e-02	2.923e-02	4.332e-02
1.320e+04	1.816e-02	1.699e-02	2.571e-02	2.686e-02	2.108e-02	3.023e-02	3.454e-02	2.865e-02	4.325e-02
1.330e+04	1.825e-02	1.699e-02	2.571e-02	2.638e-02	2.202e-02	2.971e-02	3.494e-02	2.871e-02	4.314e-02
1.340e+04	1.825e-02	1.731e-02	2.558e-02	2.624e-02	2.202e-02	2.957e-02	3.509e-02	2.858e-02	4.249e-02
1.350e+04	1.825e-02	1.760e-02	2.717e-02	2.615e-02	2.082e-02	2.947e-02	3.536e-02	2.870e-02	4.179e-02
1.360e+04	1.821e-02	1.684e-02	2.784e-02	2.504e-02	1.974e-02	2.947e-02	3.522e-02	2.847e-02	4.193e-02
1.370e+04	1.826e-02	1.723e-02	2.766e-02	2.522e-02	1.914e-02	3.013e-02	3.542e-02	2.835e-02	4.196e-02
1.380e+04	1.816e-02	1.700e-02	2.745e-02	2.489e-02	1.907e-02	3.058e-02	3.400e-02	2.803e-02	4.104e-02
1.390e+04	1.816e-02	1.700e-02	2.758e-02	2.483e-02	1.877e-02	3.058e-02	3.355e-02	2.831e-02	4.055e-02
1.400e+04	1.816e-02	1.700e-02	2.742e-02	2.599e-02	1.877e-02	3.058e-02	3.352e-02	2.766e-02	4.008e-02
1.410e+04	1.791e-02	1.700e-02	2.742e-02	2.597e-02	1.822e-02	3.058e-02	3.359e-02	2.784e-02	3.963e-02
1.420e+04	1.791e-02	1.700e-02	2.741e-02	2.615e-02	1.817e-02	3.043e-02	3.331e-02	2.797e-02	3.933e-02
1.430e+04	1.751e-02	1.700e-02	2.717e-02	2.619e-02	1.816e-02	3.043e-02	3.287e-02	2.787e-02	3.810e-02
1.440e+04	1.729e-02	1.657e-02	2.723e-02	2.619e-02	1.860e-02	3.043e-02	3.066e-02	2.814e-02	3.740e-02
1.450e+04	1.798e-02	1.662e-02	2.737e-02	2.617e-02	1.877e-02	3.105e-02	2.982e-02	2.790e-02	3.717e-02
1.460e+04	1.798e-02	1.685e-02	2.737e-02	2.637e-02	1.860e-02	3.071e-02	2.944e-02	2.790e-02	3.582e-02
1.470e+04	1.797e-02	1.662e-02	2.737e-02	2.568e-02	1.876e-02	3.088e-02	2.963e-02	2.358e-02	3.474e-02
1.480e+04	1.829e-02	1.640e-02	2.737e-02	2.525e-02	1.896e-02	3.039e-02	2.945e-02	2.366e-02	3.458e-02
1.490e+04	1.798e-02	1.640e-02	2.737e-02	2.520e-02	1.890e-02	3.002e-02	2.935e-02	2.358e-02	3.325e-02
1.500e+04	1.733e-02	1.640e-02	2.707e-02	2.537e-02	1.931e-02	3.038e-02	2.904e-02	2.329e-02	3.178e-02
1.510e+04	1.733e-02	1.645e-02	2.723e-02	2.540e-02	1.924e-02	3.000e-02	2.840e-02	2.299e-02	3.065e-02
1.520e+04	1.708e-02	1.645e-02	2.630e-02	2.543e-02	1.875e-02	3.000e-02	2.873e-02	2.280e-02	3.017e-02
1.530e+04	1.705e-02	1.645e-02	2.630e-02	2.543e-02	1.850e-02	3.016e-02	2.879e-02	2.228e-02	3.017e-02
1.540e+04	1.705e-02	1.662e-02	2.630e-02	2.566e-02	1.850e-02	2.970e-02	2.879e-02	2.231e-02	3.017e-02
1.550e+04	1.705e-02	1.662e-02	2.662e-02	2.566e-02	1.884e-02	2.970e-02	2.873e-02	2.194e-02	3.040e-02
1.560e+04	1.919e-02	1.662e-02	2.662e-02	2.503e-02	1.888e-02	2.910e-02	2.834e-02	2.221e-02	3.029e-02
1.570e+04	1.947e-02	1.662e-02	2.606e-02	2.470e-02	1.887e-02	2.910e-02	2.678e-02	2.051e-02	3.076e-02
1.580e+04	1.947e-02	1.662e-02	2.615e-02	2.379e-02	1.881e-02	2.894e-02	2.713e-02	2.076e-02	3.085e-02
1.590e+04	1.919e-02	1.672e-02	2.630e-02	2.392e-02	1.847e-02	2.687e-02	2.707e-02	2.042e-02	2.976e-02
1.600e+04	1.886e-02	1.684e-02	2.542e-02	2.318e-02	1.853e-02	2.736e-02	2.702e-02	1.982e-02	2.987e-02
1.610e+04	1.884e-02	1.662e-02	2.521e-02	2.374e-02	1.853e-02	2.750e-02	2.667e-02	1.986e-02	2.998e-02
1.620e+04	1.875e-02	1.662e-02	2.521e-02	2.378e-02	1.870e-02	2.716e-02	2.673e-02	1.960e-02	2.998e-02
1.630e+04	1.847e-02	1.662e-02	2.521e-02	2.345e-02	1.877e-02	2.719e-02	2.622e-02	1.963e-02	2.966e-02
1.640e+04	1.847e-02	1.662e-02	2.521e-02	2.345e-02	1.860e-02	2.719e-02	2.602e-02	1.989e-02	2.957e-02
1.650e+04	1.844e-02	1.672e-02	2.521e-02	2.345e-02	1.860e-02	2.695e-02	2.681e-02	1.982e-02	2.817e-02
1.660e+04	1.886e-02	1.659e-02	2.521e-02	2.358e-02	1.841e-02	2.613e-02	2.670e-02	1.982e-02	2.737e-02
1.670e+04	1.886e-02	1.650e-02	2.540e-02	2.358e-02	1.866e-02	2.613e-02	2.606e-02	1.970e-02	2.736e-02
1.680e+04	1.841e-02	1.653e-02	2.566e-02	2.366e-02	1.871e-02	2.613e-02	2.606e-02	1.999e-02	2.729e-02
1.690e+04	1.841e-02	1.653e-02	2.531e-02	2.366e-02	1.853e-02	2.613e-02	2.516e-02	2.011e-02	2.648e-02
1.700e+04	1.773e-02	1.653e-02	2.535e-02	2.366e-02	1.798e-02	2.666e-02	2.506e-02	1.942e-02	2.616e-02
1.710e+04	1.752e-02	1.653e-02	2.544e-02	2.345e-02	1.798e-02	2.666e-02	2.506e-02	1.825e-02	2.643e-02
1.720e+04	1.853e-02	1.659e-02	2.540e-02	2.369e-02	1.853e-02	2.648e-02	2.506e-02	1.853e-02	2.687e-02
1.730e+04	1.870e-02	1.659e-02	2.540e-02	2.369e-02	1.920e-02	2.648e-02	2.493e-02	1.860e-02	2.588e-02
1.740e+04	1.870e-02	1.680e-02	2.548e-02	2.210e-02	1.942e-02	2.615e-02	2.506e-02	1.853e-02	2.569e-02
1.750e+04	1.981e-02	1.667e-02	2.548e-02	2.225e-02	1.974e-02	2.615e-02	2.506e-02	1.825e-02	2.560e-02
1.760e+04	1.981e-02	1.691e-02	2.548e-02	2.225e-02	1.983e-02	2.632e-02	2.506e-02	1.825e-02	2.560e-02
1.770e+04	1.981e-02	1.713e-02	2.557e-02	2.257e-02	1.980e-02	2.632e-02	2.469e-02	1.865e-02	2.518e-02
1.780e+04	1.981e-02	1.700e-02	2.559e-02	2.270e-02	1.980e-02	2.658e-02	2.316e-02	1.878e-02	2.518e-02
1.790e+04	1.981e-02	1.706e-02	2.595e-02	2.270e-02	2.008e-02	2.659e-02	2.315e-02	1.929e-02	2.564e-02
1.800e+04	2.016e-02	1.700e-02	2.573e-02	2.189e-02	2.044e-02	2.643e-02	2.366e-02	1.916e-02	2.564e-02
1.810e+04	2.016e-02	1.673e-02	2.622e-02	2.189e-02	2.084e-02	2.718e-02	2.366e-02	1.966e-02	2.564e-02
1.820e+04	2.016e-02	1.673e-02	2.622e-02	2.189e-02	2.076e-02	2.694e-02	2.405e-02	2.029e-02	2.564e-02
1.830e+04	2.050e-02	1.696e-02	2.622e-02	2.225e-02	2.073e-02	2.670e-02	2.409e-02	2.072e-02	2.553e-02
1.840e+04	2.095e-02	1.667e-02	2.557e-02	2.198e-02	2.071e-02	2.670e-02	2.409e-02	2.084e-02	2.619e-02
1.850e+04	2.095e-02	1.667e-02	2.517e-02	2.260e-02	2.039e-02	2.687e-02	2.436e-02	2.137e-02	2.661e-02
1.860e+04	2.095e-02	1.687e-02	2.520e-02	2.318e-02	2.039e-02	2.687e-02	2.389e-02	2.218e-02	2.661e-02
1.870e+04	2.095e-02	1.692e-02	2.520e-02	2.321e-02	1.847e-02	2.691e-02	2.363e-02	2.223e-02	2.640e-02
1.880e+04	2.109e-02	1.706e-02	2.520e-02	2.366e-02	1.860e-02	2.691e-02	2.402e-02	2.255e-02	2.640e-02
1.890e+04	2.109e-02	1.706e-02	2.520e-02	2.396e-02	1.860e-02	2.691e-02	2.428e-02	2.284e-02	2.640e-02
1.900e+04	2.109e-02	1.706e-02	2.520e-02	2.474e-02	1.878e-02	2.677e-02	2.454e-02	2.246e-02	2.640e-02
1.910e+04	2.109e-02	1.729e-02	2.520e-02	2.459e-02	1.860e-02	2.677e-02	2.516e-02	2.246e-02	2.673e-02
1.920e+04	2.109e-02	1.731e-02	2.483e-02	2.459e-02	1.878e-02	2.677e-02	2.516e-02	2.234e-02	2.673e-02
1.930e+04	2.109e-02	1.731e-02	2.483e-02	2.321e-02	1.878e-02	2.627e-02	2.481e-02	2.234e-02	2.683e-02
1.940e+04	2.150e-02	1.720e-02	2.483e-02	2.321e-02	1.930e-02	2.622e-02	2.516e-02	2.234e-02	2.694e-02
1.950e+04	2.130e-02	1.896e-02	2.483e-02	2.320e-02	1.951e-02	2.599e-02	2.539e-02	2.271e-02	2.640e-02
1.960e+04	2.163e-02	1.871e-02	2.483e-02	2.343e-02	2.031e-02	2.599e-02	2.539e-02	2.271e-02	2.672e-02
1.970e+04	2.187e-02	1.871e-02	2.483e-02	2.368e-02	2.040e-02	2.651e-02	2.562e-02	2.200e-02	2.630e-02
1.980e+04	2.187e-02	1.896e-02	2.483e-02	2.344e-02	2.068e-02	2.659e-02	2.562e-02	2.291e-02	2.630e-02
1.990e+04	2.190e-02	1.896e-02	2.531e-02	2.330e-02	2.076e-02	2.673e-02	2.562e-02	2.302e-02	2.638e-02
2.000e+04	2.190e-02	1.848e-02	2.531e-02	2.358e-02	2.061e-02	2.679e-02	2.597e-02	2.275e-02	2.650e-02
