n.evals.q.1.0.	_.locomotion.hilly.5.0.75.ga.epistasis.0.5.all.each.cross.epistasis.sd	_.locomotion.hilly.5.0.75.ga.epistasis.0.5.all.each.cross.epistasis.sd.min	_.locomotion.hilly.5.0.75.ga.epistasis.0.5.all.each.cross.epistasis.sd.max	_.locomotion.hilly.5.0.75.ga.epistasis.1.0.all.each.cross.epistasis.sd	_.locomotion.hilly.5.0.75.ga.epistasis.1.0.all.each.cross.epistasis.sd.min	_.locomotion.hilly.5.0.75.ga.epistasis.1.0.all.each.cross.epistasis.sd.max	_.locomotion.hilly.5.0.75.ga.epistasis.2.0.all.each.cross.epistasis.sd	_.locomotion.hilly.5.0.75.ga.epistasis.2.0.all.each.cross.epistasis.sd.min	_.locomotion.hilly.5.0.75.ga.epistasis.2.0.all.each.cross.epistasis.sd.max
1.000e+02	5.344e-02	5.196e-02	5.426e-02	6.160e-02	5.733e-02	6.414e-02	5.511e-02	5.263e-02	5.781e-02
2.000e+02	5.349e-02	5.117e-02	5.568e-02	6.069e-02	5.954e-02	6.160e-02	5.645e-02	5.156e-02	5.852e-02
3.000e+02	5.466e-02	5.096e-02	5.802e-02	6.188e-02	5.900e-02	6.278e-02	5.470e-02	5.155e-02	5.968e-02
4.000e+02	5.361e-02	5.161e-02	5.772e-02	5.947e-02	5.669e-02	6.411e-02	5.484e-02	5.251e-02	5.675e-02
5.000e+02	5.425e-02	5.340e-02	5.444e-02	6.028e-02	5.839e-02	6.070e-02	5.406e-02	4.999e-02	5.632e-02
6.000e+02	5.403e-02	5.222e-02	5.562e-02	6.209e-02	5.765e-02	6.309e-02	5.511e-02	5.339e-02	5.780e-02
7.000e+02	5.373e-02	5.044e-02	5.601e-02	5.933e-02	5.767e-02	6.144e-02	5.469e-02	5.310e-02	5.562e-02
8.000e+02	5.464e-02	5.095e-02	5.515e-02	5.989e-02	5.617e-02	6.123e-02	5.548e-02	5.180e-02	5.584e-02
9.000e+02	5.411e-02	5.260e-02	5.914e-02	6.046e-02	5.655e-02	6.245e-02	5.542e-02	5.134e-02	5.649e-02
1.000e+03	5.378e-02	5.123e-02	5.772e-02	6.138e-02	5.723e-02	6.306e-02	5.287e-02	4.957e-02	5.406e-02
1.100e+03	5.315e-02	5.274e-02	5.794e-02	6.205e-02	5.521e-02	6.255e-02	5.430e-02	4.884e-02	5.675e-02
1.200e+03	5.346e-02	5.256e-02	5.675e-02	6.058e-02	5.750e-02	6.258e-02	5.668e-02	4.847e-02	6.045e-02
1.300e+03	5.414e-02	5.218e-02	5.990e-02	5.980e-02	5.720e-02	6.285e-02	5.609e-02	4.703e-02	6.060e-02
1.400e+03	5.528e-02	5.211e-02	5.752e-02	6.182e-02	5.611e-02	6.459e-02	5.593e-02	4.743e-02	6.012e-02
1.500e+03	5.516e-02	5.286e-02	5.933e-02	6.049e-02	5.509e-02	6.407e-02	5.592e-02	4.776e-02	6.023e-02
1.600e+03	5.648e-02	5.248e-02	5.858e-02	6.108e-02	5.660e-02	6.207e-02	5.725e-02	4.930e-02	6.008e-02
1.700e+03	5.503e-02	5.132e-02	5.933e-02	6.121e-02	5.810e-02	6.513e-02	5.709e-02	4.993e-02	6.002e-02
1.800e+03	5.609e-02	4.839e-02	6.032e-02	6.183e-02	5.952e-02	6.518e-02	5.746e-02	4.796e-02	6.096e-02
1.900e+03	5.816e-02	4.817e-02	6.153e-02	6.229e-02	5.901e-02	6.507e-02	5.730e-02	4.849e-02	6.236e-02
2.000e+03	5.673e-02	4.658e-02	5.878e-02	6.330e-02	6.074e-02	6.456e-02	5.514e-02	4.849e-02	6.167e-02
2.100e+03	5.572e-02	4.558e-02	5.774e-02	6.370e-02	6.130e-02	6.581e-02	5.476e-02	4.860e-02	6.209e-02
2.200e+03	5.579e-02	4.561e-02	5.797e-02	6.324e-02	6.093e-02	6.837e-02	5.587e-02	4.872e-02	6.250e-02
2.300e+03	5.559e-02	4.731e-02	5.724e-02	6.286e-02	6.131e-02	6.870e-02	5.710e-02	4.885e-02	6.259e-02
2.400e+03	5.463e-02	4.657e-02	5.865e-02	6.272e-02	5.977e-02	6.805e-02	5.641e-02	4.743e-02	6.045e-02
2.500e+03	5.370e-02	4.472e-02	5.978e-02	6.537e-02	6.045e-02	6.746e-02	5.516e-02	4.777e-02	5.951e-02
2.600e+03	5.328e-02	4.235e-02	5.961e-02	6.541e-02	6.002e-02	6.787e-02	5.775e-02	4.658e-02	5.891e-02
2.700e+03	5.239e-02	4.184e-02	5.794e-02	6.420e-02	6.064e-02	6.748e-02	5.925e-02	4.732e-02	5.971e-02
2.800e+03	5.207e-02	4.157e-02	5.797e-02	6.370e-02	5.928e-02	6.796e-02	5.918e-02	4.582e-02	5.970e-02
2.900e+03	5.197e-02	3.991e-02	5.642e-02	6.506e-02	5.880e-02	6.908e-02	5.894e-02	4.672e-02	6.037e-02
3.000e+03	5.120e-02	4.349e-02	5.742e-02	6.547e-02	5.768e-02	6.938e-02	5.827e-02	4.475e-02	6.178e-02
3.100e+03	5.118e-02	4.294e-02	5.557e-02	6.463e-02	5.599e-02	6.804e-02	5.827e-02	4.483e-02	6.067e-02
3.200e+03	5.045e-02	4.152e-02	5.525e-02	6.411e-02	5.507e-02	6.713e-02	5.759e-02	4.460e-02	5.910e-02
3.300e+03	4.952e-02	3.905e-02	5.561e-02	6.345e-02	5.469e-02	6.803e-02	5.665e-02	4.471e-02	5.997e-02
3.400e+03	4.837e-02	4.004e-02	5.570e-02	6.182e-02	5.570e-02	6.820e-02	5.619e-02	4.460e-02	6.032e-02
3.500e+03	4.889e-02	4.089e-02	5.589e-02	6.022e-02	5.653e-02	6.742e-02	5.697e-02	4.435e-02	5.994e-02
3.600e+03	4.822e-02	4.116e-02	5.552e-02	6.083e-02	5.480e-02	6.800e-02	5.757e-02	4.434e-02	6.019e-02
3.700e+03	4.942e-02	3.823e-02	5.436e-02	6.304e-02	5.513e-02	6.931e-02	5.738e-02	4.572e-02	5.961e-02
3.800e+03	4.988e-02	3.815e-02	5.316e-02	6.371e-02	5.621e-02	6.923e-02	5.543e-02	4.561e-02	5.934e-02
3.900e+03	4.765e-02	3.690e-02	5.299e-02	6.379e-02	5.227e-02	6.863e-02	5.489e-02	4.671e-02	5.793e-02
4.000e+03	4.735e-02	3.771e-02	5.239e-02	6.389e-02	4.968e-02	7.078e-02	5.402e-02	4.610e-02	5.765e-02
4.100e+03	4.768e-02	3.521e-02	5.213e-02	6.439e-02	4.888e-02	6.756e-02	5.353e-02	4.574e-02	5.732e-02
4.200e+03	4.750e-02	3.449e-02	5.195e-02	6.348e-02	4.719e-02	6.626e-02	5.303e-02	4.498e-02	5.647e-02
4.300e+03	4.691e-02	3.449e-02	4.827e-02	6.330e-02	4.514e-02	6.547e-02	5.225e-02	4.469e-02	5.645e-02
4.400e+03	4.623e-02	3.449e-02	4.785e-02	6.305e-02	4.451e-02	6.463e-02	5.213e-02	4.549e-02	5.651e-02
4.500e+03	4.581e-02	3.407e-02	4.731e-02	6.148e-02	4.442e-02	6.282e-02	5.196e-02	4.658e-02	5.640e-02
4.600e+03	4.511e-02	3.178e-02	4.683e-02	6.101e-02	4.136e-02	6.229e-02	5.173e-02	4.482e-02	5.472e-02
4.700e+03	4.522e-02	3.244e-02	4.586e-02	6.097e-02	3.999e-02	6.124e-02	4.884e-02	4.524e-02	5.317e-02
4.800e+03	4.448e-02	3.127e-02	4.696e-02	5.807e-02	3.885e-02	6.118e-02	4.768e-02	4.497e-02	5.066e-02
4.900e+03	4.435e-02	3.142e-02	4.672e-02	5.304e-02	3.876e-02	6.185e-02	4.808e-02	4.497e-02	4.928e-02
5.000e+03	4.499e-02	3.230e-02	4.672e-02	5.521e-02	3.789e-02	6.094e-02	4.695e-02	4.395e-02	4.836e-02
5.100e+03	4.421e-02	3.110e-02	4.722e-02	5.311e-02	3.681e-02	6.039e-02	4.739e-02	4.012e-02	4.813e-02
5.200e+03	4.437e-02	3.021e-02	4.663e-02	5.291e-02	3.814e-02	5.885e-02	4.647e-02	3.839e-02	4.775e-02
5.300e+03	4.610e-02	3.011e-02	4.768e-02	5.010e-02	3.858e-02	5.790e-02	4.592e-02	3.861e-02	4.848e-02
5.400e+03	4.608e-02	3.002e-02	4.777e-02	5.046e-02	3.690e-02	5.707e-02	4.610e-02	3.642e-02	4.795e-02
5.500e+03	4.657e-02	2.982e-02	4.758e-02	5.250e-02	3.538e-02	5.710e-02	4.566e-02	3.598e-02	4.646e-02
5.600e+03	4.536e-02	2.693e-02	4.676e-02	5.105e-02	3.500e-02	5.723e-02	4.317e-02	3.649e-02	4.625e-02
5.700e+03	4.497e-02	2.713e-02	4.661e-02	5.154e-02	3.487e-02	5.735e-02	4.215e-02	3.619e-02	4.698e-02
5.800e+03	4.454e-02	2.579e-02	4.478e-02	5.094e-02	3.576e-02	5.755e-02	4.177e-02	3.627e-02	4.717e-02
5.900e+03	4.456e-02	2.606e-02	4.553e-02	5.036e-02	3.578e-02	5.615e-02	4.210e-02	3.546e-02	4.682e-02
6.000e+03	4.375e-02	2.575e-02	4.535e-02	5.104e-02	3.520e-02	5.627e-02	4.103e-02	3.445e-02	4.774e-02
6.100e+03	4.375e-02	2.504e-02	4.586e-02	5.092e-02	3.426e-02	5.627e-02	4.268e-02	3.461e-02	4.774e-02
6.200e+03	4.052e-02	2.521e-02	4.623e-02	5.093e-02	3.431e-02	5.639e-02	4.340e-02	3.456e-02	4.829e-02
6.300e+03	4.253e-02	2.513e-02	4.591e-02	5.110e-02	3.436e-02	5.639e-02	4.373e-02	3.617e-02	4.815e-02
6.400e+03	4.258e-02	2.549e-02	4.378e-02	5.120e-02	3.435e-02	5.727e-02	4.373e-02	3.571e-02	4.712e-02
6.500e+03	4.197e-02	2.561e-02	4.352e-02	5.123e-02	3.392e-02	5.708e-02	4.414e-02	3.514e-02	4.839e-02
6.600e+03	3.380e-02	2.545e-02	4.363e-02	5.156e-02	3.388e-02	5.675e-02	4.264e-02	3.508e-02	4.856e-02
6.700e+03	3.145e-02	2.583e-02	4.080e-02	5.200e-02	3.398e-02	5.607e-02	4.295e-02	3.494e-02	4.693e-02
6.800e+03	2.918e-02	2.535e-02	3.976e-02	5.231e-02	3.455e-02	5.589e-02	4.325e-02	3.464e-02	4.784e-02
6.900e+03	2.972e-02	2.539e-02	3.873e-02	5.199e-02	3.477e-02	5.564e-02	4.189e-02	3.424e-02	4.786e-02
7.000e+03	2.953e-02	2.540e-02	3.757e-02	5.210e-02	3.478e-02	5.482e-02	4.109e-02	3.326e-02	4.709e-02
7.100e+03	3.006e-02	2.659e-02	3.711e-02	4.918e-02	3.439e-02	5.611e-02	4.239e-02	3.348e-02	4.766e-02
7.200e+03	2.955e-02	2.644e-02	3.648e-02	4.885e-02	3.505e-02	5.594e-02	4.345e-02	3.373e-02	4.730e-02
7.300e+03	2.970e-02	2.610e-02	3.538e-02	4.885e-02	3.245e-02	5.594e-02	4.578e-02	3.373e-02	4.691e-02
7.400e+03	2.960e-02	2.616e-02	3.399e-02	4.885e-02	3.306e-02	5.293e-02	4.578e-02	3.344e-02	4.743e-02
7.500e+03	2.957e-02	2.425e-02	3.306e-02	4.792e-02	3.165e-02	4.984e-02	4.714e-02	3.240e-02	4.777e-02
7.600e+03	2.914e-02	2.440e-02	3.235e-02	4.766e-02	3.203e-02	4.984e-02	4.727e-02	3.245e-02	4.892e-02
7.700e+03	2.914e-02	2.420e-02	3.128e-02	4.713e-02	3.178e-02	5.011e-02	4.708e-02	3.230e-02	4.899e-02
7.800e+03	2.917e-02	2.157e-02	3.128e-02	4.688e-02	3.111e-02	5.054e-02	4.673e-02	3.201e-02	4.897e-02
7.900e+03	2.914e-02	2.207e-02	3.013e-02	4.756e-02	3.116e-02	5.054e-02	4.618e-02	3.242e-02	4.922e-02
8.000e+03	2.914e-02	2.271e-02	3.028e-02	4.865e-02	3.093e-02	5.105e-02	4.523e-02	3.282e-02	4.893e-02
8.100e+03	2.949e-02	2.318e-02	3.028e-02	4.860e-02	3.093e-02	5.065e-02	4.421e-02	3.238e-02	4.919e-02
8.200e+03	2.975e-02	2.384e-02	3.028e-02	4.859e-02	3.051e-02	5.065e-02	4.446e-02	3.282e-02	4.908e-02
8.300e+03	2.906e-02	2.384e-02	3.019e-02	4.880e-02	3.055e-02	5.120e-02	4.501e-02	3.302e-02	4.884e-02
8.400e+03	2.842e-02	2.384e-02	3.036e-02	4.884e-02	3.051e-02	5.031e-02	4.463e-02	3.330e-02	4.884e-02
8.500e+03	2.842e-02	2.334e-02	3.019e-02	4.725e-02	3.041e-02	5.033e-02	4.403e-02	3.347e-02	4.956e-02
8.600e+03	2.819e-02	2.390e-02	3.069e-02	4.790e-02	3.037e-02	5.033e-02	4.402e-02	3.373e-02	4.884e-02
8.700e+03	2.851e-02	2.390e-02	3.062e-02	4.668e-02	3.069e-02	5.033e-02	4.421e-02	3.373e-02	4.842e-02
8.800e+03	2.922e-02	2.296e-02	3.075e-02	4.603e-02	3.083e-02	5.021e-02	4.432e-02	3.350e-02	4.812e-02
8.900e+03	2.983e-02	2.383e-02	3.111e-02	4.488e-02	3.212e-02	4.878e-02	4.276e-02	3.384e-02	4.863e-02
9.000e+03	3.046e-02	2.411e-02	3.058e-02	4.510e-02	3.254e-02	4.878e-02	4.257e-02	3.409e-02	4.895e-02
9.100e+03	2.968e-02	2.400e-02	3.075e-02	4.483e-02	3.255e-02	4.843e-02	4.258e-02	3.401e-02	4.889e-02
9.200e+03	2.975e-02	2.400e-02	3.031e-02	4.508e-02	3.341e-02	4.821e-02	4.328e-02	3.409e-02	4.887e-02
9.300e+03	2.994e-02	2.387e-02	3.035e-02	4.490e-02	3.323e-02	4.830e-02	4.328e-02	3.499e-02	4.945e-02
9.400e+03	2.991e-02	2.377e-02	3.019e-02	4.463e-02	3.357e-02	4.813e-02	4.311e-02	3.602e-02	5.065e-02
9.500e+03	2.952e-02	2.390e-02	3.028e-02	4.302e-02	3.419e-02	4.834e-02	4.569e-02	3.605e-02	5.026e-02
9.600e+03	2.935e-02	2.379e-02	3.014e-02	4.350e-02	3.524e-02	4.834e-02	4.472e-02	3.605e-02	4.936e-02
9.700e+03	2.949e-02	2.366e-02	3.005e-02	4.418e-02	3.455e-02	4.834e-02	4.471e-02	3.675e-02	4.984e-02
9.800e+03	2.883e-02	2.379e-02	3.054e-02	4.251e-02	3.497e-02	4.358e-02	4.471e-02	3.675e-02	4.915e-02
9.900e+03	2.898e-02	2.333e-02	3.032e-02	4.232e-02	3.467e-02	4.375e-02	4.535e-02	3.701e-02	4.748e-02
1.000e+04	2.748e-02	2.342e-02	3.054e-02	3.965e-02	3.662e-02	4.359e-02	4.554e-02	3.644e-02	4.829e-02
1.010e+04	2.737e-02	2.366e-02	3.043e-02	3.951e-02	3.621e-02	4.295e-02	4.528e-02	3.662e-02	4.751e-02
1.020e+04	2.737e-02	2.268e-02	3.090e-02	3.888e-02	3.619e-02	4.292e-02	4.553e-02	3.663e-02	4.727e-02
1.030e+04	2.791e-02	2.192e-02	3.090e-02	3.859e-02	3.631e-02	4.292e-02	4.526e-02	3.663e-02	4.748e-02
1.040e+04	2.791e-02	2.260e-02	3.061e-02	3.859e-02	3.594e-02	4.337e-02	4.512e-02	3.696e-02	4.693e-02
1.050e+04	2.795e-02	2.164e-02	3.061e-02	3.775e-02	3.571e-02	4.361e-02	4.493e-02	3.618e-02	4.648e-02
1.060e+04	2.791e-02	2.182e-02	3.068e-02	3.777e-02	3.236e-02	4.360e-02	4.465e-02	3.618e-02	4.678e-02
1.070e+04	2.787e-02	2.182e-02	3.093e-02	3.789e-02	3.221e-02	4.508e-02	4.422e-02	3.616e-02	4.689e-02
1.080e+04	2.787e-02	2.192e-02	3.095e-02	3.774e-02	3.076e-02	4.514e-02	4.336e-02	3.579e-02	4.765e-02
1.090e+04	2.787e-02	2.192e-02	3.077e-02	3.729e-02	3.085e-02	4.375e-02	4.350e-02	3.579e-02	4.719e-02
1.100e+04	2.654e-02	2.137e-02	3.077e-02	3.814e-02	3.088e-02	4.342e-02	4.348e-02	3.475e-02	4.719e-02
1.110e+04	2.659e-02	2.127e-02	3.077e-02	3.796e-02	3.028e-02	4.342e-02	4.271e-02	3.475e-02	4.738e-02
1.120e+04	2.728e-02	2.143e-02	3.028e-02	3.805e-02	3.094e-02	4.332e-02	4.266e-02	3.461e-02	4.746e-02
1.130e+04	2.728e-02	2.132e-02	3.096e-02	3.640e-02	3.094e-02	4.355e-02	4.207e-02	3.415e-02	4.768e-02
1.140e+04	2.728e-02	2.136e-02	3.035e-02	3.640e-02	3.094e-02	4.363e-02	4.207e-02	3.418e-02	4.701e-02
1.150e+04	2.748e-02	2.136e-02	3.033e-02	3.565e-02	3.089e-02	4.365e-02	4.160e-02	3.418e-02	4.651e-02
1.160e+04	2.748e-02	2.140e-02	3.033e-02	3.390e-02	3.054e-02	4.358e-02	3.956e-02	3.249e-02	4.669e-02
1.170e+04	2.704e-02	2.154e-02	3.033e-02	3.342e-02	2.993e-02	4.365e-02	3.891e-02	3.249e-02	4.690e-02
1.180e+04	2.774e-02	2.154e-02	3.019e-02	3.352e-02	2.745e-02	4.388e-02	3.845e-02	3.265e-02	4.657e-02
1.190e+04	2.704e-02	2.142e-02	3.019e-02	3.352e-02	2.692e-02	4.529e-02	3.810e-02	3.177e-02	4.629e-02
1.200e+04	2.704e-02	2.130e-02	3.005e-02	3.352e-02	2.702e-02	4.518e-02	3.619e-02	2.933e-02	4.700e-02
1.210e+04	2.704e-02	2.129e-02	3.005e-02	3.364e-02	2.814e-02	4.434e-02	3.600e-02	3.056e-02	4.674e-02
1.220e+04	2.704e-02	2.129e-02	2.976e-02	3.321e-02	2.788e-02	4.340e-02	3.644e-02	3.097e-02	4.514e-02
1.230e+04	2.757e-02	2.101e-02	2.976e-02	3.271e-02	2.759e-02	4.114e-02	3.642e-02	3.153e-02	4.475e-02
1.240e+04	2.814e-02	2.101e-02	2.910e-02	3.313e-02	2.732e-02	4.114e-02	3.660e-02	3.141e-02	4.493e-02
1.250e+04	2.732e-02	2.102e-02	2.878e-02	3.361e-02	2.715e-02	3.956e-02	3.637e-02	3.113e-02	4.493e-02
1.260e+04	2.586e-02	2.101e-02	2.878e-02	3.361e-02	2.595e-02	3.956e-02	3.677e-02	3.088e-02	4.246e-02
1.270e+04	2.531e-02	2.098e-02	2.918e-02	3.335e-02	2.489e-02	4.053e-02	3.715e-02	3.099e-02	4.197e-02
1.280e+04	2.462e-02	2.076e-02	2.917e-02	3.311e-02	2.491e-02	4.046e-02	3.671e-02	3.093e-02	4.077e-02
1.290e+04	2.462e-02	2.116e-02	2.917e-02	3.318e-02	2.483e-02	4.049e-02	3.648e-02	3.150e-02	4.049e-02
1.300e+04	2.506e-02	2.110e-02	2.863e-02	3.404e-02	2.520e-02	4.049e-02	3.689e-02	3.203e-02	4.067e-02
1.310e+04	2.504e-02	2.110e-02	2.859e-02	3.448e-02	2.520e-02	3.669e-02	3.637e-02	3.140e-02	4.070e-02
1.320e+04	2.472e-02	2.095e-02	2.823e-02	3.448e-02	2.577e-02	3.674e-02	3.637e-02	3.113e-02	4.070e-02
1.330e+04	2.472e-02	2.095e-02	2.839e-02	3.448e-02	2.675e-02	3.674e-02	3.637e-02	3.051e-02	3.937e-02
1.340e+04	2.469e-02	2.103e-02	2.899e-02	3.448e-02	2.737e-02	3.674e-02	3.523e-02	3.051e-02	3.832e-02
1.350e+04	2.472e-02	2.131e-02	2.899e-02	3.488e-02	2.742e-02	3.668e-02	3.621e-02	3.013e-02	3.845e-02
1.360e+04	2.472e-02	2.103e-02	2.899e-02	3.488e-02	2.742e-02	3.729e-02	3.621e-02	3.019e-02	3.853e-02
1.370e+04	2.396e-02	2.121e-02	2.859e-02	3.488e-02	2.789e-02	3.612e-02	3.562e-02	2.887e-02	3.948e-02
1.380e+04	2.376e-02	2.130e-02	2.854e-02	3.416e-02	2.766e-02	3.551e-02	3.568e-02	2.887e-02	3.735e-02
1.390e+04	2.393e-02	2.169e-02	2.814e-02	3.352e-02	2.765e-02	3.520e-02	3.501e-02	2.887e-02	3.648e-02
1.400e+04	2.390e-02	2.114e-02	2.770e-02	3.352e-02	2.805e-02	3.507e-02	3.348e-02	2.819e-02	3.555e-02
1.410e+04	2.412e-02	2.084e-02	2.709e-02	3.351e-02	2.755e-02	3.473e-02	3.058e-02	2.827e-02	3.484e-02
1.420e+04	2.407e-02	2.174e-02	2.810e-02	3.349e-02	2.755e-02	3.481e-02	3.077e-02	2.823e-02	3.472e-02
1.430e+04	2.364e-02	2.114e-02	2.810e-02	3.349e-02	2.764e-02	3.554e-02	3.056e-02	2.717e-02	3.415e-02
1.440e+04	2.364e-02	2.114e-02	2.784e-02	3.335e-02	2.773e-02	3.554e-02	3.054e-02	2.736e-02	3.191e-02
1.450e+04	2.364e-02	2.113e-02	2.797e-02	3.369e-02	2.721e-02	3.554e-02	2.975e-02	2.683e-02	3.095e-02
1.460e+04	2.364e-02	2.159e-02	2.797e-02	3.327e-02	2.702e-02	3.662e-02	3.031e-02	2.627e-02	3.121e-02
1.470e+04	2.364e-02	2.127e-02	2.797e-02	3.327e-02	2.686e-02	3.690e-02	2.998e-02	2.609e-02	3.088e-02
1.480e+04	2.345e-02	2.130e-02	2.790e-02	3.351e-02	2.665e-02	3.671e-02	3.010e-02	2.619e-02	3.095e-02
1.490e+04	2.345e-02	2.097e-02	2.827e-02	3.362e-02	2.656e-02	3.600e-02	2.974e-02	2.677e-02	3.085e-02
1.500e+04	2.350e-02	2.166e-02	2.827e-02	3.270e-02	2.656e-02	3.600e-02	2.955e-02	2.662e-02	3.085e-02
1.510e+04	2.369e-02	2.113e-02	2.827e-02	3.283e-02	2.754e-02	3.595e-02	2.837e-02	2.662e-02	3.077e-02
1.520e+04	2.350e-02	2.109e-02	2.793e-02	3.283e-02	2.634e-02	3.595e-02	2.787e-02	2.678e-02	3.049e-02
1.530e+04	2.350e-02	2.126e-02	2.793e-02	3.142e-02	2.635e-02	3.558e-02	2.743e-02	2.596e-02	2.865e-02
1.540e+04	2.345e-02	2.152e-02	2.782e-02	3.124e-02	2.679e-02	3.574e-02	2.742e-02	2.596e-02	2.849e-02
1.550e+04	2.324e-02	2.152e-02	2.782e-02	3.124e-02	2.679e-02	3.655e-02	2.753e-02	2.617e-02	2.818e-02
1.560e+04	2.336e-02	2.146e-02	2.782e-02	2.815e-02	2.708e-02	3.617e-02	2.687e-02	2.553e-02	2.818e-02
1.570e+04	2.329e-02	2.146e-02	2.729e-02	2.815e-02	2.728e-02	3.568e-02	2.645e-02	2.506e-02	2.818e-02
1.580e+04	2.329e-02	2.159e-02	2.771e-02	2.958e-02	2.704e-02	3.520e-02	2.641e-02	2.455e-02	2.805e-02
1.590e+04	2.293e-02	2.126e-02	2.757e-02	2.923e-02	2.704e-02	3.440e-02	2.641e-02	2.405e-02	2.784e-02
1.600e+04	2.299e-02	2.119e-02	2.831e-02	2.922e-02	2.704e-02	3.481e-02	2.643e-02	2.357e-02	2.768e-02
1.610e+04	2.299e-02	2.100e-02	2.845e-02	2.983e-02	2.700e-02	3.499e-02	2.640e-02	2.414e-02	2.768e-02
1.620e+04	2.296e-02	2.091e-02	2.764e-02	2.915e-02	2.704e-02	3.501e-02	2.679e-02	2.393e-02	2.762e-02
1.630e+04	2.296e-02	2.091e-02	2.764e-02	2.925e-02	2.675e-02	3.514e-02	2.658e-02	2.413e-02	2.827e-02
1.640e+04	2.296e-02	2.105e-02	2.716e-02	2.918e-02	2.675e-02	3.358e-02	2.658e-02	2.413e-02	2.823e-02
1.650e+04	2.316e-02	2.091e-02	2.716e-02	2.924e-02	2.687e-02	3.376e-02	2.648e-02	2.344e-02	2.695e-02
1.660e+04	2.301e-02	2.089e-02	2.716e-02	2.926e-02	2.708e-02	3.325e-02	2.642e-02	2.296e-02	2.723e-02
1.670e+04	2.554e-02	2.083e-02	2.630e-02	2.926e-02	2.699e-02	3.342e-02	2.648e-02	2.296e-02	2.729e-02
1.680e+04	2.557e-02	2.100e-02	2.636e-02	2.998e-02	2.651e-02	3.359e-02	2.648e-02	2.296e-02	2.736e-02
1.690e+04	2.554e-02	2.127e-02	2.636e-02	2.998e-02	2.651e-02	3.253e-02	2.681e-02	2.344e-02	2.723e-02
1.700e+04	2.525e-02	2.082e-02	2.715e-02	2.955e-02	2.618e-02	3.357e-02	2.665e-02	2.344e-02	2.686e-02
1.710e+04	2.522e-02	2.082e-02	2.715e-02	2.955e-02	2.666e-02	3.357e-02	2.673e-02	2.343e-02	2.811e-02
1.720e+04	2.570e-02	2.082e-02	2.878e-02	2.980e-02	2.651e-02	3.318e-02	2.642e-02	2.343e-02	2.811e-02
1.730e+04	2.560e-02	2.014e-02	2.884e-02	2.980e-02	2.651e-02	3.265e-02	2.605e-02	2.308e-02	2.817e-02
1.740e+04	2.560e-02	2.039e-02	2.884e-02	2.980e-02	2.618e-02	3.206e-02	2.589e-02	2.257e-02	2.803e-02
1.750e+04	2.560e-02	2.100e-02	2.947e-02	2.934e-02	2.586e-02	3.110e-02	2.610e-02	2.286e-02	2.803e-02
1.760e+04	2.560e-02	2.110e-02	2.899e-02	2.934e-02	2.553e-02	3.102e-02	2.610e-02	2.281e-02	2.834e-02
1.770e+04	2.540e-02	2.103e-02	2.899e-02	2.904e-02	2.518e-02	3.097e-02	2.632e-02	2.271e-02	2.849e-02
1.780e+04	2.489e-02	2.137e-02	2.899e-02	2.904e-02	2.518e-02	3.106e-02	2.552e-02	2.298e-02	2.849e-02
1.790e+04	2.429e-02	2.147e-02	2.899e-02	2.858e-02	2.518e-02	2.962e-02	2.658e-02	2.339e-02	2.863e-02
1.800e+04	2.429e-02	2.140e-02	2.967e-02	2.831e-02	2.513e-02	3.010e-02	2.659e-02	2.366e-02	2.904e-02
1.810e+04	2.440e-02	2.131e-02	2.941e-02	2.831e-02	2.443e-02	3.086e-02	2.678e-02	2.284e-02	2.935e-02
1.820e+04	2.435e-02	2.122e-02	2.941e-02	2.801e-02	2.452e-02	3.086e-02	2.710e-02	2.291e-02	2.935e-02
1.830e+04	2.435e-02	2.067e-02	3.019e-02	2.815e-02	2.517e-02	3.168e-02	2.731e-02	2.358e-02	2.966e-02
1.840e+04	2.433e-02	2.076e-02	3.082e-02	2.815e-02	2.495e-02	3.209e-02	2.799e-02	2.358e-02	2.966e-02
1.850e+04	2.433e-02	2.076e-02	3.082e-02	2.798e-02	2.363e-02	3.334e-02	2.717e-02	2.366e-02	2.966e-02
1.860e+04	2.397e-02	2.076e-02	3.082e-02	2.798e-02	2.363e-02	3.499e-02	2.718e-02	2.422e-02	2.943e-02
1.870e+04	2.405e-02	2.076e-02	3.082e-02	2.801e-02	2.363e-02	3.517e-02	2.718e-02	2.390e-02	2.975e-02
1.880e+04	2.405e-02	2.076e-02	3.126e-02	2.815e-02	2.363e-02	3.609e-02	2.718e-02	2.318e-02	2.998e-02
1.890e+04	2.405e-02	2.067e-02	3.124e-02	2.746e-02	2.363e-02	3.628e-02	2.700e-02	2.301e-02	2.998e-02
1.900e+04	2.399e-02	2.067e-02	3.108e-02	2.645e-02	2.397e-02	3.450e-02	2.827e-02	2.301e-02	2.975e-02
1.910e+04	2.396e-02	2.048e-02	3.091e-02	2.673e-02	2.377e-02	3.465e-02	2.921e-02	2.311e-02	2.979e-02
1.920e+04	2.397e-02	2.091e-02	3.069e-02	2.666e-02	2.358e-02	3.482e-02	2.825e-02	2.390e-02	2.930e-02
1.930e+04	2.397e-02	2.091e-02	3.069e-02	2.666e-02	2.353e-02	3.442e-02	2.810e-02	2.360e-02	2.930e-02
1.940e+04	2.397e-02	2.024e-02	3.132e-02	2.681e-02	2.353e-02	3.435e-02	2.835e-02	2.342e-02	2.930e-02
1.950e+04	2.472e-02	2.024e-02	3.113e-02	2.736e-02	2.552e-02	3.442e-02	2.835e-02	2.329e-02	2.974e-02
1.960e+04	2.472e-02	2.086e-02	3.235e-02	2.736e-02	2.518e-02	3.471e-02	2.835e-02	2.311e-02	3.047e-02
1.970e+04	2.472e-02	2.126e-02	3.235e-02	2.707e-02	2.508e-02	3.510e-02	2.909e-02	2.261e-02	3.168e-02
1.980e+04	2.472e-02	2.146e-02	3.235e-02	2.694e-02	2.407e-02	3.475e-02	2.909e-02	2.261e-02	3.355e-02
1.990e+04	2.472e-02	2.178e-02	3.181e-02	2.692e-02	2.407e-02	3.428e-02	2.914e-02	2.261e-02	3.412e-02
2.000e+04	2.472e-02	2.158e-02	3.181e-02	2.715e-02	2.407e-02	3.390e-02	2.902e-02	2.213e-02	3.357e-02
