n.evals.q.1.0.	_.locomotion.hilly.5.0.75.ga.epistasis.0.5.all.each.global.epistasis.sd	_.locomotion.hilly.5.0.75.ga.epistasis.0.5.all.each.global.epistasis.sd.min	_.locomotion.hilly.5.0.75.ga.epistasis.0.5.all.each.global.epistasis.sd.max	_.locomotion.hilly.5.0.75.ga.epistasis.1.0.all.each.global.epistasis.sd	_.locomotion.hilly.5.0.75.ga.epistasis.1.0.all.each.global.epistasis.sd.min	_.locomotion.hilly.5.0.75.ga.epistasis.1.0.all.each.global.epistasis.sd.max	_.locomotion.hilly.5.0.75.ga.epistasis.2.0.all.each.global.epistasis.sd	_.locomotion.hilly.5.0.75.ga.epistasis.2.0.all.each.global.epistasis.sd.min	_.locomotion.hilly.5.0.75.ga.epistasis.2.0.all.each.global.epistasis.sd.max
1.000e+02	2.139e-02	1.941e-02	2.315e-02	3.182e-02	3.148e-02	3.357e-02	3.610e-02	3.523e-02	3.879e-02
2.000e+02	2.145e-02	2.033e-02	2.185e-02	3.295e-02	3.062e-02	3.330e-02	3.632e-02	3.521e-02	3.702e-02
3.000e+02	2.078e-02	1.951e-02	2.266e-02	3.231e-02	3.108e-02	3.364e-02	3.690e-02	3.519e-02	3.787e-02
4.000e+02	2.023e-02	1.892e-02	2.198e-02	3.227e-02	3.155e-02	3.398e-02	3.706e-02	3.551e-02	3.768e-02
5.000e+02	2.066e-02	1.934e-02	2.214e-02	3.358e-02	3.242e-02	3.447e-02	3.667e-02	3.538e-02	3.729e-02
6.000e+02	2.069e-02	1.889e-02	2.178e-02	3.277e-02	3.139e-02	3.368e-02	3.644e-02	3.529e-02	3.711e-02
7.000e+02	2.006e-02	1.869e-02	2.185e-02	3.298e-02	3.162e-02	3.400e-02	3.666e-02	3.501e-02	3.734e-02
8.000e+02	2.031e-02	1.869e-02	2.079e-02	3.239e-02	3.042e-02	3.288e-02	3.536e-02	3.327e-02	3.597e-02
9.000e+02	1.950e-02	1.903e-02	2.165e-02	3.285e-02	2.952e-02	3.367e-02	3.476e-02	3.312e-02	3.667e-02
1.000e+03	1.904e-02	1.768e-02	2.051e-02	3.249e-02	2.922e-02	3.437e-02	3.613e-02	3.477e-02	3.637e-02
1.100e+03	1.934e-02	1.779e-02	2.106e-02	3.223e-02	3.111e-02	3.461e-02	3.637e-02	3.537e-02	3.683e-02
1.200e+03	1.919e-02	1.723e-02	2.109e-02	3.164e-02	3.127e-02	3.453e-02	3.507e-02	3.484e-02	3.686e-02
1.300e+03	1.912e-02	1.733e-02	2.105e-02	3.210e-02	3.045e-02	3.351e-02	3.616e-02	3.428e-02	3.728e-02
1.400e+03	1.996e-02	1.660e-02	2.065e-02	3.222e-02	2.994e-02	3.464e-02	3.716e-02	3.453e-02	3.838e-02
1.500e+03	1.945e-02	1.736e-02	2.025e-02	3.266e-02	2.998e-02	3.426e-02	3.774e-02	3.422e-02	3.877e-02
1.600e+03	1.931e-02	1.781e-02	2.022e-02	3.203e-02	3.026e-02	3.577e-02	3.644e-02	3.407e-02	3.816e-02
1.700e+03	1.990e-02	1.803e-02	2.172e-02	3.317e-02	2.970e-02	3.513e-02	3.584e-02	3.325e-02	3.800e-02
1.800e+03	1.980e-02	1.772e-02	2.147e-02	3.300e-02	2.911e-02	3.454e-02	3.627e-02	3.441e-02	3.914e-02
1.900e+03	1.944e-02	1.770e-02	2.078e-02	3.434e-02	2.950e-02	3.588e-02	3.560e-02	3.414e-02	3.829e-02
2.000e+03	1.961e-02	1.675e-02	2.067e-02	3.303e-02	3.049e-02	3.540e-02	3.644e-02	3.451e-02	3.777e-02
2.100e+03	2.001e-02	1.725e-02	2.049e-02	3.348e-02	3.047e-02	3.575e-02	3.587e-02	3.447e-02	3.929e-02
2.200e+03	2.028e-02	1.750e-02	2.064e-02	3.315e-02	3.020e-02	3.509e-02	3.678e-02	3.488e-02	3.999e-02
2.300e+03	1.941e-02	1.775e-02	2.028e-02	3.259e-02	2.858e-02	3.440e-02	3.719e-02	3.575e-02	4.020e-02
2.400e+03	1.967e-02	1.736e-02	2.050e-02	3.256e-02	2.823e-02	3.526e-02	3.668e-02	3.528e-02	4.060e-02
2.500e+03	1.922e-02	1.741e-02	2.000e-02	3.303e-02	2.847e-02	3.577e-02	3.616e-02	3.430e-02	3.878e-02
2.600e+03	1.890e-02	1.720e-02	1.973e-02	3.292e-02	2.845e-02	3.654e-02	3.545e-02	3.445e-02	3.815e-02
2.700e+03	1.923e-02	1.676e-02	1.974e-02	3.249e-02	2.792e-02	3.658e-02	3.511e-02	3.394e-02	3.859e-02
2.800e+03	1.893e-02	1.726e-02	1.970e-02	3.221e-02	2.811e-02	3.677e-02	3.542e-02	3.393e-02	3.841e-02
2.900e+03	1.855e-02	1.760e-02	1.970e-02	3.184e-02	2.794e-02	3.640e-02	3.503e-02	3.411e-02	3.766e-02
3.000e+03	1.798e-02	1.768e-02	1.926e-02	3.040e-02	2.803e-02	3.684e-02	3.573e-02	3.454e-02	3.644e-02
3.100e+03	1.908e-02	1.728e-02	1.919e-02	3.084e-02	2.770e-02	3.571e-02	3.660e-02	3.452e-02	3.723e-02
3.200e+03	1.870e-02	1.701e-02	1.971e-02	3.031e-02	2.739e-02	3.432e-02	3.678e-02	3.372e-02	3.790e-02
3.300e+03	1.937e-02	1.683e-02	1.980e-02	2.995e-02	2.761e-02	3.546e-02	3.630e-02	3.348e-02	3.768e-02
3.400e+03	1.927e-02	1.688e-02	1.971e-02	2.986e-02	2.637e-02	3.558e-02	3.629e-02	3.335e-02	3.846e-02
3.500e+03	1.840e-02	1.666e-02	1.988e-02	2.985e-02	2.528e-02	3.481e-02	3.564e-02	3.322e-02	3.922e-02
3.600e+03	1.836e-02	1.667e-02	1.988e-02	2.990e-02	2.544e-02	3.294e-02	3.559e-02	3.297e-02	3.937e-02
3.700e+03	1.798e-02	1.652e-02	2.052e-02	3.133e-02	2.444e-02	3.309e-02	3.555e-02	3.306e-02	4.046e-02
3.800e+03	1.833e-02	1.578e-02	2.064e-02	3.138e-02	2.337e-02	3.236e-02	3.555e-02	3.219e-02	4.073e-02
3.900e+03	1.746e-02	1.516e-02	1.961e-02	2.832e-02	2.340e-02	3.261e-02	3.595e-02	3.200e-02	4.196e-02
4.000e+03	1.713e-02	1.468e-02	1.950e-02	2.835e-02	2.364e-02	3.283e-02	3.607e-02	3.138e-02	4.201e-02
4.100e+03	1.645e-02	1.512e-02	1.968e-02	2.898e-02	2.349e-02	3.294e-02	3.671e-02	3.007e-02	4.212e-02
4.200e+03	1.631e-02	1.459e-02	1.932e-02	2.768e-02	2.311e-02	3.218e-02	3.612e-02	3.014e-02	4.015e-02
4.300e+03	1.627e-02	1.457e-02	1.998e-02	2.722e-02	2.391e-02	3.202e-02	3.549e-02	2.956e-02	3.999e-02
4.400e+03	1.627e-02	1.376e-02	2.021e-02	2.568e-02	2.368e-02	3.126e-02	3.606e-02	2.801e-02	3.993e-02
4.500e+03	1.620e-02	1.360e-02	1.925e-02	2.531e-02	2.292e-02	3.109e-02	3.657e-02	2.744e-02	3.914e-02
4.600e+03	1.580e-02	1.408e-02	2.005e-02	2.488e-02	2.012e-02	3.041e-02	3.515e-02	2.717e-02	3.644e-02
4.700e+03	1.534e-02	1.408e-02	1.975e-02	2.587e-02	1.972e-02	2.906e-02	3.408e-02	2.649e-02	3.700e-02
4.800e+03	1.547e-02	1.290e-02	1.973e-02	2.420e-02	1.952e-02	2.756e-02	3.517e-02	2.702e-02	3.723e-02
4.900e+03	1.375e-02	1.201e-02	1.966e-02	2.339e-02	1.995e-02	2.756e-02	3.366e-02	2.692e-02	3.550e-02
5.000e+03	1.391e-02	1.191e-02	1.917e-02	2.340e-02	2.013e-02	2.736e-02	3.177e-02	2.619e-02	3.545e-02
5.100e+03	1.357e-02	1.198e-02	1.904e-02	2.590e-02	2.107e-02	2.738e-02	3.200e-02	2.513e-02	3.435e-02
5.200e+03	1.349e-02	1.215e-02	1.899e-02	2.598e-02	2.108e-02	2.767e-02	3.170e-02	2.470e-02	3.466e-02
5.300e+03	1.349e-02	1.161e-02	1.902e-02	2.598e-02	2.102e-02	2.727e-02	3.120e-02	2.471e-02	3.701e-02
5.400e+03	1.307e-02	1.108e-02	1.921e-02	2.600e-02	1.999e-02	2.829e-02	3.030e-02	2.473e-02	3.898e-02
5.500e+03	1.322e-02	1.108e-02	1.906e-02	2.600e-02	1.987e-02	2.787e-02	3.144e-02	2.425e-02	3.965e-02
5.600e+03	1.319e-02	1.102e-02	1.915e-02	2.515e-02	1.914e-02	2.787e-02	3.144e-02	2.425e-02	3.977e-02
5.700e+03	1.339e-02	1.100e-02	1.912e-02	2.332e-02	1.904e-02	2.751e-02	3.109e-02	2.366e-02	3.950e-02
5.800e+03	1.402e-02	1.108e-02	1.915e-02	2.332e-02	1.916e-02	2.809e-02	3.137e-02	2.371e-02	3.795e-02
5.900e+03	1.393e-02	1.086e-02	1.830e-02	2.343e-02	1.918e-02	2.809e-02	3.164e-02	2.253e-02	3.676e-02
6.000e+03	1.407e-02	1.082e-02	1.840e-02	2.271e-02	1.924e-02	2.835e-02	3.128e-02	2.401e-02	3.674e-02
6.100e+03	1.404e-02	1.082e-02	1.765e-02	2.317e-02	1.941e-02	2.846e-02	3.090e-02	2.360e-02	3.674e-02
6.200e+03	1.449e-02	1.058e-02	1.770e-02	2.335e-02	1.990e-02	2.846e-02	3.181e-02	2.493e-02	3.590e-02
6.300e+03	1.419e-02	1.068e-02	1.694e-02	2.307e-02	1.976e-02	2.859e-02	3.162e-02	2.430e-02	3.605e-02
6.400e+03	1.405e-02	1.072e-02	1.691e-02	2.312e-02	1.958e-02	2.754e-02	3.054e-02	2.349e-02	3.605e-02
6.500e+03	1.392e-02	1.056e-02	1.660e-02	2.280e-02	1.958e-02	2.743e-02	3.005e-02	2.412e-02	3.605e-02
6.600e+03	1.393e-02	9.597e-03	1.588e-02	2.299e-02	1.968e-02	2.742e-02	3.023e-02	2.483e-02	3.613e-02
6.700e+03	1.393e-02	8.968e-03	1.587e-02	2.228e-02	1.839e-02	2.787e-02	3.074e-02	2.431e-02	3.685e-02
6.800e+03	1.394e-02	8.248e-03	1.560e-02	2.195e-02	1.908e-02	2.708e-02	3.046e-02	2.400e-02	3.607e-02
6.900e+03	1.394e-02	8.501e-03	1.530e-02	2.237e-02	1.863e-02	2.698e-02	3.027e-02	2.413e-02	3.571e-02
7.000e+03	1.383e-02	8.501e-03	1.445e-02	2.162e-02	1.737e-02	2.645e-02	3.023e-02	2.415e-02	3.550e-02
7.100e+03	1.382e-02	8.501e-03	1.442e-02	2.155e-02	1.713e-02	2.564e-02	3.063e-02	2.405e-02	3.522e-02
7.200e+03	1.307e-02	8.501e-03	1.422e-02	2.110e-02	1.696e-02	2.627e-02	3.018e-02	2.404e-02	3.494e-02
7.300e+03	1.274e-02	8.418e-03	1.379e-02	2.110e-02	1.715e-02	2.627e-02	2.797e-02	2.429e-02	3.549e-02
7.400e+03	1.271e-02	8.400e-03	1.311e-02	2.147e-02	1.688e-02	2.603e-02	2.792e-02	2.445e-02	3.522e-02
7.500e+03	1.122e-02	8.230e-03	1.254e-02	2.112e-02	1.661e-02	2.612e-02	2.753e-02	2.445e-02	3.501e-02
7.600e+03	1.110e-02	8.404e-03	1.260e-02	2.133e-02	1.686e-02	2.614e-02	2.695e-02	2.440e-02	3.581e-02
7.700e+03	1.098e-02	8.388e-03	1.220e-02	2.133e-02	1.709e-02	2.589e-02	2.690e-02	2.488e-02	3.562e-02
7.800e+03	9.744e-03	8.333e-03	1.196e-02	2.133e-02	1.747e-02	2.659e-02	2.714e-02	2.563e-02	3.553e-02
7.900e+03	9.476e-03	8.332e-03	1.128e-02	2.123e-02	1.748e-02	2.713e-02	2.690e-02	2.572e-02	3.509e-02
8.000e+03	9.449e-03	8.333e-03	1.134e-02	2.128e-02	1.805e-02	2.619e-02	2.682e-02	2.563e-02	3.549e-02
8.100e+03	9.726e-03	8.333e-03	1.061e-02	2.157e-02	1.824e-02	2.650e-02	2.660e-02	2.593e-02	3.652e-02
8.200e+03	9.776e-03	8.279e-03	1.061e-02	2.156e-02	1.746e-02	2.650e-02	2.656e-02	2.592e-02	3.658e-02
8.300e+03	9.820e-03	8.481e-03	1.055e-02	2.222e-02	1.753e-02	2.664e-02	2.722e-02	2.585e-02	3.648e-02
8.400e+03	9.857e-03	8.461e-03	1.033e-02	2.222e-02	1.738e-02	2.649e-02	2.690e-02	2.585e-02	3.688e-02
8.500e+03	9.802e-03	8.461e-03	1.033e-02	2.256e-02	1.761e-02	2.653e-02	2.734e-02	2.585e-02	3.719e-02
8.600e+03	9.744e-03	8.461e-03	1.033e-02	2.267e-02	1.753e-02	2.661e-02	2.671e-02	2.585e-02	3.674e-02
8.700e+03	9.551e-03	8.461e-03	1.039e-02	2.267e-02	1.752e-02	2.661e-02	2.673e-02	2.585e-02	3.675e-02
8.800e+03	9.805e-03	8.264e-03	1.050e-02	2.207e-02	1.751e-02	2.626e-02	2.682e-02	2.565e-02	3.581e-02
8.900e+03	9.972e-03	8.448e-03	1.042e-02	2.210e-02	1.825e-02	2.626e-02	2.697e-02	2.515e-02	3.571e-02
9.000e+03	9.279e-03	8.264e-03	1.008e-02	2.246e-02	1.817e-02	2.633e-02	2.675e-02	2.515e-02	3.571e-02
9.100e+03	9.279e-03	8.400e-03	9.579e-03	2.424e-02	1.809e-02	2.624e-02	2.706e-02	2.396e-02	3.705e-02
9.200e+03	9.194e-03	8.448e-03	9.527e-03	2.438e-02	1.762e-02	2.624e-02	2.681e-02	2.332e-02	3.760e-02
9.300e+03	9.194e-03	8.448e-03	9.742e-03	2.465e-02	1.755e-02	2.622e-02	2.726e-02	2.332e-02	3.760e-02
9.400e+03	9.449e-03	8.627e-03	9.742e-03	2.488e-02	1.746e-02	2.627e-02	2.726e-02	2.321e-02	3.760e-02
9.500e+03	9.358e-03	8.627e-03	1.000e-02	2.496e-02	1.855e-02	2.599e-02	2.726e-02	2.252e-02	3.781e-02
9.600e+03	9.322e-03	8.637e-03	1.000e-02	2.504e-02	1.862e-02	2.541e-02	2.748e-02	2.223e-02	3.743e-02
9.700e+03	9.888e-03	8.637e-03	1.004e-02	2.495e-02	1.847e-02	2.555e-02	2.768e-02	2.209e-02	3.674e-02
9.800e+03	9.888e-03	8.637e-03	1.015e-02	2.414e-02	1.847e-02	2.538e-02	2.768e-02	2.178e-02	3.699e-02
9.900e+03	9.957e-03	8.448e-03	1.015e-02	2.044e-02	1.842e-02	2.510e-02	2.807e-02	2.098e-02	3.694e-02
1.000e+04	9.221e-03	8.627e-03	1.017e-02	2.043e-02	1.852e-02	2.510e-02	2.924e-02	2.051e-02	3.671e-02
1.010e+04	9.221e-03	8.627e-03	1.031e-02	2.052e-02	1.852e-02	2.482e-02	2.954e-02	1.986e-02	3.602e-02
1.020e+04	9.221e-03	8.627e-03	1.031e-02	2.052e-02	1.824e-02	2.510e-02	2.971e-02	1.950e-02	3.609e-02
1.030e+04	9.221e-03	8.532e-03	1.031e-02	2.052e-02	1.833e-02	2.505e-02	3.002e-02	1.949e-02	3.595e-02
1.040e+04	9.650e-03	8.600e-03	1.019e-02	2.069e-02	1.885e-02	2.516e-02	3.002e-02	1.955e-02	3.636e-02
1.050e+04	9.650e-03	8.637e-03	1.019e-02	2.071e-02	1.914e-02	2.517e-02	3.023e-02	1.955e-02	3.492e-02
1.060e+04	9.650e-03	8.637e-03	1.005e-02	2.123e-02	1.913e-02	2.477e-02	3.068e-02	1.950e-02	3.476e-02
1.070e+04	9.828e-03	8.637e-03	1.045e-02	2.161e-02	1.797e-02	2.569e-02	3.018e-02	1.988e-02	3.475e-02
1.080e+04	9.680e-03	8.637e-03	1.084e-02	2.113e-02	1.786e-02	2.527e-02	3.041e-02	1.967e-02	3.533e-02
1.090e+04	9.704e-03	8.627e-03	1.084e-02	2.091e-02	1.785e-02	2.502e-02	3.052e-02	1.967e-02	3.521e-02
1.100e+04	9.726e-03	8.757e-03	1.095e-02	2.152e-02	1.748e-02	2.527e-02	3.031e-02	2.002e-02	3.410e-02
1.110e+04	9.747e-03	8.647e-03	1.095e-02	2.076e-02	1.748e-02	2.515e-02	3.047e-02	2.009e-02	3.410e-02
1.120e+04	9.685e-03	8.647e-03	1.069e-02	2.044e-02	1.748e-02	2.602e-02	3.065e-02	2.009e-02	3.414e-02
1.130e+04	9.671e-03	8.534e-03	1.069e-02	2.037e-02	1.724e-02	2.614e-02	3.065e-02	1.977e-02	3.367e-02
1.140e+04	9.863e-03	8.534e-03	1.069e-02	2.016e-02	1.671e-02	2.525e-02	3.049e-02	1.988e-02	3.363e-02
1.150e+04	9.871e-03	8.534e-03	1.070e-02	2.004e-02	1.683e-02	2.525e-02	2.973e-02	1.827e-02	3.363e-02
1.160e+04	9.877e-03	8.366e-03	1.070e-02	1.999e-02	1.662e-02	2.517e-02	3.006e-02	1.836e-02	3.383e-02
1.170e+04	9.882e-03	8.313e-03	1.070e-02	2.036e-02	1.661e-02	2.517e-02	3.031e-02	1.786e-02	3.489e-02
1.180e+04	1.003e-02	8.313e-03	1.055e-02	2.052e-02	1.695e-02	2.555e-02	3.072e-02	1.884e-02	3.605e-02
1.190e+04	1.017e-02	8.313e-03	1.060e-02	2.065e-02	1.704e-02	2.555e-02	3.072e-02	1.901e-02	3.661e-02
1.200e+04	1.017e-02	8.646e-03	1.056e-02	2.065e-02	1.736e-02	2.486e-02	3.072e-02	1.901e-02	3.682e-02
1.210e+04	1.030e-02	8.646e-03	1.056e-02	2.121e-02	1.671e-02	2.486e-02	3.060e-02	2.028e-02	3.423e-02
1.220e+04	1.051e-02	8.751e-03	1.070e-02	2.129e-02	1.656e-02	2.486e-02	3.054e-02	2.100e-02	3.352e-02
1.230e+04	9.125e-03	8.600e-03	1.051e-02	2.129e-02	1.568e-02	2.453e-02	3.050e-02	2.181e-02	3.284e-02
1.240e+04	9.322e-03	8.614e-03	1.067e-02	2.131e-02	1.548e-02	2.453e-02	3.043e-02	2.200e-02	3.252e-02
1.250e+04	9.340e-03	8.455e-03	1.042e-02	2.143e-02	1.548e-02	2.456e-02	2.996e-02	2.200e-02	3.289e-02
1.260e+04	9.340e-03	8.195e-03	1.043e-02	2.102e-02	1.538e-02	2.339e-02	2.993e-02	2.178e-02	3.324e-02
1.270e+04	9.221e-03	8.195e-03	1.071e-02	2.121e-02	1.557e-02	2.339e-02	2.985e-02	2.183e-02	3.367e-02
1.280e+04	9.236e-03	8.161e-03	1.071e-02	2.080e-02	1.528e-02	2.357e-02	2.982e-02	2.191e-02	3.389e-02
1.290e+04	9.260e-03	8.161e-03	1.084e-02	2.099e-02	1.528e-02	2.342e-02	2.962e-02	2.185e-02	3.413e-02
1.300e+04	9.295e-03	8.354e-03	1.097e-02	2.076e-02	1.528e-02	2.357e-02	2.983e-02	2.208e-02	3.429e-02
1.310e+04	9.143e-03	8.438e-03	1.109e-02	2.082e-02	1.478e-02	2.357e-02	2.964e-02	2.210e-02	3.481e-02
1.320e+04	9.132e-03	8.393e-03	1.155e-02	2.082e-02	1.411e-02	2.380e-02	2.898e-02	2.210e-02	3.479e-02
1.330e+04	9.125e-03	8.393e-03	1.154e-02	2.065e-02	1.405e-02	2.330e-02	2.870e-02	2.225e-02	3.483e-02
1.340e+04	9.270e-03	8.467e-03	1.153e-02	2.046e-02	1.399e-02	2.330e-02	2.896e-02	2.221e-02	3.486e-02
1.350e+04	9.401e-03	8.393e-03	1.170e-02	2.010e-02	1.372e-02	2.342e-02	2.862e-02	2.220e-02	3.477e-02
1.360e+04	9.401e-03	8.515e-03	1.150e-02	2.008e-02	1.260e-02	2.342e-02	2.829e-02	2.220e-02	3.440e-02
1.370e+04	9.236e-03	8.600e-03	1.130e-02	1.992e-02	1.201e-02	2.351e-02	2.715e-02	2.220e-02	3.379e-02
1.380e+04	9.358e-03	8.585e-03	1.130e-02	2.106e-02	1.150e-02	2.312e-02	2.704e-02	2.189e-02	3.369e-02
1.390e+04	9.101e-03	8.400e-03	1.129e-02	2.105e-02	1.158e-02	2.312e-02	2.724e-02	2.200e-02	3.322e-02
1.400e+04	9.255e-03	8.461e-03	1.129e-02	2.105e-02	1.138e-02	2.312e-02	2.747e-02	2.200e-02	3.244e-02
1.410e+04	9.407e-03	8.400e-03	1.100e-02	2.091e-02	1.080e-02	2.312e-02	2.720e-02	2.187e-02	3.206e-02
1.420e+04	1.014e-02	8.400e-03	1.100e-02	2.113e-02	1.079e-02	2.259e-02	2.731e-02	2.182e-02	3.173e-02
1.430e+04	1.015e-02	8.381e-03	1.100e-02	2.149e-02	1.078e-02	2.259e-02	2.712e-02	2.196e-02	3.045e-02
1.440e+04	9.733e-03	8.381e-03	1.092e-02	2.172e-02	1.091e-02	2.259e-02	2.714e-02	2.138e-02	2.977e-02
1.450e+04	9.733e-03	8.400e-03	1.083e-02	2.185e-02	1.100e-02	2.248e-02	2.658e-02	1.963e-02	2.979e-02
1.460e+04	9.871e-03	8.381e-03	1.072e-02	2.099e-02	1.105e-02	2.238e-02	2.642e-02	1.986e-02	2.945e-02
1.470e+04	1.013e-02	8.381e-03	1.072e-02	2.043e-02	1.123e-02	2.296e-02	2.610e-02	2.045e-02	2.874e-02
1.480e+04	1.025e-02	8.381e-03	1.072e-02	1.980e-02	1.123e-02	2.296e-02	2.580e-02	2.053e-02	2.915e-02
1.490e+04	1.022e-02	8.585e-03	1.066e-02	1.945e-02	1.116e-02	2.306e-02	2.503e-02	2.023e-02	2.886e-02
1.500e+04	1.010e-02	8.735e-03	1.041e-02	1.959e-02	1.123e-02	2.308e-02	2.429e-02	1.935e-02	2.841e-02
1.510e+04	1.010e-02	8.809e-03	1.041e-02	1.945e-02	1.121e-02	2.273e-02	2.345e-02	1.956e-02	2.782e-02
1.520e+04	1.012e-02	8.809e-03	1.041e-02	1.995e-02	1.121e-02	2.281e-02	2.255e-02	1.961e-02	2.784e-02
1.530e+04	1.000e-02	8.434e-03	1.041e-02	2.021e-02	1.109e-02	2.281e-02	2.311e-02	1.893e-02	2.789e-02
1.540e+04	1.000e-02	8.418e-03	1.052e-02	2.007e-02	1.126e-02	2.297e-02	2.298e-02	1.835e-02	2.700e-02
1.550e+04	9.906e-03	8.418e-03	1.052e-02	1.957e-02	1.100e-02	2.297e-02	2.365e-02	1.839e-02	2.676e-02
1.560e+04	9.906e-03	8.418e-03	1.052e-02	1.966e-02	1.103e-02	2.309e-02	2.342e-02	1.775e-02	2.590e-02
1.570e+04	9.917e-03	8.418e-03	1.053e-02	1.934e-02	1.102e-02	2.260e-02	2.309e-02	1.725e-02	2.523e-02
1.580e+04	9.917e-03	8.418e-03	1.102e-02	1.875e-02	1.123e-02	2.268e-02	2.255e-02	1.731e-02	2.525e-02
1.590e+04	9.825e-03	8.434e-03	1.124e-02	1.691e-02	1.147e-02	2.277e-02	2.247e-02	1.618e-02	2.463e-02
1.600e+04	9.704e-03	8.631e-03	1.126e-02	1.523e-02	1.147e-02	2.277e-02	2.247e-02	1.598e-02	2.469e-02
1.610e+04	9.704e-03	8.567e-03	1.122e-02	1.548e-02	1.163e-02	2.226e-02	2.250e-02	1.598e-02	2.435e-02
1.620e+04	9.704e-03	8.360e-03	1.100e-02	1.463e-02	1.160e-02	2.238e-02	2.250e-02	1.596e-02	2.409e-02
1.630e+04	9.726e-03	8.360e-03	1.109e-02	1.463e-02	1.153e-02	2.238e-02	2.254e-02	1.596e-02	2.396e-02
1.640e+04	9.726e-03	8.465e-03	1.109e-02	1.491e-02	1.185e-02	2.163e-02	2.171e-02	1.596e-02	2.357e-02
1.650e+04	9.579e-03	8.360e-03	1.138e-02	1.480e-02	1.185e-02	2.164e-02	2.154e-02	1.596e-02	2.356e-02
1.660e+04	9.472e-03	8.400e-03	1.138e-02	1.435e-02	1.181e-02	2.136e-02	2.132e-02	1.596e-02	2.207e-02
1.670e+04	9.358e-03	8.264e-03	1.165e-02	1.431e-02	1.205e-02	2.147e-02	2.141e-02	1.594e-02	2.197e-02
1.680e+04	9.358e-03	8.193e-03	1.165e-02	1.430e-02	1.194e-02	2.147e-02	2.141e-02	1.594e-02	2.197e-02
1.690e+04	9.374e-03	8.312e-03	1.199e-02	1.441e-02	1.219e-02	2.147e-02	2.083e-02	1.567e-02	2.150e-02
1.700e+04	9.205e-03	8.313e-03	1.248e-02	1.441e-02	1.220e-02	2.176e-02	2.058e-02	1.558e-02	2.127e-02
1.710e+04	9.205e-03	8.366e-03	1.265e-02	1.432e-02	1.220e-02	2.176e-02	2.027e-02	1.558e-02	2.127e-02
1.720e+04	9.205e-03	8.366e-03	1.248e-02	1.432e-02	1.220e-02	2.016e-02	2.069e-02	1.578e-02	2.127e-02
1.730e+04	9.236e-03	8.366e-03	1.231e-02	1.471e-02	1.218e-02	2.016e-02	2.027e-02	1.592e-02	2.127e-02
1.740e+04	9.236e-03	8.388e-03	1.231e-02	1.462e-02	1.195e-02	1.936e-02	1.995e-02	1.593e-02	2.159e-02
1.750e+04	9.236e-03	8.404e-03	1.226e-02	1.453e-02	1.193e-02	1.937e-02	1.989e-02	1.599e-02	2.159e-02
1.760e+04	9.106e-03	8.326e-03	1.226e-02	1.424e-02	1.177e-02	1.954e-02	1.978e-02	1.599e-02	2.159e-02
1.770e+04	9.094e-03	8.326e-03	1.236e-02	1.497e-02	1.185e-02	1.954e-02	1.912e-02	1.609e-02	2.121e-02
1.780e+04	9.094e-03	8.404e-03	1.269e-02	1.486e-02	1.220e-02	1.853e-02	1.870e-02	1.571e-02	1.921e-02
1.790e+04	8.988e-03	8.404e-03	1.261e-02	1.486e-02	1.220e-02	1.868e-02	1.671e-02	1.555e-02	1.926e-02
1.800e+04	9.012e-03	8.404e-03	1.220e-02	1.462e-02	1.141e-02	1.874e-02	1.662e-02	1.555e-02	1.934e-02
1.810e+04	9.224e-03	8.217e-03	1.220e-02	1.462e-02	1.141e-02	1.864e-02	1.662e-02	1.589e-02	1.950e-02
1.820e+04	9.224e-03	8.217e-03	1.188e-02	1.443e-02	1.115e-02	1.768e-02	1.679e-02	1.605e-02	1.950e-02
1.830e+04	9.224e-03	8.193e-03	1.194e-02	1.432e-02	1.104e-02	1.761e-02	1.679e-02	1.516e-02	1.955e-02
1.840e+04	9.478e-03	8.193e-03	1.194e-02	1.432e-02	1.115e-02	1.605e-02	1.679e-02	1.498e-02	1.955e-02
1.850e+04	9.431e-03	8.091e-03	1.199e-02	1.432e-02	1.143e-02	1.605e-02	1.679e-02	1.409e-02	1.955e-02
1.860e+04	9.178e-03	8.018e-03	1.199e-02	1.429e-02	1.143e-02	1.605e-02	1.718e-02	1.361e-02	1.955e-02
1.870e+04	9.178e-03	8.018e-03	1.199e-02	1.430e-02	1.123e-02	1.610e-02	1.718e-02	1.485e-02	1.955e-02
1.880e+04	9.178e-03	7.942e-03	1.199e-02	1.419e-02	1.131e-02	1.430e-02	1.718e-02	1.506e-02	1.960e-02
1.890e+04	9.178e-03	8.018e-03	1.203e-02	1.338e-02	1.127e-02	1.416e-02	1.695e-02	1.495e-02	1.957e-02
1.900e+04	9.178e-03	7.914e-03	1.203e-02	1.383e-02	1.159e-02	1.431e-02	1.703e-02	1.500e-02	1.957e-02
1.910e+04	9.178e-03	8.043e-03	1.203e-02	1.383e-02	1.175e-02	1.431e-02	1.666e-02	1.497e-02	1.957e-02
1.920e+04	8.937e-03	8.119e-03	1.229e-02	1.383e-02	1.150e-02	1.445e-02	1.692e-02	1.520e-02	1.948e-02
1.930e+04	8.937e-03	8.119e-03	1.229e-02	1.383e-02	1.066e-02	1.441e-02	1.694e-02	1.501e-02	1.951e-02
1.940e+04	8.937e-03	8.193e-03	1.224e-02	1.370e-02	1.071e-02	1.441e-02	1.787e-02	1.519e-02	1.957e-02
1.950e+04	8.912e-03	8.292e-03	1.224e-02	1.383e-02	1.082e-02	1.462e-02	1.789e-02	1.519e-02	1.957e-02
1.960e+04	8.912e-03	8.292e-03	1.229e-02	1.375e-02	1.079e-02	1.443e-02	1.789e-02	1.519e-02	1.959e-02
1.970e+04	8.912e-03	8.388e-03	1.234e-02	1.377e-02	1.092e-02	1.448e-02	1.785e-02	1.509e-02	1.959e-02
1.980e+04	8.912e-03	8.388e-03	1.234e-02	1.353e-02	1.136e-02	1.448e-02	1.766e-02	1.509e-02	1.959e-02
1.990e+04	9.532e-03	8.381e-03	1.234e-02	1.356e-02	1.174e-02	1.458e-02	1.766e-02	1.484e-02	1.959e-02
2.000e+04	9.532e-03	8.248e-03	1.217e-02	1.384e-02	1.174e-02	1.495e-02	1.717e-02	1.509e-02	1.968e-02
