_.vs.4.nav.e_maze.ga.epistasis.1.0	_.vs.4.nav.e_maze.ga.epistasis.2.0	_.vs.4.nav.e_maze.ga.epistasis.0.2	_.vs.4.nav.e_maze.ga.single.ds	_.vs.4.nav.e_maze.me.epistasis.5.0	_.vs.4.nav.e_maze.me.epistasis.0.5	_.vs.4.nav.e_maze.me.epistasis.2.0	_.vs.4.nav.e_maze.me.epistasis.0.2	_.vs.4.nav.e_maze.me.epistasis.1.0	_.vs.4.nav.e_maze.ga.epistasis.5.0	_.vs.4.nav.e_maze.ga.epistasis.0.5	_.vs.4.nav.y_maze.ga.epistasis.1.0	_.vs.4.nav.y_maze.ga.epistasis.2.0	_.vs.4.nav.y_maze.ga.epistasis.0.2	_.vs.4.nav.y_maze.ga.single.ds	_.vs.4.nav.y_maze.me.epistasis.5.0	_.vs.4.nav.y_maze.me.epistasis.0.5	_.vs.4.nav.y_maze.me.epistasis.2.0	_.vs.4.nav.y_maze.me.epistasis.0.2	_.vs.4.nav.y_maze.me.epistasis.1.0	_.vs.4.nav.y_maze.ga.epistasis.5.0	_.vs.4.nav.y_maze.ga.epistasis.0.5
8.360e-03	3.048e-03	1.946e-02	2.300e-04	4.994e-03	5.039e-03	2.930e-03	4.150e-03	7.507e-03	5.548e-03	3.671e-02	2.521e-02	1.253e-03	3.803e-03	7.715e-04	1.113e-03	2.184e-03	7.726e-03	1.437e-03	1.070e-02	9.137e-03	9.165e-03
9.150e-03	1.483e-02	2.452e-02	6.784e-04	1.004e-03	8.594e-03	9.628e-04	5.074e-03	2.358e-02	7.966e-03	2.300e-01	1.753e-02	3.514e-03	2.930e-03	9.641e-04	6.559e-03	9.460e-03	1.121e-03	1.760e-03	4.057e-03	2.349e-03	4.951e-03
4.177e-02	6.745e-02	1.593e-02	1.372e-03	1.072e-02	7.409e-03	1.354e-03	2.172e-03	1.131e-02	2.237e-02	5.019e-02	2.030e-02	7.460e-04	1.715e-02	1.448e-04	3.050e-03	2.578e-03	7.793e-04	4.830e-04	2.468e-03	5.756e-03	1.855e-03
6.530e-02	7.112e-03	1.432e-03	1.359e-04	8.921e-03	8.219e-03	1.890e-03	2.351e-03	4.113e-03	8.241e-03	1.416e-02	1.981e-03	1.424e-02	6.025e-03	4.508e-04	2.369e-03	1.367e-04	1.269e-03	3.761e-03	1.627e-03	3.553e-03	1.148e-03
2.197e-02	3.239e-02	8.700e-02	5.530e-04	7.608e-03	6.489e-03	4.683e-03	2.576e-03	5.506e-03	1.070e-02	2.429e-02	8.354e-04	1.340e-02	6.786e-03	1.567e-03	1.396e-02	4.065e-03	1.672e-03	2.611e-03	5.638e-03	8.029e-03	2.431e-02
3.274e-02	1.654e-02	4.806e-03	3.849e-04	1.099e-02	5.385e-03	7.340e-03	2.734e-03	3.947e-03	1.677e-02	3.698e-02	1.810e-03	7.771e-03	2.183e-03	1.763e-04	9.251e-03	2.881e-03	3.156e-03	1.128e-02	2.394e-03	5.426e-03	8.467e-03
1.850e-02	3.820e-03	5.233e-03	1.734e-03	7.826e-03	7.093e-03	5.151e-03	4.179e-03	2.823e-03	5.619e-03	7.630e-03	7.581e-04	1.779e-02	1.051e-03	1.689e-04	1.275e-03	5.655e-04	7.861e-04	2.123e-03	9.996e-04	5.793e-03	3.062e-03
1.176e-02	2.078e-02	4.116e-02	7.284e-04	1.305e-03	2.682e-03	3.992e-03	5.417e-04	2.149e-03	1.041e-02	4.075e-03	1.272e-03	8.933e-03	6.180e-03	9.308e-04	3.031e-03	7.655e-03	6.541e-03	6.409e-04	1.553e-02	3.978e-03	6.259e-03
8.326e-03	1.444e-02	2.321e-02	1.892e-03	3.123e-03	8.736e-03	2.287e-03	4.186e-03	6.211e-03	6.015e-02	2.151e-02	3.076e-03	9.217e-03	1.161e-03	1.507e-04	7.343e-04	3.676e-03	2.867e-03	2.191e-03	7.548e-04	3.344e-03	2.229e-03
4.268e-03	4.108e-03	2.840e-02	1.406e-03	1.023e-02	2.309e-03	3.861e-03	4.436e-03	7.098e-03	3.346e-03	7.233e-03	1.027e-02	2.230e-03	4.851e-03	8.911e-04	5.096e-03	1.204e-03	4.716e-04	1.164e-03	2.964e-03	2.945e-02	4.477e-03
4.327e-02	2.240e-03	7.378e-03	1.673e-03	5.291e-03	6.065e-04	3.623e-03	6.229e-03	4.646e-04	3.144e-02	3.157e-02	1.871e-03	5.248e-03	5.347e-03	8.905e-04	1.205e-03	8.194e-03	2.384e-03	3.958e-03	2.328e-03	1.777e-02	1.670e-02
4.978e-03	5.481e-02	5.738e-03	6.907e-04	1.864e-03	1.046e-03	5.980e-03	5.832e-03	5.442e-04	2.270e-02	4.306e-03	1.649e-02	3.936e-03	5.680e-03	1.337e-03	5.465e-03	1.890e-03	1.328e-03	7.547e-03	1.171e-02	8.757e-03	2.524e-03
6.658e-03	4.299e-02	3.360e-02	5.534e-04	6.637e-03	8.876e-03	8.620e-03	6.305e-03	8.597e-04	5.039e-03	5.448e-03	5.702e-03	1.147e-02	3.784e-04	2.049e-03	7.341e-03	3.914e-03	8.514e-04	2.181e-03	1.266e-03	5.195e-03	1.344e-02
1.089e-02	6.488e-02	2.009e-02	5.241e-04	3.297e-03	3.179e-03	1.051e-03	3.200e-03	7.089e-03	2.594e-02	1.165e-02	1.243e-02	1.009e-02	7.232e-03	5.668e-04	5.154e-03	7.082e-03	2.713e-03	3.086e-04	1.565e-03	8.107e-03	4.991e-03
2.612e-03	4.311e-03	2.411e-03	6.798e-04	1.676e-03	6.318e-04	3.488e-03	7.177e-03	4.055e-03	6.533e-03	1.615e-02	2.139e-03	1.561e-02	1.454e-02	2.117e-03	2.742e-03	2.729e-03	4.956e-03	7.772e-04	3.951e-03	4.314e-02	6.727e-03
2.840e-02	2.665e-02	1.599e-02	5.075e-04	9.315e-04	3.489e-03	5.706e-03	6.540e-04	1.020e-02	6.480e-03	3.269e-02	5.924e-03	7.330e-03	8.692e-03	1.257e-04	4.363e-03	2.738e-04	4.642e-04	5.037e-03	1.118e-03	1.591e-02	3.532e-03
3.132e-02	5.913e-03	3.214e-03	1.193e-03	4.264e-03	2.082e-03	4.262e-04	5.288e-03	2.102e-03	6.159e-03	8.648e-03	1.769e-03	1.710e-02	1.144e-02	1.197e-04	5.949e-03	3.614e-03	5.319e-04	5.542e-03	3.878e-03	6.444e-03	2.269e-03
2.729e-02	1.222e-02	1.443e-02	6.451e-04	7.235e-03	1.839e-03	8.670e-03	7.579e-03	2.898e-03	3.914e-02	5.648e-03	1.152e-02	3.976e-03	8.705e-03	1.636e-03	3.398e-03	5.529e-03	2.164e-03	4.880e-03	1.079e-03	1.108e-02	2.960e-03
7.091e-03	2.252e-02	4.197e-02	2.012e-03	8.721e-03	1.016e-02	7.139e-03	1.719e-03	5.748e-03	1.221e-02	6.961e-03	7.423e-03	1.023e-02	2.017e-03	1.478e-04	4.534e-03	3.885e-03	8.426e-04	1.365e-03	6.639e-03	2.529e-03	9.135e-03
2.037e-02	2.435e-02	2.798e-02	2.085e-04	1.195e-02	6.364e-04	2.743e-03	3.037e-03	8.905e-03	8.920e-02	5.586e-03	1.550e-02	8.202e-03	6.203e-03	1.858e-04	1.599e-03	3.846e-03	1.892e-03	8.484e-04	5.307e-03	8.193e-03	6.294e-03
2.068e-02	5.922e-03	3.861e-03	2.300e-01	9.722e-03	9.849e-03	2.767e-03	6.608e-03	7.364e-03	4.643e-02	1.434e-02	7.610e-03	1.032e-02	5.966e-03	6.757e-04	6.882e-03	1.209e-03	2.937e-03	1.141e-03	4.352e-03	2.140e-02	1.125e-03
1.220e-02	1.244e-02	1.147e-02	8.202e-04	5.880e-03	8.675e-03	3.437e-03	3.246e-03	2.701e-03	7.026e-03	2.120e-03	6.406e-03	5.498e-03	5.527e-03	3.554e-04	2.097e-03	1.124e-03	9.543e-04	2.873e-03	2.065e-03	1.069e-02	5.001e-03
2.834e-03	4.506e-02	3.501e-03	1.980e-03	3.376e-03	7.454e-04	2.244e-02	3.178e-03	4.210e-03	1.652e-02	8.863e-03	4.599e-03	1.053e-02	8.477e-03	1.761e-03	2.412e-03	1.595e-03	5.222e-03	4.225e-03	2.844e-03	5.377e-03	3.143e-03
1.629e-02	1.242e-02	2.358e-03	1.121e-03	3.822e-03	4.524e-03	4.894e-03	6.063e-03	3.655e-04	1.363e-02	3.832e-02	3.520e-03	1.064e-03	2.472e-03	2.053e-04	2.485e-03	1.621e-03	1.572e-03	1.449e-03	3.748e-03	9.076e-03	1.311e-02
1.051e-02	2.904e-03	2.300e-01	2.184e-03	4.057e-03	9.853e-03	3.055e-03	3.222e-04	1.798e-03	2.043e-01	1.114e-01	3.857e-03	1.701e-02	4.933e-03	1.158e-04	1.244e-03	1.670e-03	9.059e-03	3.354e-03	5.269e-03	1.520e-02	3.085e-03
2.878e-02	3.013e-02	2.298e-02	4.728e-04	2.860e-03	9.607e-04	1.240e-03	3.563e-03	3.150e-03	3.808e-02	1.599e-02	3.372e-03	1.050e-02	3.616e-03	8.601e-04	3.138e-03	1.371e-03	7.509e-03	2.317e-03	9.585e-04	1.534e-02	2.084e-03
4.826e-02	6.492e-02	1.665e-02	1.730e-04	8.873e-03	1.246e-03	2.519e-03	1.697e-02	1.820e-02	6.129e-03	9.593e-03	1.151e-02	4.601e-03	3.795e-03	2.249e-03	7.385e-05	1.206e-03	5.067e-03	1.249e-03	1.706e-03	6.028e-03	9.453e-04
1.119e-02	7.194e-02	1.088e-02	4.876e-04	1.798e-03	3.489e-03	4.643e-03	1.054e-03	5.070e-03	3.300e-03	1.975e-02	6.799e-03	7.829e-03	2.457e-03	2.488e-03	4.988e-03	6.378e-04	1.977e-03	5.251e-03	7.382e-03	6.438e-03	1.656e-03
2.920e-03	2.301e-02	3.529e-03	5.672e-04	6.879e-03	1.425e-02	6.902e-03	8.961e-03	9.215e-04	1.296e-02	1.092e-02	7.952e-03	2.468e-02	6.647e-03	4.821e-04	4.530e-03	1.777e-03	6.058e-03	5.272e-03	4.517e-03	6.294e-03	1.768e-03
5.741e-03	6.157e-03	6.316e-02	1.492e-03	2.898e-03	2.582e-03	1.855e-04	1.125e-02	8.582e-03	5.944e-03	4.572e-03	9.663e-04	1.072e-02	3.759e-03	3.705e-04	4.309e-03	1.551e-03	4.239e-03	1.298e-03	2.548e-03	3.857e-03	1.974e-03
