_.vs.4.nav.e_maze.ga.epistasis.1.0	_.vs.4.nav.e_maze.ga.epistasis.2.0	_.vs.4.nav.e_maze.ga.epistasis.0.2	_.vs.4.nav.e_maze.me.epistasis.5.0	_.vs.4.nav.e_maze.me.epistasis.0.5	_.vs.4.nav.e_maze.me.epistasis.2.0	_.vs.4.nav.e_maze.me.epistasis.0.2	_.vs.4.nav.e_maze.me.epistasis.1.0	_.vs.4.nav.e_maze.ga.epistasis.5.0	_.vs.4.nav.e_maze.ga.epistasis.0.5	_.vs.4.nav.y_maze.ga.epistasis.1.0	_.vs.4.nav.y_maze.ga.epistasis.2.0	_.vs.4.nav.y_maze.ga.epistasis.0.2	_.vs.4.nav.y_maze.me.epistasis.5.0	_.vs.4.nav.y_maze.me.epistasis.0.5	_.vs.4.nav.y_maze.me.epistasis.2.0	_.vs.4.nav.y_maze.me.epistasis.0.2	_.vs.4.nav.y_maze.me.epistasis.1.0	_.vs.4.nav.y_maze.ga.epistasis.5.0	_.vs.4.nav.y_maze.ga.epistasis.0.5
4.391e-01	2.782e-01	8.188e-01	3.742e-01	6.237e-01	4.407e-01	8.182e-01	4.571e-01	1.752e-01	6.318e-01	3.882e-01	2.718e-01	8.182e-01	3.788e-01	6.162e-01	3.838e-01	8.182e-01	3.803e-01	1.036e-01	5.858e-01
3.894e-01	2.664e-01	8.188e-01	3.485e-01	6.566e-01	3.742e-01	8.182e-01	3.684e-01	1.482e-01	5.648e-01	3.867e-01	2.373e-01	8.203e-01	3.239e-01	6.420e-01	3.687e-01	8.182e-01	3.716e-01	1.039e-01	5.755e-01
3.997e-01	2.606e-01	8.182e-01	3.621e-01	5.950e-01	3.333e-01	8.182e-01	4.147e-01	2.688e-01	5.642e-01	3.985e-01	2.336e-01	8.185e-01	3.990e-01	6.439e-01	3.848e-01	8.182e-01	3.573e-01	1.191e-01	5.821e-01
4.039e-01	2.179e-01	8.182e-01	3.068e-01	6.212e-01	3.970e-01	8.182e-01	4.834e-01	1.936e-01	5.773e-01	3.742e-01	2.552e-01	8.185e-01	3.414e-01	6.162e-01	3.087e-01	8.182e-01	4.972e-01	1.358e-01	5.800e-01
4.052e-01	2.945e-01	8.203e-01	4.132e-01	6.591e-01	3.864e-01	8.182e-01	4.306e-01	2.015e-01	6.103e-01	3.652e-01	2.594e-01	8.221e-01	3.748e-01	6.111e-01	3.125e-01	8.258e-01	3.872e-01	9.636e-02	5.794e-01
4.521e-01	3.158e-01	8.182e-01	3.721e-01	6.572e-01	3.844e-01	8.182e-01	5.028e-01	1.794e-01	5.991e-01	3.794e-01	2.315e-01	8.185e-01	3.201e-01	5.960e-01	3.652e-01	8.182e-01	3.848e-01	1.042e-01	5.652e-01
4.394e-01	3.467e-01	8.182e-01	3.163e-01	6.086e-01	3.636e-01	8.258e-01	4.019e-01	1.964e-01	5.567e-01	3.785e-01	2.385e-01	8.182e-01	3.652e-01	6.591e-01	3.815e-01	8.333e-01	4.394e-01	1.448e-01	5.921e-01
3.727e-01	2.627e-01	8.182e-01	3.576e-01	6.086e-01	3.569e-01	8.409e-01	5.560e-01	2.136e-01	5.921e-01	3.767e-01	2.406e-01	8.182e-01	3.576e-01	6.111e-01	3.700e-01	8.182e-01	4.440e-01	1.176e-01	5.755e-01
4.570e-01	3.203e-01	8.182e-01	2.965e-01	6.010e-01	3.667e-01	8.258e-01	4.000e-01	2.003e-01	6.352e-01	3.794e-01	2.691e-01	8.185e-01	3.500e-01	6.496e-01	3.529e-01	8.182e-01	4.364e-01	1.133e-01	5.836e-01
4.888e-01	4.009e-01	8.182e-01	3.068e-01	6.705e-01	3.742e-01	8.182e-01	3.955e-01	3.061e-01	5.864e-01	3.842e-01	2.545e-01	8.188e-01	3.712e-01	6.061e-01	3.247e-01	8.258e-01	4.909e-01	9.091e-02	5.809e-01
4.770e-01	2.761e-01	8.182e-01	3.712e-01	6.111e-01	3.030e-01	8.182e-01	4.007e-01	1.803e-01	5.882e-01	3.891e-01	2.348e-01	8.188e-01	3.712e-01	6.226e-01	3.125e-01	8.182e-01	4.482e-01	1.064e-01	5.845e-01
3.579e-01	2.815e-01	8.182e-01	3.652e-01	6.088e-01	4.298e-01	8.182e-01	5.022e-01	1.739e-01	6.245e-01	3.848e-01	2.427e-01	8.182e-01	3.589e-01	5.934e-01	3.160e-01	8.485e-01	3.879e-01	1.055e-01	5.627e-01
4.003e-01	2.882e-01	8.185e-01	3.838e-01	6.035e-01	3.894e-01	8.182e-01	4.522e-01	2.264e-01	6.091e-01	3.776e-01	2.261e-01	8.182e-01	3.652e-01	6.187e-01	3.068e-01	8.182e-01	4.413e-01	1.133e-01	6.030e-01
3.958e-01	2.373e-01	8.182e-01	3.201e-01	6.162e-01	4.838e-01	8.182e-01	4.356e-01	2.052e-01	6.255e-01	3.897e-01	2.491e-01	8.185e-01	3.182e-01	6.035e-01	4.924e-01	8.182e-01	4.201e-01	1.030e-01	5.809e-01
4.091e-01	2.770e-01	8.182e-01	3.742e-01	6.591e-01	4.293e-01	8.182e-01	3.879e-01	2.176e-01	5.809e-01	3.745e-01	2.330e-01	8.194e-01	2.992e-01	5.978e-01	3.476e-01	8.182e-01	3.924e-01	1.088e-01	5.809e-01
3.924e-01	2.658e-01	8.188e-01	3.111e-01	6.212e-01	3.652e-01	8.182e-01	4.945e-01	1.985e-01	6.188e-01	4.352e-01	2.197e-01	8.182e-01	3.182e-01	6.116e-01	3.477e-01	8.182e-01	4.533e-01	1.030e-01	5.739e-01
3.642e-01	3.430e-01	8.182e-01	4.185e-01	5.950e-01	5.212e-01	8.182e-01	3.732e-01	1.600e-01	6.073e-01	3.855e-01	2.730e-01	8.197e-01	4.440e-01	6.033e-01	3.700e-01	8.333e-01	4.432e-01	1.306e-01	5.824e-01
3.748e-01	3.418e-01	8.200e-01	3.803e-01	6.088e-01	3.764e-01	8.182e-01	4.968e-01	1.373e-01	5.864e-01	3.924e-01	2.155e-01	8.182e-01	3.106e-01	6.162e-01	3.682e-01	8.182e-01	3.668e-01	1.209e-01	6.433e-01
4.403e-01	2.261e-01	8.182e-01	3.712e-01	6.545e-01	3.314e-01	8.182e-01	3.923e-01	3.052e-01	6.130e-01	3.685e-01	2.179e-01	8.185e-01	3.239e-01	6.136e-01	3.796e-01	8.182e-01	4.137e-01	1.103e-01	5.715e-01
3.645e-01	2.558e-01	8.182e-01	3.682e-01	5.895e-01	3.758e-01	8.182e-01	4.351e-01	1.479e-01	5.424e-01	4.124e-01	2.303e-01	8.194e-01	3.620e-01	6.061e-01	4.366e-01	8.182e-01	4.606e-01	1.270e-01	5.682e-01
4.418e-01	2.942e-01	8.464e-01	3.193e-01	6.450e-01	3.258e-01	8.258e-01	4.051e-01	1.706e-01	5.955e-01	3.694e-01	2.121e-01	8.182e-01	3.712e-01	6.143e-01	3.621e-01	8.182e-01	3.987e-01	1.385e-01	5.794e-01
4.767e-01	3.076e-01	8.182e-01	3.758e-01	6.187e-01	3.712e-01	8.182e-01	4.337e-01	1.561e-01	6.285e-01	3.652e-01	2.321e-01	8.188e-01	3.163e-01	6.061e-01	4.356e-01	8.182e-01	3.732e-01	1.185e-01	5.833e-01
4.739e-01	3.121e-01	8.182e-01	3.906e-01	6.237e-01	3.667e-01	8.182e-01	3.975e-01	2.139e-01	5.782e-01	3.794e-01	2.645e-01	8.233e-01	3.697e-01	6.420e-01	4.825e-01	8.182e-01	4.946e-01	1.067e-01	5.800e-01
4.385e-01	2.506e-01	8.182e-01	3.894e-01	6.705e-01	4.394e-01	8.182e-01	4.895e-01	1.521e-01	6.058e-01	3.985e-01	2.300e-01	8.185e-01	4.504e-01	6.010e-01	2.835e-01	8.182e-01	4.337e-01	1.218e-01	5.700e-01
4.379e-01	2.630e-01	8.182e-01	3.596e-01	6.686e-01	4.646e-01	8.182e-01	4.955e-01	1.427e-01	5.615e-01	3.894e-01	2.121e-01	8.188e-01	3.889e-01	6.856e-01	3.589e-01	8.258e-01	4.508e-01	1.082e-01	5.776e-01
3.515e-01	3.085e-01	8.182e-01	3.139e-01	6.143e-01	4.331e-01	8.182e-01	4.473e-01	1.594e-01	6.003e-01	3.867e-01	2.164e-01	8.191e-01	3.606e-01	6.610e-01	3.838e-01	8.182e-01	4.187e-01	1.376e-01	5.782e-01
4.112e-01	2.288e-01	8.182e-01	4.121e-01	6.136e-01	3.182e-01	8.182e-01	3.939e-01	2.245e-01	5.864e-01	3.703e-01	2.245e-01	8.185e-01	4.545e-01	6.086e-01	3.712e-01	8.182e-01	3.788e-01	1.197e-01	5.621e-01
3.858e-01	2.830e-01	8.182e-01	3.712e-01	6.439e-01	4.744e-01	8.182e-01	4.264e-01	2.064e-01	5.688e-01	3.785e-01	2.388e-01	8.188e-01	3.225e-01	6.006e-01	4.455e-01	8.182e-01	4.642e-01	1.052e-01	6.006e-01
3.924e-01	3.485e-01	8.182e-01	3.074e-01	6.263e-01	3.697e-01	8.182e-01	5.080e-01	2.112e-01	6.079e-01	3.603e-01	2.097e-01	8.182e-01	3.266e-01	5.934e-01	3.258e-01	8.258e-01	4.580e-01	1.012e-01	5.876e-01
4.348e-01	2.606e-01	8.182e-01	3.352e-01	6.485e-01	3.447e-01	8.182e-01	3.700e-01	1.970e-01	5.594e-01	3.982e-01	2.367e-01	8.188e-01	3.525e-01	5.978e-01	3.812e-01	8.182e-01	4.727e-01	1.291e-01	5.742e-01
