_.vs.4.nav.e_maze.ga.epistasis.1.0	_.vs.4.nav.e_maze.ga.epistasis.2.0	_.vs.4.nav.e_maze.ga.epistasis.0.2	_.vs.4.nav.e_maze.me.epistasis.5.0	_.vs.4.nav.e_maze.me.epistasis.0.5	_.vs.4.nav.e_maze.me.epistasis.2.0	_.vs.4.nav.e_maze.me.epistasis.0.2	_.vs.4.nav.e_maze.me.epistasis.1.0	_.vs.4.nav.e_maze.ga.epistasis.5.0	_.vs.4.nav.e_maze.ga.epistasis.0.5	_.vs.4.nav.y_maze.ga.epistasis.1.0	_.vs.4.nav.y_maze.ga.epistasis.2.0	_.vs.4.nav.y_maze.ga.epistasis.0.2	_.vs.4.nav.y_maze.me.epistasis.5.0	_.vs.4.nav.y_maze.me.epistasis.0.5	_.vs.4.nav.y_maze.me.epistasis.2.0	_.vs.4.nav.y_maze.me.epistasis.0.2	_.vs.4.nav.y_maze.me.epistasis.1.0	_.vs.4.nav.y_maze.ga.epistasis.5.0	_.vs.4.nav.y_maze.ga.epistasis.0.5
9.866e-02	1.127e-01	6.984e-02	1.385e-01	1.586e-01	1.357e-01	1.590e-01	1.461e-01	8.854e-02	1.401e-01	1.311e-01	1.225e-01	9.915e-02	1.342e-01	1.403e-01	1.039e-01	1.590e-01	1.415e-01	1.081e-01	1.197e-01
7.357e-02	1.196e-01	1.035e-01	1.075e-01	1.487e-01	1.147e-01	1.590e-01	1.352e-01	1.205e-01	1.057e-01	1.412e-01	1.175e-01	1.112e-01	9.408e-02	1.319e-01	1.142e-01	1.590e-01	1.376e-01	1.150e-01	1.113e-01
1.366e-01	1.015e-01	4.416e-02	1.230e-01	1.584e-01	1.063e-01	1.590e-01	1.244e-01	8.410e-02	1.473e-01	1.255e-01	1.095e-01	1.058e-01	1.039e-01	1.668e-01	1.262e-01	1.590e-01	1.602e-01	1.051e-01	1.090e-01
1.068e-01	9.900e-02	5.041e-02	1.658e-01	1.315e-01	1.510e-01	1.590e-01	1.358e-01	8.781e-02	9.239e-02	1.169e-01	1.188e-01	9.045e-02	1.547e-01	1.357e-01	1.422e-01	1.179e-01	1.244e-01	9.956e-02	1.120e-01
8.553e-02	1.112e-01	8.698e-02	1.417e-01	1.776e-01	1.552e-01	1.590e-01	1.550e-01	9.580e-02	8.219e-02	1.272e-01	1.420e-01	8.070e-02	1.053e-01	1.437e-01	1.466e-01	1.590e-01	1.362e-01	9.685e-02	1.008e-01
8.348e-02	1.062e-01	5.927e-02	1.659e-01	1.568e-01	1.207e-01	1.590e-01	1.284e-01	9.948e-02	1.257e-01	1.440e-01	1.356e-01	9.751e-02	1.422e-01	1.586e-01	7.102e-02	1.590e-01	1.342e-01	8.773e-02	1.092e-01
1.162e-01	9.583e-02	5.821e-02	1.422e-01	1.476e-01	1.052e-01	1.590e-01	1.405e-01	6.926e-02	8.992e-02	1.386e-01	1.283e-01	8.873e-02	1.499e-01	1.442e-01	1.425e-01	1.590e-01	1.357e-01	1.120e-01	1.078e-01
1.060e-01	1.209e-01	7.076e-02	1.357e-01	1.476e-01	1.341e-01	1.590e-01	1.603e-01	6.479e-02	8.996e-02	1.488e-01	1.267e-01	9.752e-02	1.033e-01	1.586e-01	1.322e-01	1.590e-01	1.479e-01	1.132e-01	9.370e-02
1.001e-01	9.080e-02	9.103e-02	1.099e-01	1.422e-01	1.304e-01	1.590e-01	1.464e-01	1.004e-01	4.352e-02	1.139e-01	1.514e-01	7.711e-02	1.145e-01	1.463e-01	1.116e-01	1.590e-01	1.659e-01	1.090e-01	1.019e-01
7.655e-02	8.553e-02	8.356e-02	1.219e-01	1.590e-01	1.262e-01	1.590e-01	1.485e-01	8.294e-02	7.822e-02	1.348e-01	1.127e-01	8.534e-02	1.224e-01	1.051e-01	1.440e-01	1.590e-01	1.319e-01	7.918e-02	1.167e-01
1.435e-01	1.746e-01	8.020e-02	1.699e-01	1.403e-01	1.438e-01	1.590e-01	1.658e-01	1.253e-01	8.366e-02	1.165e-01	1.209e-01	9.727e-02	1.456e-01	1.497e-01	7.952e-02	1.590e-01	1.625e-01	9.988e-02	1.057e-01
1.185e-01	1.284e-01	6.041e-02	1.452e-01	1.519e-01	1.376e-01	1.590e-01	1.543e-01	7.648e-02	7.156e-02	1.047e-01	1.901e-01	9.625e-02	1.428e-01	1.226e-01	1.382e-01	1.590e-01	1.524e-01	1.058e-01	1.347e-01
4.451e-02	9.515e-02	9.327e-02	8.548e-02	1.476e-01	9.300e-02	1.590e-01	1.061e-01	9.361e-02	1.184e-01	9.920e-02	1.269e-01	7.888e-02	1.309e-01	1.461e-01	1.588e-01	1.590e-01	1.547e-01	1.161e-01	9.659e-02
7.467e-02	1.168e-01	4.149e-02	1.006e-01	1.476e-01	1.222e-01	1.590e-01	1.219e-01	1.286e-01	9.988e-02	1.016e-01	1.045e-01	9.218e-02	1.485e-01	1.006e-01	1.842e-01	1.590e-01	1.308e-01	1.294e-01	1.194e-01
6.879e-02	8.444e-02	3.629e-02	1.394e-01	1.547e-01	1.161e-01	1.590e-01	1.264e-01	1.056e-01	5.079e-02	1.207e-01	1.335e-01	9.515e-02	8.710e-02	1.486e-01	1.359e-01	1.590e-01	1.349e-01	9.397e-02	1.064e-01
1.382e-01	1.556e-01	8.557e-02	1.547e-01	1.590e-01	1.145e-01	1.590e-01	1.394e-01	1.415e-01	8.404e-02	1.010e-01	1.079e-01	8.141e-02	8.292e-02	1.405e-01	9.046e-02	1.590e-01	1.226e-01	9.957e-02	1.100e-01
1.250e-01	8.307e-02	7.335e-02	1.027e-01	1.615e-01	1.544e-01	1.590e-01	1.657e-01	7.156e-02	5.690e-02	1.344e-01	1.385e-01	1.011e-01	1.183e-01	1.754e-01	9.470e-02	1.590e-01	1.463e-01	1.073e-01	1.241e-01
9.525e-02	1.708e-01	2.831e-02	1.699e-01	1.519e-01	1.135e-01	1.179e-01	1.469e-01	1.081e-01	7.552e-02	1.370e-01	1.034e-01	1.501e-01	1.588e-01	1.550e-01	1.213e-01	1.590e-01	1.244e-01	1.030e-01	6.199e-02
6.857e-02	9.310e-02	7.076e-02	1.224e-01	1.214e-01	1.411e-01	1.590e-01	1.563e-01	7.791e-02	8.020e-02	1.368e-01	1.713e-01	8.225e-02	1.411e-01	1.277e-01	1.523e-01	1.590e-01	1.650e-01	7.219e-02	1.120e-01
1.030e-01	1.679e-01	5.849e-02	1.224e-01	1.463e-01	1.280e-01	1.590e-01	1.001e-01	1.106e-01	6.938e-02	1.218e-01	1.289e-01	7.357e-02	1.413e-01	1.357e-01	1.405e-01	1.590e-01	1.469e-01	9.440e-02	1.024e-01
7.753e-02	1.167e-01	6.481e-02	1.199e-01	1.397e-01	1.422e-01	1.590e-01	1.545e-01	1.182e-01	7.612e-02	1.523e-01	1.254e-01	1.047e-01	1.052e-01	1.725e-01	7.627e-02	1.590e-01	1.405e-01	1.524e-01	1.225e-01
1.150e-01	1.516e-01	3.378e-02	1.145e-01	1.590e-01	1.145e-01	1.590e-01	1.319e-01	9.435e-02	3.739e-02	1.240e-01	1.363e-01	9.583e-02	1.705e-01	1.437e-01	1.377e-01	1.590e-01	1.494e-01	8.604e-02	1.026e-01
1.036e-01	9.988e-02	1.082e-01	1.466e-01	1.461e-01	1.045e-01	1.590e-01	1.312e-01	8.385e-02	1.054e-01	1.296e-01	1.246e-01	9.157e-02	1.304e-01	1.608e-01	1.432e-01	1.590e-01	1.780e-01	1.062e-01	7.796e-02
1.145e-01	6.315e-02	1.415e-02	1.492e-01	1.397e-01	1.689e-01	1.550e-01	1.805e-01	1.212e-01	1.239e-01	1.199e-01	1.047e-01	9.996e-02	1.464e-01	1.277e-01	8.681e-02	1.590e-01	1.377e-01	1.201e-01	1.160e-01
8.553e-02	1.189e-01	9.726e-02	1.849e-01	1.498e-01	1.289e-01	1.590e-01	1.524e-01	8.652e-02	9.701e-02	1.317e-01	1.171e-01	8.171e-02	1.362e-01	1.506e-01	1.253e-01	1.590e-01	1.033e-01	1.048e-01	1.238e-01
1.671e-01	1.344e-01	5.580e-02	1.285e-01	1.405e-01	1.562e-01	1.590e-01	1.727e-01	9.931e-02	1.201e-01	1.209e-01	1.400e-01	9.672e-02	1.464e-01	1.527e-01	1.582e-01	1.590e-01	1.158e-01	1.634e-01	1.155e-01
1.544e-01	1.072e-01	6.968e-02	1.145e-01	1.550e-01	1.527e-01	1.590e-01	1.933e-01	6.391e-02	5.509e-02	1.213e-01	1.279e-01	8.385e-02	1.834e-01	7.863e-02	1.576e-01	1.590e-01	1.111e-01	1.513e-01	1.069e-01
1.207e-01	1.585e-01	7.076e-02	1.379e-01	1.232e-01	1.282e-01	1.590e-01	1.363e-01	8.191e-02	1.389e-01	1.488e-01	1.267e-01	9.300e-02	1.493e-01	1.519e-01	1.485e-01	1.590e-01	1.546e-01	1.178e-01	9.993e-02
8.854e-02	1.199e-01	3.378e-02	1.465e-01	1.179e-01	1.485e-01	1.590e-01	1.291e-01	1.084e-01	7.275e-02	1.349e-01	1.550e-01	1.044e-01	9.350e-02	1.536e-01	1.067e-01	1.590e-01	1.319e-01	1.089e-01	1.096e-01
7.049e-02	7.791e-02	5.974e-02	1.374e-01	1.419e-01	1.466e-01	1.590e-01	1.384e-01	9.440e-02	7.889e-02	1.236e-01	1.255e-01	8.294e-02	1.069e-01	1.280e-01	1.372e-01	1.590e-01	1.386e-01	1.212e-01	1.054e-01
