n.evals.q.1.0.	_.vs.4.nav.e_maze.ga.pleiotropy.1.0.all.each.body.pleiotropy.avg	_.vs.4.nav.e_maze.ga.pleiotropy.1.0.all.each.body.pleiotropy.avg.min	_.vs.4.nav.e_maze.ga.pleiotropy.1.0.all.each.body.pleiotropy.avg.max	_.vs.4.nav.e_maze.ga.pleiotropy.1.0.unique.all.each.body.pleiotropy.avg	_.vs.4.nav.e_maze.ga.pleiotropy.1.0.unique.all.each.body.pleiotropy.avg.min	_.vs.4.nav.e_maze.ga.pleiotropy.1.0.unique.all.each.body.pleiotropy.avg.max	_.vs.4.nav.e_maze.ga.pleiotropy.1.0.sequential.all.each.body.pleiotropy.avg	_.vs.4.nav.e_maze.ga.pleiotropy.1.0.sequential.all.each.body.pleiotropy.avg.min	_.vs.4.nav.e_maze.ga.pleiotropy.1.0.sequential.all.each.body.pleiotropy.avg.max	_.vs.4.nav.y_maze.ga.pleiotropy.1.0.all.each.body.pleiotropy.avg	_.vs.4.nav.y_maze.ga.pleiotropy.1.0.all.each.body.pleiotropy.avg.min	_.vs.4.nav.y_maze.ga.pleiotropy.1.0.all.each.body.pleiotropy.avg.max	_.vs.4.nav.y_maze.ga.pleiotropy.1.0.unique.all.each.body.pleiotropy.avg	_.vs.4.nav.y_maze.ga.pleiotropy.1.0.unique.all.each.body.pleiotropy.avg.min	_.vs.4.nav.y_maze.ga.pleiotropy.1.0.unique.all.each.body.pleiotropy.avg.max	_.vs.4.nav.y_maze.ga.pleiotropy.1.0.sequential.all.each.body.pleiotropy.avg	_.vs.4.nav.y_maze.ga.pleiotropy.1.0.sequential.all.each.body.pleiotropy.avg.min	_.vs.4.nav.y_maze.ga.pleiotropy.1.0.sequential.all.each.body.pleiotropy.avg.max
1.000e+02	4.500e-02	3.750e-02	5.000e-02	0.000e+00	0.000e+00	0.000e+00	0.000e+00	0.000e+00	0.000e+00	4.500e-02	3.750e-02	5.000e-02	0.000e+00	0.000e+00	0.000e+00	0.000e+00	0.000e+00	0.000e+00
2.000e+02	4.250e-02	3.750e-02	5.250e-02	2.250e-02	1.750e-02	2.500e-02	2.000e-02	1.750e-02	2.500e-02	5.000e-02	3.750e-02	5.500e-02	2.250e-02	2.000e-02	2.750e-02	2.250e-02	1.500e-02	2.500e-02
3.000e+02	4.250e-02	3.500e-02	5.250e-02	2.750e-02	2.250e-02	3.500e-02	2.750e-02	2.250e-02	3.250e-02	4.500e-02	3.750e-02	5.000e-02	3.000e-02	2.500e-02	3.500e-02	2.750e-02	2.000e-02	3.250e-02
4.000e+02	4.500e-02	3.500e-02	5.000e-02	3.000e-02	2.500e-02	3.750e-02	3.250e-02	2.500e-02	3.500e-02	4.000e-02	3.250e-02	4.500e-02	3.000e-02	2.500e-02	3.500e-02	3.000e-02	2.500e-02	3.500e-02
5.000e+02	4.250e-02	3.500e-02	5.250e-02	3.250e-02	2.750e-02	4.000e-02	3.500e-02	3.000e-02	4.000e-02	4.250e-02	3.750e-02	5.000e-02	3.250e-02	2.750e-02	4.000e-02	3.250e-02	2.750e-02	3.750e-02
6.000e+02	4.500e-02	3.750e-02	5.000e-02	3.750e-02	2.750e-02	4.250e-02	3.500e-02	3.000e-02	4.250e-02	4.500e-02	3.750e-02	5.000e-02	3.750e-02	2.750e-02	4.500e-02	3.500e-02	3.000e-02	3.750e-02
7.000e+02	4.500e-02	3.750e-02	5.250e-02	4.000e-02	3.000e-02	4.500e-02	3.500e-02	3.000e-02	4.000e-02	4.500e-02	3.250e-02	5.000e-02	4.000e-02	3.000e-02	4.500e-02	3.500e-02	3.000e-02	4.250e-02
8.000e+02	4.750e-02	3.250e-02	5.250e-02	4.000e-02	3.000e-02	4.500e-02	3.500e-02	3.000e-02	3.750e-02	4.250e-02	3.500e-02	5.250e-02	4.000e-02	3.250e-02	4.750e-02	4.000e-02	2.750e-02	4.500e-02
9.000e+02	4.750e-02	3.500e-02	5.250e-02	3.750e-02	3.250e-02	4.500e-02	3.500e-02	3.000e-02	4.250e-02	4.500e-02	3.500e-02	5.250e-02	4.000e-02	3.250e-02	4.750e-02	4.000e-02	2.750e-02	4.500e-02
1.000e+03	4.500e-02	3.500e-02	5.250e-02	4.000e-02	3.250e-02	4.500e-02	3.750e-02	2.750e-02	4.500e-02	4.500e-02	3.750e-02	5.250e-02	4.250e-02	3.500e-02	5.000e-02	4.000e-02	3.000e-02	4.500e-02
1.100e+03	4.250e-02	3.500e-02	5.250e-02	4.000e-02	3.250e-02	4.500e-02	3.750e-02	3.000e-02	4.500e-02	4.500e-02	3.500e-02	5.250e-02	4.250e-02	3.750e-02	5.000e-02	4.000e-02	3.250e-02	4.750e-02
1.200e+03	4.250e-02	3.250e-02	5.250e-02	4.000e-02	3.250e-02	5.250e-02	3.750e-02	3.000e-02	4.250e-02	4.750e-02	4.000e-02	5.000e-02	4.250e-02	3.750e-02	5.000e-02	4.250e-02	3.500e-02	5.000e-02
1.300e+03	4.250e-02	3.250e-02	5.000e-02	4.000e-02	3.250e-02	5.250e-02	3.750e-02	3.250e-02	4.250e-02	4.750e-02	4.250e-02	5.250e-02	4.250e-02	3.750e-02	5.000e-02	4.500e-02	3.250e-02	5.000e-02
1.400e+03	4.000e-02	3.500e-02	4.750e-02	4.000e-02	3.250e-02	5.250e-02	3.750e-02	3.250e-02	4.250e-02	4.750e-02	3.750e-02	5.250e-02	4.500e-02	3.500e-02	5.000e-02	4.000e-02	3.250e-02	5.250e-02
1.500e+03	4.000e-02	3.250e-02	4.750e-02	4.250e-02	3.250e-02	5.250e-02	3.750e-02	3.250e-02	4.500e-02	4.500e-02	3.500e-02	5.000e-02	4.250e-02	3.500e-02	5.250e-02	4.250e-02	3.500e-02	5.000e-02
1.600e+03	4.000e-02	3.250e-02	4.750e-02	4.000e-02	3.250e-02	5.250e-02	3.750e-02	3.250e-02	4.500e-02	4.500e-02	4.000e-02	5.250e-02	4.250e-02	3.500e-02	5.250e-02	4.250e-02	3.250e-02	5.000e-02
1.700e+03	4.000e-02	3.250e-02	4.500e-02	4.000e-02	3.250e-02	5.000e-02	4.000e-02	3.250e-02	4.750e-02	4.750e-02	4.250e-02	5.250e-02	4.500e-02	3.500e-02	5.250e-02	4.500e-02	3.500e-02	5.000e-02
1.800e+03	4.250e-02	3.000e-02	4.750e-02	4.000e-02	3.250e-02	5.250e-02	3.750e-02	3.500e-02	4.750e-02	4.750e-02	4.250e-02	5.500e-02	4.250e-02	3.750e-02	5.250e-02	4.250e-02	3.500e-02	5.000e-02
1.900e+03	4.250e-02	3.000e-02	4.750e-02	4.000e-02	3.250e-02	5.000e-02	4.000e-02	3.250e-02	4.750e-02	5.000e-02	4.000e-02	5.250e-02	4.250e-02	3.750e-02	5.250e-02	4.250e-02	3.250e-02	4.750e-02
2.000e+03	4.250e-02	3.000e-02	4.750e-02	3.750e-02	3.500e-02	5.250e-02	4.000e-02	3.000e-02	4.750e-02	4.750e-02	4.000e-02	5.500e-02	4.500e-02	4.000e-02	5.500e-02	4.250e-02	3.250e-02	5.000e-02
2.100e+03	4.250e-02	2.750e-02	5.250e-02	4.250e-02	3.250e-02	5.000e-02	4.000e-02	3.000e-02	4.750e-02	4.750e-02	4.000e-02	5.500e-02	4.750e-02	3.750e-02	5.500e-02	4.250e-02	3.250e-02	5.000e-02
2.200e+03	4.500e-02	2.750e-02	5.500e-02	4.250e-02	3.250e-02	5.250e-02	4.000e-02	3.000e-02	5.000e-02	4.750e-02	4.000e-02	5.750e-02	4.750e-02	3.750e-02	5.250e-02	4.250e-02	3.500e-02	5.000e-02
2.300e+03	4.250e-02	2.750e-02	5.250e-02	4.250e-02	3.250e-02	4.750e-02	4.000e-02	3.000e-02	5.000e-02	4.750e-02	4.000e-02	5.500e-02	4.500e-02	3.750e-02	5.250e-02	4.250e-02	3.250e-02	5.000e-02
2.400e+03	4.250e-02	2.500e-02	5.750e-02	4.000e-02	3.250e-02	5.000e-02	4.000e-02	3.000e-02	5.250e-02	4.750e-02	4.000e-02	5.250e-02	4.500e-02	3.750e-02	5.250e-02	4.250e-02	3.250e-02	4.750e-02
2.500e+03	4.250e-02	2.500e-02	5.750e-02	4.250e-02	3.500e-02	5.000e-02	4.000e-02	3.000e-02	5.250e-02	4.500e-02	4.000e-02	5.750e-02	4.750e-02	3.750e-02	5.250e-02	4.250e-02	3.250e-02	5.000e-02
2.600e+03	4.250e-02	2.750e-02	5.500e-02	4.000e-02	3.500e-02	5.250e-02	3.750e-02	3.000e-02	5.000e-02	4.500e-02	4.000e-02	5.750e-02	4.250e-02	3.750e-02	5.500e-02	4.000e-02	3.250e-02	5.000e-02
2.700e+03	4.250e-02	3.000e-02	5.500e-02	4.250e-02	3.500e-02	5.000e-02	4.000e-02	3.000e-02	5.000e-02	4.500e-02	4.000e-02	5.750e-02	4.500e-02	3.750e-02	5.250e-02	4.250e-02	3.250e-02	5.000e-02
2.800e+03	4.500e-02	3.000e-02	6.000e-02	4.250e-02	3.250e-02	5.000e-02	4.000e-02	3.250e-02	5.000e-02	4.500e-02	3.750e-02	6.000e-02	4.250e-02	3.500e-02	5.250e-02	4.000e-02	3.500e-02	4.750e-02
2.900e+03	4.500e-02	3.000e-02	6.000e-02	4.000e-02	3.250e-02	5.250e-02	4.000e-02	3.250e-02	4.750e-02	4.750e-02	4.000e-02	5.750e-02	4.250e-02	3.500e-02	5.500e-02	4.250e-02	3.250e-02	5.000e-02
3.000e+03	4.500e-02	2.750e-02	5.500e-02	3.750e-02	3.000e-02	4.750e-02	4.250e-02	3.500e-02	5.000e-02	4.750e-02	4.000e-02	5.750e-02	4.500e-02	3.750e-02	5.250e-02	4.000e-02	3.250e-02	5.000e-02
3.100e+03	4.250e-02	3.000e-02	5.500e-02	4.000e-02	3.250e-02	5.000e-02	4.250e-02	3.250e-02	4.750e-02	4.750e-02	4.250e-02	5.500e-02	4.500e-02	3.750e-02	5.000e-02	4.000e-02	3.250e-02	5.000e-02
3.200e+03	4.250e-02	3.000e-02	5.500e-02	4.000e-02	3.250e-02	5.000e-02	4.000e-02	3.250e-02	4.750e-02	4.500e-02	4.000e-02	5.500e-02	4.500e-02	3.750e-02	5.000e-02	4.250e-02	3.500e-02	5.000e-02
3.300e+03	4.250e-02	3.000e-02	5.750e-02	3.750e-02	3.250e-02	5.500e-02	4.000e-02	3.250e-02	5.000e-02	4.750e-02	4.250e-02	5.750e-02	4.250e-02	3.500e-02	5.000e-02	4.250e-02	3.250e-02	5.000e-02
3.400e+03	4.250e-02	3.000e-02	5.750e-02	4.000e-02	3.250e-02	5.500e-02	4.000e-02	3.250e-02	5.000e-02	4.750e-02	4.250e-02	5.750e-02	4.500e-02	3.500e-02	5.250e-02	4.250e-02	3.500e-02	5.000e-02
3.500e+03	4.250e-02	3.000e-02	5.500e-02	4.000e-02	3.250e-02	4.750e-02	4.250e-02	3.250e-02	4.750e-02	4.750e-02	4.250e-02	5.750e-02	4.500e-02	3.750e-02	5.250e-02	4.250e-02	3.750e-02	4.750e-02
3.600e+03	4.250e-02	3.000e-02	5.750e-02	4.000e-02	3.250e-02	4.500e-02	4.250e-02	3.250e-02	5.000e-02	4.750e-02	4.250e-02	6.000e-02	4.500e-02	3.750e-02	5.250e-02	4.250e-02	3.750e-02	4.750e-02
3.700e+03	4.250e-02	3.500e-02	5.750e-02	4.000e-02	3.000e-02	4.750e-02	4.500e-02	3.000e-02	5.000e-02	5.000e-02	4.250e-02	6.000e-02	4.500e-02	4.000e-02	5.250e-02	4.250e-02	3.250e-02	4.750e-02
3.800e+03	4.250e-02	3.750e-02	5.750e-02	4.000e-02	3.250e-02	4.750e-02	4.500e-02	3.000e-02	5.000e-02	4.750e-02	4.250e-02	6.000e-02	4.500e-02	3.750e-02	5.250e-02	4.250e-02	3.250e-02	4.750e-02
3.900e+03	4.250e-02	3.250e-02	5.750e-02	4.250e-02	3.250e-02	4.750e-02	4.250e-02	3.000e-02	5.000e-02	4.750e-02	4.250e-02	6.000e-02	4.500e-02	3.750e-02	5.250e-02	4.250e-02	3.500e-02	5.000e-02
4.000e+03	4.250e-02	3.250e-02	5.750e-02	4.000e-02	3.250e-02	4.750e-02	4.250e-02	3.000e-02	5.250e-02	4.750e-02	4.250e-02	5.750e-02	4.250e-02	3.750e-02	5.250e-02	4.250e-02	3.500e-02	5.000e-02
4.100e+03	4.500e-02	3.000e-02	5.500e-02	4.000e-02	3.250e-02	5.000e-02	4.250e-02	3.000e-02	5.000e-02	4.750e-02	4.250e-02	5.750e-02	4.500e-02	4.000e-02	5.000e-02	4.000e-02	3.500e-02	5.250e-02
4.200e+03	4.500e-02	3.250e-02	5.500e-02	4.000e-02	3.250e-02	5.000e-02	4.250e-02	2.750e-02	5.250e-02	5.000e-02	4.000e-02	5.500e-02	4.500e-02	4.000e-02	5.000e-02	4.250e-02	3.250e-02	5.000e-02
4.300e+03	4.250e-02	3.250e-02	5.500e-02	4.000e-02	3.250e-02	4.750e-02	4.500e-02	2.500e-02	5.250e-02	5.000e-02	4.000e-02	5.500e-02	4.500e-02	4.000e-02	5.000e-02	4.000e-02	3.500e-02	5.000e-02
4.400e+03	4.500e-02	3.250e-02	5.750e-02	4.000e-02	3.250e-02	4.750e-02	4.500e-02	2.750e-02	5.250e-02	5.000e-02	4.000e-02	5.250e-02	4.500e-02	4.000e-02	5.000e-02	4.000e-02	3.250e-02	5.000e-02
4.500e+03	4.500e-02	3.250e-02	5.750e-02	4.000e-02	3.000e-02	5.000e-02	4.250e-02	3.000e-02	5.250e-02	5.000e-02	4.250e-02	5.500e-02	4.250e-02	4.000e-02	5.250e-02	4.000e-02	3.500e-02	5.000e-02
4.600e+03	4.500e-02	3.000e-02	5.500e-02	4.000e-02	3.000e-02	4.750e-02	4.250e-02	3.000e-02	5.500e-02	4.750e-02	4.000e-02	5.500e-02	4.500e-02	3.750e-02	5.000e-02	4.250e-02	3.500e-02	5.250e-02
4.700e+03	4.250e-02	3.250e-02	6.000e-02	4.000e-02	3.000e-02	4.750e-02	4.250e-02	3.250e-02	5.750e-02	4.750e-02	4.250e-02	5.250e-02	4.500e-02	3.750e-02	5.250e-02	4.250e-02	3.250e-02	5.250e-02
4.800e+03	4.250e-02	3.250e-02	5.750e-02	3.750e-02	3.000e-02	5.000e-02	4.250e-02	3.000e-02	5.750e-02	4.750e-02	4.250e-02	5.250e-02	4.500e-02	4.000e-02	5.000e-02	4.250e-02	3.250e-02	5.250e-02
4.900e+03	4.000e-02	3.250e-02	6.000e-02	4.000e-02	3.250e-02	5.000e-02	4.250e-02	3.000e-02	5.750e-02	4.750e-02	4.250e-02	5.250e-02	4.500e-02	3.750e-02	5.000e-02	4.250e-02	3.500e-02	5.250e-02
5.000e+03	4.250e-02	3.250e-02	5.750e-02	4.000e-02	3.250e-02	5.250e-02	4.000e-02	3.000e-02	5.750e-02	4.750e-02	4.250e-02	5.250e-02	4.500e-02	3.750e-02	5.000e-02	4.250e-02	3.500e-02	5.250e-02
5.100e+03	4.250e-02	3.250e-02	6.000e-02	3.750e-02	3.000e-02	4.750e-02	4.000e-02	3.250e-02	5.750e-02	4.750e-02	4.250e-02	5.250e-02	4.750e-02	3.750e-02	5.000e-02	4.250e-02	3.500e-02	5.000e-02
5.200e+03	4.250e-02	2.750e-02	5.750e-02	3.750e-02	3.000e-02	4.750e-02	4.250e-02	3.000e-02	5.250e-02	4.750e-02	4.250e-02	5.250e-02	5.000e-02	3.750e-02	5.250e-02	4.500e-02	3.250e-02	5.000e-02
5.300e+03	4.500e-02	2.500e-02	5.750e-02	3.500e-02	3.000e-02	4.750e-02	4.250e-02	3.250e-02	5.250e-02	4.750e-02	4.000e-02	5.250e-02	4.750e-02	3.500e-02	5.000e-02	4.500e-02	3.250e-02	5.000e-02
5.400e+03	4.500e-02	2.750e-02	5.750e-02	3.500e-02	2.750e-02	4.750e-02	4.500e-02	3.250e-02	5.250e-02	4.500e-02	4.000e-02	5.000e-02	4.750e-02	3.500e-02	5.250e-02	4.500e-02	3.250e-02	5.250e-02
5.500e+03	4.750e-02	2.750e-02	5.750e-02	3.750e-02	2.750e-02	4.750e-02	4.500e-02	3.000e-02	5.250e-02	4.750e-02	4.000e-02	5.250e-02	4.750e-02	3.500e-02	5.250e-02	4.500e-02	3.250e-02	5.000e-02
5.600e+03	4.500e-02	2.750e-02	5.750e-02	3.750e-02	2.750e-02	5.000e-02	4.500e-02	3.000e-02	5.250e-02	4.500e-02	3.750e-02	5.250e-02	4.500e-02	3.500e-02	5.500e-02	4.500e-02	3.250e-02	5.250e-02
5.700e+03	4.500e-02	2.750e-02	5.750e-02	3.750e-02	2.750e-02	5.000e-02	4.250e-02	2.750e-02	5.000e-02	4.750e-02	3.750e-02	5.250e-02	4.500e-02	3.250e-02	5.500e-02	4.500e-02	3.250e-02	5.250e-02
5.800e+03	4.250e-02	2.750e-02	5.750e-02	3.750e-02	2.750e-02	4.750e-02	4.250e-02	2.750e-02	5.250e-02	4.500e-02	3.750e-02	5.250e-02	4.500e-02	3.250e-02	5.250e-02	4.250e-02	3.250e-02	5.000e-02
5.900e+03	4.000e-02	2.750e-02	6.000e-02	4.000e-02	2.750e-02	5.000e-02	4.250e-02	2.750e-02	5.250e-02	4.750e-02	4.000e-02	5.250e-02	4.250e-02	3.250e-02	5.500e-02	4.250e-02	3.500e-02	5.000e-02
6.000e+03	4.000e-02	2.750e-02	5.750e-02	4.000e-02	2.750e-02	4.750e-02	4.500e-02	2.750e-02	5.500e-02	4.750e-02	4.000e-02	5.000e-02	4.250e-02	3.000e-02	5.500e-02	4.500e-02	3.500e-02	5.000e-02
6.100e+03	4.000e-02	3.000e-02	5.750e-02	4.000e-02	2.750e-02	4.750e-02	4.500e-02	3.000e-02	5.250e-02	4.750e-02	3.750e-02	5.000e-02	4.500e-02	3.250e-02	5.250e-02	4.250e-02	3.500e-02	5.000e-02
6.200e+03	4.000e-02	3.000e-02	5.750e-02	4.000e-02	2.750e-02	5.000e-02	4.500e-02	3.000e-02	5.500e-02	4.750e-02	4.000e-02	5.250e-02	4.500e-02	3.250e-02	5.250e-02	4.250e-02	3.500e-02	5.000e-02
6.300e+03	4.000e-02	3.000e-02	5.750e-02	4.000e-02	2.750e-02	5.000e-02	4.500e-02	2.750e-02	5.250e-02	5.000e-02	4.000e-02	5.250e-02	4.500e-02	3.250e-02	5.250e-02	4.250e-02	3.500e-02	5.000e-02
6.400e+03	3.750e-02	3.000e-02	5.750e-02	4.000e-02	2.750e-02	4.750e-02	4.500e-02	2.500e-02	5.000e-02	4.750e-02	3.750e-02	5.500e-02	4.500e-02	3.250e-02	5.250e-02	4.500e-02	3.500e-02	5.000e-02
6.500e+03	3.750e-02	3.000e-02	5.750e-02	3.750e-02	2.750e-02	4.750e-02	4.250e-02	2.500e-02	5.250e-02	5.000e-02	3.750e-02	5.500e-02	4.250e-02	3.750e-02	5.250e-02	4.250e-02	3.500e-02	5.000e-02
6.600e+03	3.750e-02	3.000e-02	6.000e-02	3.750e-02	2.750e-02	4.750e-02	4.250e-02	2.500e-02	5.250e-02	5.000e-02	3.750e-02	5.500e-02	4.250e-02	3.750e-02	5.000e-02	4.500e-02	3.500e-02	5.250e-02
6.700e+03	3.750e-02	3.000e-02	6.250e-02	3.750e-02	2.750e-02	4.750e-02	4.000e-02	2.500e-02	5.250e-02	5.000e-02	3.750e-02	5.750e-02	4.250e-02	3.500e-02	5.000e-02	4.250e-02	3.750e-02	5.250e-02
6.800e+03	4.000e-02	3.000e-02	5.750e-02	4.000e-02	2.500e-02	4.750e-02	4.500e-02	2.750e-02	5.250e-02	5.000e-02	4.000e-02	5.750e-02	4.250e-02	3.500e-02	5.000e-02	4.250e-02	4.000e-02	5.250e-02
6.900e+03	4.000e-02	2.750e-02	6.000e-02	3.750e-02	2.500e-02	5.000e-02	4.500e-02	2.750e-02	5.250e-02	5.000e-02	4.000e-02	5.500e-02	4.250e-02	3.500e-02	5.000e-02	4.500e-02	3.750e-02	5.250e-02
7.000e+03	4.000e-02	2.750e-02	6.000e-02	3.750e-02	2.500e-02	5.000e-02	4.500e-02	2.750e-02	5.500e-02	5.000e-02	4.000e-02	5.500e-02	4.250e-02	3.250e-02	5.250e-02	4.500e-02	3.750e-02	5.250e-02
7.100e+03	4.250e-02	3.000e-02	6.000e-02	4.000e-02	2.500e-02	5.000e-02	4.250e-02	2.750e-02	5.250e-02	5.000e-02	4.000e-02	5.500e-02	4.500e-02	3.250e-02	5.250e-02	4.500e-02	3.750e-02	5.250e-02
7.200e+03	4.000e-02	2.750e-02	5.750e-02	3.750e-02	2.750e-02	5.000e-02	4.250e-02	2.750e-02	5.250e-02	5.000e-02	4.000e-02	5.500e-02	4.250e-02	3.500e-02	5.250e-02	4.500e-02	3.750e-02	5.250e-02
7.300e+03	4.000e-02	2.750e-02	5.750e-02	3.750e-02	2.750e-02	4.750e-02	4.250e-02	2.750e-02	5.250e-02	5.250e-02	3.750e-02	5.500e-02	4.250e-02	3.500e-02	5.000e-02	4.500e-02	3.750e-02	5.250e-02
7.400e+03	4.000e-02	2.750e-02	5.750e-02	3.750e-02	2.750e-02	5.000e-02	4.250e-02	2.750e-02	5.250e-02	5.250e-02	4.000e-02	5.500e-02	4.500e-02	3.750e-02	4.750e-02	4.500e-02	3.750e-02	5.250e-02
7.500e+03	4.250e-02	2.750e-02	5.750e-02	3.750e-02	2.750e-02	4.750e-02	4.250e-02	2.750e-02	5.000e-02	5.000e-02	3.750e-02	5.500e-02	4.500e-02	3.750e-02	5.000e-02	4.250e-02	3.750e-02	5.250e-02
7.600e+03	4.000e-02	2.750e-02	5.500e-02	3.750e-02	3.000e-02	5.000e-02	4.250e-02	2.750e-02	5.000e-02	5.250e-02	4.000e-02	5.500e-02	4.250e-02	3.750e-02	5.000e-02	4.250e-02	4.000e-02	5.250e-02
7.700e+03	4.250e-02	2.750e-02	5.500e-02	3.750e-02	2.500e-02	5.000e-02	4.250e-02	2.750e-02	5.000e-02	5.000e-02	4.000e-02	5.500e-02	4.250e-02	3.750e-02	4.750e-02	4.250e-02	4.000e-02	5.250e-02
7.800e+03	4.000e-02	2.750e-02	5.750e-02	3.750e-02	2.500e-02	5.000e-02	4.250e-02	2.750e-02	5.250e-02	5.000e-02	4.000e-02	5.500e-02	4.250e-02	3.750e-02	5.000e-02	4.500e-02	4.000e-02	5.000e-02
7.900e+03	4.000e-02	2.750e-02	5.750e-02	3.750e-02	2.500e-02	5.000e-02	4.000e-02	2.750e-02	5.000e-02	5.000e-02	4.000e-02	5.500e-02	4.250e-02	3.750e-02	4.750e-02	4.500e-02	3.750e-02	5.000e-02
8.000e+03	4.000e-02	2.750e-02	6.250e-02	4.000e-02	2.500e-02	4.750e-02	4.000e-02	2.250e-02	5.000e-02	5.000e-02	4.000e-02	5.500e-02	4.250e-02	3.750e-02	5.000e-02	4.500e-02	3.750e-02	5.250e-02
8.100e+03	4.250e-02	2.750e-02	6.250e-02	4.000e-02	2.500e-02	4.750e-02	4.250e-02	2.250e-02	5.000e-02	5.000e-02	4.000e-02	5.500e-02	4.500e-02	4.000e-02	5.000e-02	4.500e-02	3.750e-02	5.250e-02
8.200e+03	4.250e-02	2.750e-02	6.250e-02	4.000e-02	2.750e-02	4.750e-02	4.000e-02	2.250e-02	5.250e-02	5.000e-02	3.750e-02	5.250e-02	4.500e-02	4.000e-02	4.750e-02	4.500e-02	3.750e-02	5.000e-02
8.300e+03	4.250e-02	2.750e-02	6.250e-02	4.000e-02	2.750e-02	5.000e-02	4.000e-02	2.500e-02	5.250e-02	5.000e-02	3.750e-02	5.250e-02	4.500e-02	4.000e-02	4.750e-02	4.500e-02	3.750e-02	5.000e-02
8.400e+03	4.500e-02	2.500e-02	6.000e-02	4.000e-02	2.750e-02	5.000e-02	4.000e-02	2.500e-02	5.250e-02	5.000e-02	3.750e-02	5.500e-02	4.500e-02	4.000e-02	4.750e-02	4.500e-02	3.750e-02	5.000e-02
8.500e+03	4.500e-02	2.500e-02	5.750e-02	4.000e-02	2.750e-02	4.750e-02	4.000e-02	2.500e-02	5.250e-02	5.000e-02	4.000e-02	5.500e-02	4.500e-02	4.000e-02	4.750e-02	4.500e-02	3.750e-02	5.000e-02
8.600e+03	4.250e-02	2.500e-02	5.750e-02	4.000e-02	2.500e-02	4.750e-02	4.000e-02	2.750e-02	5.250e-02	5.250e-02	4.000e-02	5.500e-02	4.500e-02	4.000e-02	4.750e-02	4.500e-02	3.750e-02	5.250e-02
8.700e+03	4.500e-02	2.500e-02	5.750e-02	4.000e-02	2.500e-02	4.500e-02	4.250e-02	2.750e-02	5.250e-02	5.000e-02	4.000e-02	5.500e-02	4.250e-02	3.750e-02	4.750e-02	4.500e-02	4.000e-02	5.250e-02
8.800e+03	4.500e-02	2.500e-02	5.750e-02	4.000e-02	2.500e-02	4.500e-02	4.000e-02	2.750e-02	5.500e-02	5.000e-02	4.000e-02	5.750e-02	4.250e-02	4.000e-02	4.750e-02	4.500e-02	4.000e-02	5.250e-02
8.900e+03	4.250e-02	2.500e-02	6.000e-02	4.000e-02	2.500e-02	4.500e-02	4.000e-02	2.500e-02	5.750e-02	5.000e-02	4.250e-02	5.500e-02	4.500e-02	4.000e-02	5.000e-02	4.500e-02	4.000e-02	5.250e-02
9.000e+03	4.250e-02	2.250e-02	5.750e-02	4.000e-02	2.500e-02	4.750e-02	4.000e-02	2.500e-02	5.750e-02	5.000e-02	4.000e-02	5.750e-02	4.250e-02	3.750e-02	5.000e-02	4.750e-02	3.750e-02	5.250e-02
9.100e+03	4.250e-02	2.250e-02	5.750e-02	4.000e-02	2.500e-02	4.750e-02	4.000e-02	2.500e-02	5.750e-02	4.750e-02	4.000e-02	5.750e-02	4.500e-02	3.750e-02	5.000e-02	4.500e-02	3.750e-02	5.250e-02
9.200e+03	4.000e-02	2.250e-02	5.750e-02	3.750e-02	2.500e-02	4.750e-02	3.750e-02	2.500e-02	5.500e-02	4.750e-02	4.250e-02	5.750e-02	4.500e-02	3.750e-02	5.000e-02	4.500e-02	3.750e-02	5.250e-02
9.300e+03	4.000e-02	2.500e-02	5.750e-02	3.750e-02	2.500e-02	4.750e-02	3.750e-02	2.500e-02	5.500e-02	5.000e-02	4.000e-02	5.750e-02	4.500e-02	3.750e-02	5.000e-02	4.750e-02	3.750e-02	5.250e-02
9.400e+03	4.000e-02	2.500e-02	5.750e-02	4.000e-02	2.250e-02	4.750e-02	3.750e-02	2.500e-02	5.500e-02	5.000e-02	4.000e-02	5.750e-02	4.750e-02	3.750e-02	5.250e-02	4.750e-02	3.500e-02	5.000e-02
9.500e+03	4.000e-02	2.250e-02	6.000e-02	3.750e-02	2.500e-02	5.000e-02	3.750e-02	2.500e-02	5.500e-02	5.000e-02	4.000e-02	5.750e-02	4.750e-02	3.750e-02	5.000e-02	4.750e-02	3.750e-02	5.250e-02
9.600e+03	4.000e-02	2.000e-02	6.000e-02	3.750e-02	2.500e-02	5.000e-02	3.750e-02	2.500e-02	5.250e-02	5.000e-02	4.000e-02	5.750e-02	4.750e-02	3.750e-02	5.000e-02	4.750e-02	3.750e-02	5.500e-02
9.700e+03	4.000e-02	2.000e-02	6.000e-02	3.750e-02	2.250e-02	5.000e-02	4.000e-02	2.500e-02	5.250e-02	5.000e-02	4.000e-02	5.750e-02	4.750e-02	3.750e-02	5.000e-02	4.750e-02	3.750e-02	5.500e-02
9.800e+03	4.000e-02	2.000e-02	6.000e-02	4.000e-02	2.500e-02	5.000e-02	3.750e-02	2.500e-02	5.500e-02	4.750e-02	3.750e-02	5.750e-02	5.000e-02	3.750e-02	5.000e-02	4.750e-02	3.750e-02	5.500e-02
9.900e+03	4.000e-02	2.000e-02	6.250e-02	4.000e-02	2.500e-02	5.000e-02	3.750e-02	2.500e-02	5.500e-02	5.000e-02	4.000e-02	5.750e-02	4.750e-02	3.750e-02	5.250e-02	4.750e-02	3.750e-02	5.500e-02
1.000e+04	4.000e-02	2.250e-02	6.500e-02	4.000e-02	2.500e-02	5.000e-02	3.750e-02	2.500e-02	5.500e-02	5.000e-02	4.000e-02	5.750e-02	4.750e-02	3.750e-02	5.500e-02	4.750e-02	3.500e-02	5.500e-02
1.010e+04	4.000e-02	2.250e-02	6.500e-02	3.750e-02	2.250e-02	5.250e-02	3.750e-02	2.500e-02	5.500e-02	5.000e-02	4.000e-02	5.500e-02	4.750e-02	4.000e-02	5.000e-02	4.750e-02	3.500e-02	5.500e-02
1.020e+04	4.000e-02	2.250e-02	6.250e-02	3.750e-02	2.500e-02	5.250e-02	3.750e-02	2.500e-02	5.500e-02	5.000e-02	4.000e-02	5.500e-02	4.750e-02	4.000e-02	5.000e-02	5.000e-02	3.500e-02	5.750e-02
1.030e+04	3.750e-02	2.250e-02	6.250e-02	3.750e-02	2.250e-02	5.000e-02	3.750e-02	2.500e-02	5.500e-02	5.000e-02	3.750e-02	5.750e-02	4.750e-02	4.000e-02	5.250e-02	4.750e-02	3.500e-02	5.500e-02
1.040e+04	3.750e-02	2.250e-02	6.750e-02	3.500e-02	2.250e-02	5.000e-02	3.750e-02	2.500e-02	5.250e-02	5.000e-02	3.750e-02	5.750e-02	4.500e-02	3.750e-02	5.250e-02	4.750e-02	3.500e-02	5.500e-02
1.050e+04	3.750e-02	2.250e-02	6.750e-02	3.500e-02	2.250e-02	5.000e-02	3.750e-02	2.500e-02	5.250e-02	5.000e-02	3.750e-02	5.750e-02	4.500e-02	3.750e-02	5.250e-02	4.750e-02	3.500e-02	5.500e-02
1.060e+04	3.750e-02	2.000e-02	6.500e-02	3.500e-02	2.500e-02	5.000e-02	3.750e-02	2.500e-02	5.250e-02	5.000e-02	4.000e-02	5.750e-02	4.500e-02	3.750e-02	5.250e-02	4.750e-02	3.500e-02	5.500e-02
1.070e+04	3.750e-02	2.000e-02	6.500e-02	3.500e-02	2.500e-02	4.750e-02	3.750e-02	2.250e-02	5.500e-02	4.750e-02	4.000e-02	5.750e-02	4.750e-02	3.750e-02	5.250e-02	4.750e-02	3.500e-02	5.500e-02
1.080e+04	3.750e-02	2.250e-02	6.500e-02	3.500e-02	2.500e-02	5.000e-02	3.500e-02	2.250e-02	5.250e-02	4.750e-02	4.000e-02	5.750e-02	4.750e-02	3.750e-02	5.250e-02	4.750e-02	3.750e-02	5.500e-02
1.090e+04	4.000e-02	2.250e-02	6.250e-02	3.500e-02	2.250e-02	5.000e-02	3.500e-02	2.250e-02	5.000e-02	5.000e-02	4.000e-02	5.750e-02	4.750e-02	3.750e-02	5.250e-02	4.750e-02	3.750e-02	5.500e-02
1.100e+04	3.750e-02	2.250e-02	6.500e-02	3.750e-02	2.250e-02	5.000e-02	3.500e-02	2.000e-02	4.750e-02	5.000e-02	4.000e-02	5.500e-02	4.750e-02	3.750e-02	5.250e-02	4.750e-02	3.750e-02	5.500e-02
1.110e+04	3.750e-02	2.000e-02	6.250e-02	3.750e-02	2.250e-02	5.000e-02	3.250e-02	2.000e-02	4.750e-02	5.000e-02	4.000e-02	5.750e-02	4.750e-02	3.500e-02	5.250e-02	4.750e-02	3.750e-02	5.500e-02
1.120e+04	3.500e-02	2.000e-02	6.250e-02	3.750e-02	2.500e-02	5.000e-02	3.250e-02	2.000e-02	4.750e-02	5.000e-02	4.000e-02	5.750e-02	4.500e-02	3.500e-02	5.250e-02	4.750e-02	3.750e-02	5.500e-02
1.130e+04	3.500e-02	2.000e-02	6.500e-02	3.750e-02	2.500e-02	5.000e-02	3.250e-02	2.000e-02	4.750e-02	5.250e-02	4.000e-02	5.750e-02	4.500e-02	3.500e-02	5.250e-02	5.000e-02	3.750e-02	5.500e-02
1.140e+04	3.500e-02	2.000e-02	6.500e-02	3.750e-02	2.500e-02	4.750e-02	3.250e-02	2.000e-02	4.750e-02	5.250e-02	4.000e-02	5.750e-02	4.500e-02	3.500e-02	5.250e-02	5.000e-02	3.750e-02	5.500e-02
1.150e+04	3.500e-02	2.000e-02	6.500e-02	3.750e-02	2.500e-02	5.000e-02	3.250e-02	2.000e-02	5.000e-02	5.250e-02	4.250e-02	5.750e-02	4.500e-02	3.500e-02	5.250e-02	5.000e-02	3.750e-02	5.750e-02
1.160e+04	3.500e-02	2.000e-02	6.500e-02	3.750e-02	2.500e-02	5.000e-02	3.250e-02	2.000e-02	5.000e-02	5.250e-02	4.250e-02	6.000e-02	4.500e-02	3.500e-02	5.500e-02	5.000e-02	3.750e-02	5.500e-02
1.170e+04	3.500e-02	2.000e-02	6.250e-02	3.750e-02	2.500e-02	5.000e-02	3.250e-02	2.000e-02	4.750e-02	5.000e-02	4.250e-02	5.750e-02	4.500e-02	3.500e-02	5.500e-02	5.000e-02	3.750e-02	5.500e-02
1.180e+04	3.500e-02	2.250e-02	6.000e-02	3.750e-02	2.500e-02	5.000e-02	3.250e-02	2.000e-02	4.750e-02	5.000e-02	4.250e-02	5.750e-02	4.500e-02	3.500e-02	5.500e-02	5.000e-02	3.750e-02	5.750e-02
1.190e+04	3.750e-02	2.250e-02	5.750e-02	3.750e-02	2.500e-02	5.000e-02	3.250e-02	2.000e-02	4.750e-02	5.000e-02	4.250e-02	5.750e-02	4.500e-02	3.750e-02	5.500e-02	5.000e-02	3.750e-02	6.000e-02
1.200e+04	3.750e-02	2.000e-02	5.750e-02	3.750e-02	2.500e-02	5.000e-02	3.250e-02	2.000e-02	4.750e-02	5.000e-02	4.250e-02	5.750e-02	4.500e-02	3.750e-02	5.500e-02	5.000e-02	3.500e-02	6.000e-02
1.210e+04	3.750e-02	2.000e-02	5.750e-02	3.750e-02	2.500e-02	5.000e-02	3.250e-02	2.000e-02	4.750e-02	5.000e-02	4.250e-02	5.750e-02	4.500e-02	3.750e-02	5.500e-02	5.000e-02	3.500e-02	6.000e-02
1.220e+04	3.500e-02	2.000e-02	5.750e-02	3.750e-02	2.500e-02	5.000e-02	3.250e-02	2.000e-02	4.750e-02	5.000e-02	4.250e-02	5.750e-02	4.500e-02	3.750e-02	5.500e-02	5.000e-02	3.500e-02	6.000e-02
1.230e+04	3.750e-02	2.000e-02	5.500e-02	3.750e-02	2.250e-02	5.000e-02	3.000e-02	2.000e-02	4.750e-02	5.000e-02	4.250e-02	5.750e-02	4.500e-02	3.500e-02	5.500e-02	5.000e-02	3.500e-02	6.000e-02
1.240e+04	3.750e-02	1.750e-02	5.500e-02	3.750e-02	2.250e-02	5.000e-02	3.000e-02	2.000e-02	5.000e-02	5.000e-02	4.000e-02	5.750e-02	4.500e-02	3.500e-02	5.750e-02	5.000e-02	3.500e-02	6.000e-02
1.250e+04	3.750e-02	2.000e-02	5.500e-02	3.750e-02	2.500e-02	5.000e-02	3.000e-02	2.000e-02	4.750e-02	5.000e-02	4.250e-02	5.500e-02	4.500e-02	3.500e-02	5.750e-02	5.000e-02	3.500e-02	6.000e-02
1.260e+04	3.750e-02	2.000e-02	5.500e-02	3.750e-02	2.500e-02	5.000e-02	3.000e-02	1.750e-02	4.750e-02	5.000e-02	4.250e-02	5.500e-02	4.500e-02	3.500e-02	5.750e-02	5.000e-02	3.750e-02	5.750e-02
1.270e+04	3.500e-02	2.250e-02	5.500e-02	3.750e-02	2.500e-02	5.000e-02	3.250e-02	1.750e-02	4.750e-02	4.750e-02	4.250e-02	5.500e-02	4.500e-02	3.500e-02	5.750e-02	5.000e-02	3.500e-02	5.750e-02
1.280e+04	3.500e-02	2.500e-02	5.500e-02	3.750e-02	2.500e-02	5.000e-02	3.250e-02	1.750e-02	4.750e-02	4.750e-02	4.250e-02	5.500e-02	4.500e-02	3.750e-02	5.750e-02	4.750e-02	3.500e-02	6.000e-02
1.290e+04	3.250e-02	2.500e-02	5.750e-02	3.500e-02	2.500e-02	5.000e-02	3.000e-02	1.750e-02	4.750e-02	5.000e-02	4.250e-02	5.500e-02	4.500e-02	3.250e-02	5.750e-02	4.750e-02	3.500e-02	6.000e-02
1.300e+04	3.250e-02	2.500e-02	5.750e-02	3.500e-02	2.500e-02	5.000e-02	3.250e-02	1.750e-02	4.750e-02	5.000e-02	4.000e-02	5.500e-02	4.500e-02	3.250e-02	5.500e-02	4.750e-02	3.500e-02	6.000e-02
1.310e+04	3.250e-02	2.500e-02	5.750e-02	3.750e-02	2.250e-02	5.000e-02	3.250e-02	2.000e-02	5.000e-02	5.000e-02	4.000e-02	5.500e-02	4.500e-02	3.250e-02	5.750e-02	5.000e-02	3.500e-02	6.000e-02
1.320e+04	3.250e-02	2.500e-02	6.000e-02	3.750e-02	2.500e-02	5.250e-02	3.000e-02	2.000e-02	5.000e-02	5.000e-02	4.000e-02	5.500e-02	4.250e-02	3.250e-02	5.750e-02	4.750e-02	3.750e-02	6.000e-02
1.330e+04	3.250e-02	2.500e-02	6.250e-02	3.750e-02	2.500e-02	5.250e-02	3.000e-02	2.000e-02	5.000e-02	5.000e-02	4.000e-02	5.500e-02	4.500e-02	3.250e-02	5.750e-02	5.000e-02	3.750e-02	6.000e-02
1.340e+04	3.250e-02	2.500e-02	6.250e-02	3.750e-02	2.500e-02	5.250e-02	3.000e-02	2.000e-02	5.000e-02	5.000e-02	4.000e-02	5.500e-02	4.500e-02	3.500e-02	5.750e-02	5.000e-02	3.750e-02	5.750e-02
1.350e+04	3.250e-02	2.500e-02	6.250e-02	3.750e-02	2.500e-02	5.250e-02	3.000e-02	2.000e-02	4.750e-02	4.750e-02	4.000e-02	5.500e-02	4.500e-02	3.250e-02	5.750e-02	5.000e-02	3.750e-02	5.750e-02
1.360e+04	3.250e-02	2.500e-02	6.250e-02	3.500e-02	2.500e-02	5.500e-02	3.000e-02	2.000e-02	4.750e-02	5.000e-02	4.000e-02	5.500e-02	4.500e-02	3.250e-02	6.000e-02	5.000e-02	3.750e-02	5.750e-02
1.370e+04	3.250e-02	2.500e-02	6.500e-02	3.500e-02	2.500e-02	5.250e-02	3.000e-02	2.000e-02	4.750e-02	4.750e-02	4.000e-02	5.500e-02	4.750e-02	3.250e-02	5.750e-02	5.000e-02	3.750e-02	6.000e-02
1.380e+04	3.250e-02	2.500e-02	6.750e-02	3.500e-02	2.500e-02	5.250e-02	3.000e-02	1.750e-02	4.750e-02	4.750e-02	4.000e-02	5.500e-02	4.750e-02	3.250e-02	6.000e-02	4.750e-02	3.750e-02	5.750e-02
1.390e+04	3.250e-02	2.500e-02	6.750e-02	3.500e-02	2.500e-02	5.250e-02	3.000e-02	1.750e-02	4.750e-02	4.500e-02	3.750e-02	5.500e-02	4.750e-02	3.250e-02	6.000e-02	4.750e-02	3.750e-02	5.750e-02
1.400e+04	3.250e-02	2.500e-02	6.750e-02	3.500e-02	2.500e-02	5.250e-02	3.000e-02	1.750e-02	4.750e-02	4.500e-02	3.750e-02	5.500e-02	4.750e-02	3.250e-02	6.000e-02	4.750e-02	3.500e-02	5.750e-02
1.410e+04	3.250e-02	2.500e-02	6.750e-02	3.250e-02	2.500e-02	5.250e-02	3.000e-02	1.750e-02	4.750e-02	4.500e-02	3.750e-02	5.500e-02	4.750e-02	3.250e-02	6.000e-02	4.500e-02	3.500e-02	5.750e-02
1.420e+04	3.250e-02	2.250e-02	7.000e-02	3.250e-02	2.500e-02	5.250e-02	3.000e-02	1.750e-02	4.750e-02	4.500e-02	3.500e-02	5.500e-02	4.750e-02	3.250e-02	6.000e-02	4.500e-02	3.500e-02	5.750e-02
1.430e+04	3.250e-02	2.250e-02	7.000e-02	3.250e-02	2.500e-02	5.000e-02	3.000e-02	1.750e-02	4.750e-02	4.500e-02	3.500e-02	5.500e-02	4.750e-02	3.250e-02	6.000e-02	4.500e-02	3.500e-02	5.750e-02
1.440e+04	3.250e-02	2.000e-02	6.750e-02	3.000e-02	2.500e-02	5.000e-02	3.250e-02	1.750e-02	4.750e-02	4.500e-02	3.750e-02	5.500e-02	4.750e-02	3.250e-02	6.000e-02	4.500e-02	3.750e-02	5.750e-02
1.450e+04	3.250e-02	2.000e-02	6.750e-02	3.000e-02	2.500e-02	4.750e-02	3.250e-02	1.750e-02	4.750e-02	4.500e-02	3.750e-02	5.750e-02	4.750e-02	3.250e-02	6.000e-02	4.500e-02	3.500e-02	5.750e-02
1.460e+04	3.250e-02	2.000e-02	6.750e-02	3.000e-02	2.500e-02	4.750e-02	3.250e-02	1.750e-02	4.750e-02	4.750e-02	3.750e-02	5.750e-02	4.750e-02	3.500e-02	6.000e-02	4.500e-02	3.500e-02	5.750e-02
1.470e+04	3.250e-02	1.750e-02	6.750e-02	3.250e-02	2.500e-02	4.750e-02	3.250e-02	1.750e-02	5.000e-02	4.500e-02	3.750e-02	5.750e-02	4.750e-02	3.250e-02	6.000e-02	4.500e-02	3.500e-02	6.000e-02
1.480e+04	3.250e-02	1.750e-02	6.750e-02	3.500e-02	2.500e-02	4.750e-02	3.250e-02	1.750e-02	5.000e-02	4.500e-02	3.750e-02	5.750e-02	4.750e-02	3.250e-02	6.000e-02	4.750e-02	3.500e-02	6.000e-02
1.490e+04	3.250e-02	1.750e-02	6.750e-02	3.500e-02	2.500e-02	4.750e-02	3.250e-02	2.000e-02	5.000e-02	4.500e-02	3.750e-02	5.750e-02	4.750e-02	3.250e-02	6.000e-02	4.750e-02	3.750e-02	6.000e-02
1.500e+04	3.250e-02	1.750e-02	7.000e-02	3.250e-02	2.250e-02	4.750e-02	3.250e-02	2.000e-02	5.000e-02	4.500e-02	3.750e-02	5.750e-02	4.750e-02	3.250e-02	6.000e-02	4.750e-02	3.750e-02	6.000e-02
1.510e+04	3.250e-02	2.000e-02	7.000e-02	3.250e-02	2.250e-02	4.750e-02	3.250e-02	1.750e-02	5.250e-02	4.500e-02	3.500e-02	5.750e-02	4.500e-02	3.250e-02	5.750e-02	4.750e-02	3.750e-02	5.750e-02
1.520e+04	3.250e-02	2.000e-02	6.750e-02	3.250e-02	2.250e-02	4.750e-02	3.250e-02	1.750e-02	5.250e-02	4.500e-02	3.500e-02	5.750e-02	4.750e-02	3.250e-02	6.000e-02	4.750e-02	3.750e-02	5.750e-02
1.530e+04	3.250e-02	2.000e-02	6.250e-02	3.500e-02	2.250e-02	5.000e-02	3.250e-02	1.750e-02	5.250e-02	4.500e-02	3.500e-02	5.750e-02	4.750e-02	3.250e-02	6.000e-02	4.750e-02	3.750e-02	5.750e-02
1.540e+04	3.250e-02	2.000e-02	6.250e-02	3.500e-02	2.250e-02	5.000e-02	3.250e-02	1.750e-02	5.250e-02	4.500e-02	3.500e-02	5.750e-02	4.750e-02	3.250e-02	6.000e-02	4.750e-02	3.750e-02	5.750e-02
1.550e+04	3.250e-02	2.000e-02	6.250e-02	3.250e-02	2.250e-02	5.000e-02	3.250e-02	1.750e-02	5.250e-02	4.500e-02	3.500e-02	5.750e-02	4.750e-02	3.500e-02	6.000e-02	4.750e-02	3.750e-02	5.750e-02
1.560e+04	3.250e-02	2.000e-02	6.250e-02	3.250e-02	2.250e-02	5.000e-02	3.250e-02	2.000e-02	5.250e-02	4.500e-02	3.500e-02	5.500e-02	4.500e-02	3.250e-02	6.000e-02	4.750e-02	3.750e-02	5.750e-02
1.570e+04	3.250e-02	2.000e-02	6.250e-02	3.250e-02	2.250e-02	5.000e-02	3.250e-02	1.750e-02	5.250e-02	4.500e-02	3.500e-02	5.750e-02	4.500e-02	3.500e-02	6.000e-02	4.750e-02	3.750e-02	5.500e-02
1.580e+04	3.250e-02	2.000e-02	6.250e-02	3.250e-02	2.250e-02	5.000e-02	3.250e-02	1.750e-02	5.250e-02	4.250e-02	3.500e-02	5.750e-02	4.500e-02	3.500e-02	6.000e-02	4.750e-02	3.750e-02	5.500e-02
1.590e+04	3.250e-02	2.250e-02	6.500e-02	3.250e-02	2.000e-02	4.750e-02	3.250e-02	1.750e-02	5.250e-02	4.500e-02	3.500e-02	5.750e-02	4.500e-02	3.500e-02	5.750e-02	4.750e-02	4.000e-02	5.500e-02
1.600e+04	3.250e-02	2.500e-02	6.500e-02	3.250e-02	2.000e-02	4.750e-02	3.250e-02	1.750e-02	5.250e-02	4.500e-02	3.500e-02	5.750e-02	4.500e-02	3.500e-02	5.750e-02	4.750e-02	4.000e-02	5.750e-02
1.610e+04	3.250e-02	2.500e-02	6.750e-02	3.250e-02	2.000e-02	5.000e-02	3.250e-02	1.750e-02	5.250e-02	4.750e-02	3.500e-02	5.750e-02	4.500e-02	3.500e-02	6.000e-02	4.750e-02	4.000e-02	5.750e-02
1.620e+04	3.250e-02	2.500e-02	6.750e-02	3.250e-02	2.000e-02	4.750e-02	3.250e-02	1.750e-02	5.250e-02	4.750e-02	3.500e-02	5.750e-02	4.500e-02	3.500e-02	6.000e-02	4.750e-02	4.000e-02	5.500e-02
1.630e+04	3.250e-02	2.500e-02	6.750e-02	3.250e-02	2.250e-02	4.750e-02	3.250e-02	1.750e-02	5.250e-02	4.750e-02	3.500e-02	5.750e-02	4.500e-02	3.500e-02	6.000e-02	4.750e-02	4.000e-02	5.500e-02
1.640e+04	3.250e-02	2.500e-02	6.750e-02	3.250e-02	2.250e-02	4.750e-02	3.250e-02	1.750e-02	5.250e-02	4.500e-02	3.500e-02	5.750e-02	4.500e-02	3.500e-02	6.000e-02	4.750e-02	4.000e-02	5.500e-02
1.650e+04	3.250e-02	2.500e-02	6.750e-02	3.250e-02	2.250e-02	5.000e-02	3.250e-02	1.750e-02	5.250e-02	4.750e-02	3.500e-02	5.750e-02	4.500e-02	3.500e-02	6.250e-02	5.000e-02	4.000e-02	5.500e-02
1.660e+04	3.250e-02	2.500e-02	6.750e-02	3.250e-02	2.250e-02	5.000e-02	3.000e-02	1.750e-02	5.250e-02	4.750e-02	3.500e-02	5.750e-02	4.500e-02	3.500e-02	6.000e-02	5.000e-02	4.000e-02	5.500e-02
1.670e+04	3.250e-02	2.500e-02	7.250e-02	3.250e-02	2.250e-02	5.000e-02	3.000e-02	1.750e-02	5.250e-02	5.000e-02	3.500e-02	5.750e-02	4.500e-02	3.500e-02	6.000e-02	5.000e-02	4.000e-02	5.500e-02
1.680e+04	3.250e-02	2.500e-02	7.250e-02	3.250e-02	2.250e-02	5.000e-02	3.250e-02	1.750e-02	5.250e-02	5.000e-02	3.500e-02	6.000e-02	4.500e-02	3.500e-02	6.000e-02	5.000e-02	4.000e-02	5.500e-02
1.690e+04	3.250e-02	2.500e-02	7.000e-02	3.250e-02	2.250e-02	5.000e-02	3.250e-02	1.750e-02	5.250e-02	5.000e-02	3.250e-02	6.000e-02	4.500e-02	3.500e-02	6.000e-02	4.750e-02	4.000e-02	5.500e-02
1.700e+04	3.250e-02	2.500e-02	7.250e-02	3.250e-02	2.250e-02	5.000e-02	3.250e-02	1.750e-02	5.250e-02	5.000e-02	3.500e-02	6.000e-02	4.750e-02	3.500e-02	6.000e-02	4.750e-02	4.000e-02	5.500e-02
1.710e+04	3.250e-02	2.500e-02	7.250e-02	3.250e-02	2.250e-02	4.750e-02	3.250e-02	1.750e-02	5.250e-02	5.000e-02	3.250e-02	6.000e-02	4.500e-02	3.500e-02	6.000e-02	4.750e-02	4.000e-02	5.500e-02
1.720e+04	3.250e-02	2.500e-02	7.250e-02	3.250e-02	2.250e-02	4.750e-02	3.250e-02	1.750e-02	5.250e-02	5.000e-02	3.250e-02	6.000e-02	4.500e-02	3.750e-02	6.000e-02	4.500e-02	4.000e-02	5.500e-02
1.730e+04	3.250e-02	2.250e-02	7.250e-02	3.250e-02	2.500e-02	4.750e-02	3.250e-02	2.000e-02	5.250e-02	5.000e-02	3.250e-02	5.500e-02	4.500e-02	3.750e-02	6.000e-02	4.500e-02	4.000e-02	5.250e-02
1.740e+04	3.250e-02	2.000e-02	7.250e-02	3.250e-02	2.250e-02	4.750e-02	3.250e-02	1.750e-02	5.500e-02	5.000e-02	3.250e-02	5.750e-02	4.500e-02	3.750e-02	6.000e-02	4.750e-02	4.000e-02	5.250e-02
1.750e+04	3.250e-02	2.000e-02	7.250e-02	3.500e-02	2.250e-02	4.750e-02	3.250e-02	1.750e-02	5.500e-02	5.000e-02	3.250e-02	5.750e-02	4.500e-02	3.750e-02	6.250e-02	4.500e-02	4.000e-02	5.250e-02
1.760e+04	3.500e-02	2.000e-02	7.250e-02	3.500e-02	2.250e-02	4.750e-02	3.250e-02	1.750e-02	5.500e-02	4.750e-02	3.250e-02	5.750e-02	4.500e-02	3.750e-02	6.000e-02	4.500e-02	4.000e-02	5.500e-02
1.770e+04	3.500e-02	2.000e-02	7.250e-02	3.500e-02	2.250e-02	4.750e-02	3.250e-02	2.000e-02	5.500e-02	4.750e-02	3.250e-02	5.500e-02	4.500e-02	3.750e-02	6.000e-02	4.750e-02	4.000e-02	5.500e-02
1.780e+04	3.500e-02	2.000e-02	7.000e-02	3.500e-02	2.250e-02	4.750e-02	3.250e-02	2.000e-02	5.250e-02	4.750e-02	3.250e-02	5.500e-02	4.500e-02	3.750e-02	6.000e-02	4.750e-02	4.000e-02	5.500e-02
1.790e+04	3.250e-02	2.000e-02	6.750e-02	3.500e-02	2.250e-02	4.750e-02	3.250e-02	2.000e-02	5.250e-02	4.750e-02	3.000e-02	5.500e-02	4.500e-02	3.750e-02	6.250e-02	4.750e-02	4.000e-02	5.750e-02
1.800e+04	3.500e-02	2.000e-02	6.750e-02	3.500e-02	2.250e-02	4.750e-02	3.250e-02	2.250e-02	5.250e-02	5.000e-02	3.250e-02	5.500e-02	4.500e-02	3.750e-02	6.250e-02	4.750e-02	3.750e-02	5.750e-02
1.810e+04	3.250e-02	2.000e-02	6.750e-02	3.500e-02	2.250e-02	4.750e-02	3.500e-02	2.250e-02	5.000e-02	5.000e-02	3.250e-02	5.750e-02	4.500e-02	3.750e-02	6.250e-02	4.750e-02	3.750e-02	5.750e-02
1.820e+04	3.250e-02	2.000e-02	6.750e-02	3.500e-02	2.250e-02	4.750e-02	3.250e-02	2.000e-02	5.000e-02	5.000e-02	3.250e-02	5.750e-02	4.500e-02	3.750e-02	6.250e-02	4.750e-02	3.750e-02	5.750e-02
1.830e+04	3.250e-02	2.000e-02	6.750e-02	3.500e-02	2.250e-02	4.750e-02	3.500e-02	2.000e-02	5.000e-02	5.000e-02	3.250e-02	5.750e-02	4.500e-02	3.750e-02	6.250e-02	4.750e-02	3.750e-02	5.750e-02
1.840e+04	3.250e-02	2.000e-02	6.500e-02	3.500e-02	2.250e-02	4.750e-02	3.500e-02	2.000e-02	5.000e-02	5.000e-02	3.250e-02	6.000e-02	4.500e-02	3.750e-02	6.250e-02	4.750e-02	3.750e-02	5.750e-02
1.850e+04	3.250e-02	2.250e-02	6.500e-02	3.750e-02	2.250e-02	4.750e-02	3.500e-02	2.000e-02	5.000e-02	5.000e-02	3.250e-02	6.000e-02	4.250e-02	3.500e-02	6.250e-02	4.750e-02	3.750e-02	6.000e-02
1.860e+04	3.250e-02	2.250e-02	6.500e-02	3.750e-02	2.250e-02	4.750e-02	3.500e-02	2.000e-02	5.000e-02	4.750e-02	3.250e-02	6.000e-02	4.500e-02	3.500e-02	6.250e-02	4.750e-02	3.750e-02	5.750e-02
1.870e+04	3.250e-02	2.000e-02	6.500e-02	3.500e-02	2.250e-02	4.750e-02	3.500e-02	2.000e-02	5.000e-02	4.750e-02	3.000e-02	6.000e-02	4.250e-02	3.750e-02	6.250e-02	4.750e-02	3.750e-02	5.750e-02
1.880e+04	3.250e-02	2.500e-02	6.750e-02	3.500e-02	2.250e-02	4.750e-02	3.250e-02	2.000e-02	5.000e-02	5.000e-02	3.500e-02	6.000e-02	4.250e-02	3.750e-02	6.000e-02	4.750e-02	3.750e-02	5.750e-02
1.890e+04	3.250e-02	2.250e-02	7.000e-02	3.500e-02	2.250e-02	4.750e-02	3.250e-02	2.000e-02	5.000e-02	4.750e-02	3.500e-02	6.000e-02	4.500e-02	3.750e-02	5.750e-02	4.750e-02	3.750e-02	5.750e-02
1.900e+04	3.250e-02	2.250e-02	7.000e-02	3.250e-02	2.250e-02	4.750e-02	3.500e-02	2.000e-02	5.000e-02	4.750e-02	3.500e-02	6.000e-02	4.500e-02	3.750e-02	5.750e-02	4.750e-02	3.750e-02	5.750e-02
1.910e+04	3.250e-02	2.250e-02	7.000e-02	3.250e-02	2.250e-02	4.750e-02	3.250e-02	2.000e-02	5.250e-02	4.750e-02	3.500e-02	6.000e-02	4.500e-02	3.750e-02	5.750e-02	4.750e-02	3.750e-02	5.750e-02
1.920e+04	3.250e-02	2.250e-02	7.000e-02	3.500e-02	2.250e-02	4.750e-02	3.250e-02	2.000e-02	5.250e-02	4.500e-02	3.500e-02	6.250e-02	4.500e-02	3.750e-02	5.750e-02	4.750e-02	3.750e-02	5.750e-02
1.930e+04	3.250e-02	2.250e-02	6.750e-02	3.500e-02	2.250e-02	4.750e-02	3.250e-02	2.000e-02	5.250e-02	4.500e-02	3.250e-02	6.250e-02	4.250e-02	3.750e-02	5.750e-02	4.750e-02	3.750e-02	5.750e-02
1.940e+04	3.500e-02	2.250e-02	7.000e-02	3.500e-02	2.250e-02	4.750e-02	3.250e-02	2.000e-02	5.250e-02	4.500e-02	3.250e-02	6.250e-02	4.250e-02	3.750e-02	5.750e-02	4.750e-02	3.750e-02	5.750e-02
1.950e+04	3.500e-02	2.250e-02	7.000e-02	3.500e-02	2.250e-02	4.750e-02	3.250e-02	2.000e-02	5.250e-02	4.500e-02	3.250e-02	6.250e-02	4.500e-02	4.000e-02	6.000e-02	4.750e-02	3.500e-02	5.750e-02
1.960e+04	3.500e-02	2.250e-02	7.000e-02	3.500e-02	2.250e-02	4.750e-02	3.250e-02	2.000e-02	5.250e-02	4.500e-02	3.250e-02	6.000e-02	4.500e-02	4.000e-02	6.000e-02	4.750e-02	3.750e-02	5.750e-02
1.970e+04	3.500e-02	2.250e-02	6.750e-02	3.500e-02	2.250e-02	4.500e-02	3.250e-02	2.000e-02	5.250e-02	4.500e-02	3.250e-02	6.000e-02	4.500e-02	4.000e-02	6.000e-02	4.750e-02	3.500e-02	6.000e-02
1.980e+04	3.500e-02	2.250e-02	6.500e-02	3.500e-02	2.250e-02	4.500e-02	3.250e-02	2.000e-02	5.250e-02	4.500e-02	3.250e-02	6.000e-02	4.500e-02	4.000e-02	6.000e-02	4.750e-02	3.500e-02	6.000e-02
1.990e+04	3.500e-02	2.250e-02	6.500e-02	3.500e-02	2.250e-02	4.500e-02	3.250e-02	2.000e-02	5.250e-02	4.500e-02	3.000e-02	6.000e-02	4.500e-02	4.000e-02	6.000e-02	4.750e-02	3.500e-02	6.000e-02
2.000e+04	3.500e-02	2.250e-02	6.500e-02	3.500e-02	2.250e-02	4.500e-02	3.250e-02	2.000e-02	5.000e-02	4.500e-02	3.000e-02	6.000e-02	4.500e-02	4.000e-02	5.750e-02	5.000e-02	3.500e-02	6.000e-02
2.010e+04	3.500e-02	2.250e-02	6.500e-02	3.500e-02	2.250e-02	4.500e-02	3.250e-02	2.000e-02	5.000e-02	4.500e-02	3.000e-02	6.000e-02	4.500e-02	3.750e-02	5.750e-02	5.000e-02	3.750e-02	6.000e-02
2.020e+04	3.500e-02	2.250e-02	6.500e-02	3.500e-02	2.250e-02	4.500e-02	3.250e-02	2.000e-02	5.000e-02	4.500e-02	2.750e-02	6.000e-02	4.250e-02	3.750e-02	6.000e-02	5.000e-02	3.750e-02	6.000e-02
2.030e+04	3.500e-02	2.250e-02	6.750e-02	3.750e-02	2.250e-02	4.500e-02	3.250e-02	2.000e-02	5.250e-02	4.500e-02	2.750e-02	6.000e-02	4.250e-02	3.750e-02	6.000e-02	5.000e-02	3.750e-02	6.000e-02
2.040e+04	3.750e-02	2.250e-02	7.000e-02	3.750e-02	2.250e-02	4.500e-02	3.250e-02	2.000e-02	5.500e-02	4.500e-02	3.000e-02	6.000e-02	4.250e-02	3.750e-02	6.000e-02	5.000e-02	3.750e-02	6.000e-02
2.050e+04	3.750e-02	2.250e-02	7.000e-02	3.750e-02	2.250e-02	4.500e-02	3.250e-02	2.000e-02	5.500e-02	4.500e-02	3.000e-02	6.000e-02	4.250e-02	3.750e-02	6.000e-02	5.000e-02	3.750e-02	6.000e-02
2.060e+04	3.750e-02	2.000e-02	6.750e-02	3.750e-02	2.250e-02	4.500e-02	3.250e-02	2.000e-02	5.250e-02	4.500e-02	3.000e-02	6.000e-02	4.250e-02	3.750e-02	6.000e-02	5.000e-02	3.500e-02	6.000e-02
2.070e+04	3.750e-02	2.000e-02	6.500e-02	3.750e-02	2.250e-02	4.500e-02	3.250e-02	2.000e-02	5.500e-02	4.500e-02	3.250e-02	6.000e-02	4.250e-02	3.750e-02	6.000e-02	5.000e-02	3.500e-02	6.000e-02
2.080e+04	3.750e-02	2.000e-02	6.500e-02	3.750e-02	2.250e-02	4.500e-02	3.250e-02	2.000e-02	5.500e-02	4.500e-02	3.250e-02	6.000e-02	4.250e-02	3.750e-02	6.000e-02	5.000e-02	3.500e-02	6.000e-02
2.090e+04	3.750e-02	2.000e-02	6.500e-02	3.750e-02	2.250e-02	4.500e-02	3.250e-02	2.000e-02	5.500e-02	4.500e-02	3.250e-02	6.000e-02	4.500e-02	4.000e-02	6.000e-02	4.750e-02	3.500e-02	6.000e-02
2.100e+04	3.750e-02	2.000e-02	6.500e-02	3.750e-02	2.250e-02	4.500e-02	3.250e-02	2.000e-02	5.500e-02	4.500e-02	3.250e-02	6.000e-02	4.500e-02	3.750e-02	5.750e-02	4.750e-02	3.500e-02	6.000e-02
2.110e+04	3.750e-02	2.000e-02	6.500e-02	3.750e-02	2.250e-02	4.500e-02	3.250e-02	2.000e-02	5.750e-02	4.500e-02	3.250e-02	6.000e-02	4.500e-02	3.750e-02	5.750e-02	4.750e-02	3.500e-02	6.000e-02
2.120e+04	3.750e-02	2.000e-02	6.500e-02	3.500e-02	2.250e-02	4.250e-02	3.250e-02	2.000e-02	5.750e-02	4.500e-02	3.250e-02	6.000e-02	4.500e-02	3.750e-02	5.750e-02	4.750e-02	3.500e-02	6.000e-02
2.130e+04	3.750e-02	2.000e-02	6.500e-02	3.500e-02	2.250e-02	4.250e-02	3.250e-02	2.000e-02	5.750e-02	4.500e-02	3.250e-02	6.250e-02	4.500e-02	3.750e-02	5.750e-02	4.750e-02	3.500e-02	6.000e-02
2.140e+04	3.750e-02	2.000e-02	6.500e-02	3.750e-02	2.250e-02	4.500e-02	3.250e-02	2.000e-02	5.750e-02	4.500e-02	3.250e-02	6.000e-02	4.500e-02	3.750e-02	5.750e-02	5.000e-02	3.500e-02	6.000e-02
2.150e+04	4.000e-02	2.000e-02	6.500e-02	3.750e-02	2.250e-02	4.500e-02	3.250e-02	2.000e-02	5.750e-02	4.500e-02	3.500e-02	6.000e-02	4.500e-02	3.750e-02	5.750e-02	5.000e-02	3.500e-02	6.250e-02
2.160e+04	4.000e-02	2.000e-02	6.500e-02	3.750e-02	2.250e-02	4.500e-02	3.250e-02	1.750e-02	5.750e-02	4.500e-02	3.500e-02	6.000e-02	4.500e-02	3.750e-02	5.500e-02	5.000e-02	3.500e-02	6.250e-02
2.170e+04	4.000e-02	2.000e-02	6.250e-02	3.750e-02	2.250e-02	4.500e-02	3.250e-02	1.750e-02	5.750e-02	4.500e-02	3.500e-02	6.000e-02	4.500e-02	3.750e-02	5.500e-02	5.000e-02	3.500e-02	6.250e-02
2.180e+04	4.000e-02	2.000e-02	6.250e-02	3.750e-02	2.250e-02	4.500e-02	3.250e-02	1.750e-02	5.750e-02	4.500e-02	3.500e-02	6.000e-02	4.500e-02	3.750e-02	5.500e-02	5.000e-02	3.500e-02	6.250e-02
2.190e+04	4.000e-02	2.000e-02	6.250e-02	3.750e-02	2.250e-02	4.250e-02	3.250e-02	1.750e-02	5.750e-02	4.500e-02	3.500e-02	6.000e-02	4.500e-02	3.750e-02	5.500e-02	5.000e-02	3.500e-02	6.250e-02
2.200e+04	4.250e-02	2.000e-02	6.250e-02	3.750e-02	2.000e-02	4.250e-02	3.250e-02	1.750e-02	5.500e-02	4.500e-02	3.500e-02	6.000e-02	4.500e-02	3.750e-02	5.500e-02	5.000e-02	3.500e-02	6.250e-02
2.210e+04	4.250e-02	2.000e-02	6.500e-02	3.750e-02	2.000e-02	4.250e-02	3.250e-02	1.750e-02	5.500e-02	4.500e-02	3.500e-02	6.250e-02	4.500e-02	3.750e-02	5.500e-02	5.000e-02	3.500e-02	6.250e-02
2.220e+04	4.500e-02	2.000e-02	6.500e-02	3.750e-02	2.000e-02	4.250e-02	3.000e-02	1.750e-02	5.500e-02	4.750e-02	3.500e-02	6.250e-02	4.500e-02	3.750e-02	5.500e-02	5.000e-02	3.500e-02	6.250e-02
2.230e+04	4.500e-02	2.000e-02	6.500e-02	3.750e-02	2.000e-02	4.250e-02	3.000e-02	1.750e-02	5.500e-02	4.750e-02	3.500e-02	6.250e-02	4.500e-02	3.750e-02	5.500e-02	5.000e-02	3.500e-02	6.250e-02
2.240e+04	4.750e-02	2.000e-02	6.500e-02	3.750e-02	2.000e-02	4.250e-02	3.000e-02	1.750e-02	5.500e-02	4.500e-02	3.500e-02	6.250e-02	4.500e-02	3.750e-02	5.500e-02	5.000e-02	3.500e-02	6.250e-02
2.250e+04	4.750e-02	2.000e-02	6.500e-02	3.500e-02	2.000e-02	4.500e-02	3.250e-02	2.000e-02	5.500e-02	4.750e-02	3.500e-02	6.250e-02	4.250e-02	3.750e-02	5.500e-02	5.000e-02	3.500e-02	6.250e-02
2.260e+04	4.750e-02	2.000e-02	6.250e-02	3.500e-02	2.000e-02	4.500e-02	3.250e-02	2.000e-02	5.250e-02	4.750e-02	3.500e-02	6.000e-02	4.250e-02	4.000e-02	5.500e-02	5.000e-02	3.500e-02	6.250e-02
2.270e+04	4.750e-02	2.000e-02	6.250e-02	3.500e-02	1.750e-02	4.500e-02	3.000e-02	2.000e-02	5.500e-02	4.750e-02	3.750e-02	5.750e-02	4.500e-02	4.000e-02	5.500e-02	5.000e-02	3.500e-02	6.250e-02
2.280e+04	4.750e-02	2.000e-02	6.250e-02	3.500e-02	1.750e-02	4.500e-02	3.000e-02	2.000e-02	5.750e-02	4.750e-02	3.750e-02	6.000e-02	4.500e-02	4.000e-02	5.500e-02	4.750e-02	3.500e-02	6.000e-02
2.290e+04	4.750e-02	2.000e-02	6.250e-02	3.500e-02	1.750e-02	4.500e-02	3.000e-02	2.000e-02	5.750e-02	4.750e-02	3.500e-02	6.000e-02	4.500e-02	3.750e-02	5.500e-02	4.750e-02	3.500e-02	6.250e-02
2.300e+04	4.750e-02	2.250e-02	6.500e-02	3.500e-02	2.000e-02	4.500e-02	3.000e-02	2.000e-02	5.750e-02	4.750e-02	3.500e-02	6.000e-02	4.500e-02	3.750e-02	5.500e-02	5.000e-02	3.500e-02	6.250e-02
2.310e+04	4.750e-02	2.250e-02	6.250e-02	3.500e-02	2.000e-02	4.500e-02	3.000e-02	2.000e-02	5.750e-02	4.750e-02	3.750e-02	6.000e-02	4.250e-02	3.750e-02	5.500e-02	5.000e-02	3.500e-02	6.250e-02
2.320e+04	4.750e-02	2.250e-02	6.000e-02	3.500e-02	2.000e-02	4.500e-02	3.000e-02	2.000e-02	5.750e-02	4.750e-02	3.750e-02	6.000e-02	4.250e-02	4.000e-02	5.500e-02	5.000e-02	3.250e-02	6.250e-02
2.330e+04	4.750e-02	2.250e-02	6.000e-02	3.500e-02	2.000e-02	4.500e-02	3.000e-02	2.000e-02	5.500e-02	4.750e-02	3.750e-02	6.000e-02	4.250e-02	4.000e-02	5.500e-02	5.000e-02	3.250e-02	6.000e-02
2.340e+04	4.750e-02	2.250e-02	6.000e-02	3.500e-02	2.000e-02	4.500e-02	3.000e-02	2.000e-02	5.500e-02	4.750e-02	3.750e-02	6.000e-02	4.500e-02	3.750e-02	5.500e-02	5.000e-02	3.250e-02	6.000e-02
2.350e+04	4.750e-02	2.250e-02	6.250e-02	3.250e-02	2.000e-02	4.500e-02	3.000e-02	2.000e-02	5.500e-02	4.750e-02	3.750e-02	6.000e-02	4.500e-02	3.750e-02	5.500e-02	5.000e-02	3.250e-02	6.000e-02
2.360e+04	4.750e-02	2.250e-02	6.250e-02	3.250e-02	2.000e-02	4.500e-02	3.000e-02	2.000e-02	5.500e-02	4.750e-02	3.750e-02	6.000e-02	4.500e-02	3.750e-02	5.500e-02	5.000e-02	3.500e-02	5.750e-02
2.370e+04	4.750e-02	2.250e-02	6.250e-02	3.250e-02	2.000e-02	4.500e-02	3.000e-02	2.000e-02	5.500e-02	4.750e-02	3.750e-02	6.000e-02	4.500e-02	3.750e-02	5.500e-02	5.000e-02	3.500e-02	5.750e-02
2.380e+04	4.500e-02	2.250e-02	6.000e-02	3.250e-02	2.000e-02	4.500e-02	3.000e-02	2.000e-02	5.500e-02	4.750e-02	3.750e-02	6.000e-02	4.500e-02	3.750e-02	5.500e-02	5.000e-02	3.500e-02	6.000e-02
2.390e+04	4.500e-02	2.250e-02	6.000e-02	3.250e-02	2.000e-02	4.500e-02	3.000e-02	2.000e-02	5.500e-02	4.750e-02	3.500e-02	6.000e-02	4.750e-02	3.750e-02	5.500e-02	5.000e-02	3.500e-02	6.000e-02
2.400e+04	4.500e-02	2.250e-02	6.000e-02	3.250e-02	2.000e-02	4.500e-02	3.000e-02	2.000e-02	5.500e-02	4.750e-02	3.750e-02	6.000e-02	4.750e-02	3.750e-02	5.500e-02	5.000e-02	3.500e-02	6.000e-02
2.410e+04	4.500e-02	2.250e-02	6.000e-02	3.250e-02	2.000e-02	4.500e-02	3.000e-02	2.000e-02	5.500e-02	4.750e-02	3.750e-02	6.000e-02	4.750e-02	3.750e-02	5.500e-02	5.000e-02	3.500e-02	6.000e-02
2.420e+04	4.500e-02	2.250e-02	6.000e-02	3.250e-02	2.000e-02	4.500e-02	3.000e-02	2.000e-02	5.500e-02	4.750e-02	3.500e-02	6.000e-02	4.750e-02	3.750e-02	5.750e-02	5.000e-02	3.500e-02	6.000e-02
2.430e+04	4.500e-02	2.250e-02	6.000e-02	3.250e-02	2.000e-02	4.500e-02	3.000e-02	2.000e-02	5.500e-02	4.750e-02	3.750e-02	6.000e-02	4.750e-02	3.750e-02	5.750e-02	5.250e-02	3.500e-02	6.000e-02
2.440e+04	4.500e-02	2.250e-02	6.000e-02	3.250e-02	2.000e-02	4.500e-02	3.000e-02	2.000e-02	5.500e-02	4.750e-02	3.750e-02	6.000e-02	4.750e-02	3.750e-02	5.750e-02	5.250e-02	3.500e-02	6.000e-02
2.450e+04	4.500e-02	2.250e-02	6.000e-02	3.250e-02	2.000e-02	4.500e-02	3.000e-02	2.000e-02	5.500e-02	4.750e-02	3.750e-02	6.000e-02	4.750e-02	3.750e-02	5.750e-02	5.250e-02	3.500e-02	6.250e-02
2.460e+04	4.500e-02	2.250e-02	6.000e-02	3.250e-02	2.000e-02	4.500e-02	3.000e-02	1.750e-02	5.500e-02	4.750e-02	3.750e-02	6.000e-02	4.750e-02	3.750e-02	5.750e-02	5.250e-02	3.500e-02	6.000e-02
2.470e+04	4.500e-02	2.000e-02	6.000e-02	3.250e-02	2.000e-02	4.500e-02	3.000e-02	1.750e-02	5.500e-02	4.750e-02	3.750e-02	6.250e-02	4.750e-02	3.750e-02	5.750e-02	5.000e-02	3.500e-02	6.000e-02
2.480e+04	4.500e-02	2.000e-02	6.000e-02	3.250e-02	2.000e-02	4.500e-02	3.000e-02	1.750e-02	5.500e-02	4.750e-02	3.750e-02	6.000e-02	4.750e-02	3.750e-02	5.750e-02	5.000e-02	3.500e-02	6.000e-02
2.490e+04	4.500e-02	2.000e-02	6.250e-02	3.250e-02	2.000e-02	4.500e-02	3.000e-02	1.750e-02	5.500e-02	4.750e-02	3.500e-02	6.000e-02	4.750e-02	3.750e-02	5.750e-02	5.000e-02	3.500e-02	6.000e-02
2.500e+04	4.500e-02	2.000e-02	6.250e-02	3.250e-02	2.000e-02	4.500e-02	3.000e-02	1.750e-02	5.500e-02	4.750e-02	3.500e-02	6.000e-02	4.750e-02	3.750e-02	5.750e-02	4.750e-02	3.500e-02	6.000e-02
2.510e+04	4.250e-02	2.000e-02	6.250e-02	3.250e-02	2.000e-02	4.500e-02	3.000e-02	1.500e-02	5.500e-02	4.750e-02	3.500e-02	6.000e-02	4.500e-02	3.750e-02	5.750e-02	4.750e-02	3.750e-02	6.000e-02
2.520e+04	4.500e-02	2.250e-02	6.250e-02	3.250e-02	2.000e-02	4.500e-02	3.000e-02	1.500e-02	5.500e-02	4.750e-02	3.750e-02	6.000e-02	4.500e-02	3.750e-02	5.750e-02	4.750e-02	3.750e-02	6.000e-02
2.530e+04	4.500e-02	2.250e-02	6.250e-02	3.250e-02	2.000e-02	4.750e-02	2.750e-02	1.500e-02	5.500e-02	4.750e-02	3.750e-02	6.250e-02	4.500e-02	3.750e-02	5.500e-02	4.750e-02	3.500e-02	6.000e-02
2.540e+04	4.500e-02	2.250e-02	6.250e-02	3.250e-02	1.750e-02	4.750e-02	2.750e-02	1.500e-02	5.500e-02	4.750e-02	3.750e-02	6.250e-02	4.750e-02	3.750e-02	5.750e-02	5.000e-02	3.500e-02	6.000e-02
2.550e+04	4.500e-02	2.250e-02	6.250e-02	3.250e-02	1.750e-02	4.750e-02	2.750e-02	1.500e-02	5.500e-02	4.750e-02	3.750e-02	6.250e-02	4.500e-02	3.750e-02	5.500e-02	5.000e-02	3.500e-02	6.000e-02
2.560e+04	4.500e-02	2.250e-02	6.500e-02	3.250e-02	1.750e-02	4.750e-02	2.750e-02	1.500e-02	5.500e-02	4.750e-02	3.750e-02	6.000e-02	4.500e-02	3.750e-02	5.500e-02	5.000e-02	3.500e-02	6.000e-02
2.570e+04	4.500e-02	2.250e-02	6.250e-02	3.250e-02	1.750e-02	4.750e-02	2.750e-02	1.500e-02	5.500e-02	4.750e-02	3.750e-02	6.000e-02	4.500e-02	3.750e-02	5.500e-02	5.000e-02	3.500e-02	6.000e-02
2.580e+04	4.500e-02	2.250e-02	6.250e-02	3.250e-02	1.750e-02	4.750e-02	2.750e-02	1.500e-02	5.500e-02	4.750e-02	3.750e-02	6.000e-02	4.500e-02	3.750e-02	5.500e-02	5.000e-02	3.500e-02	6.000e-02
2.590e+04	4.500e-02	2.250e-02	6.250e-02	3.250e-02	1.750e-02	4.750e-02	2.750e-02	1.500e-02	5.500e-02	4.750e-02	4.000e-02	6.000e-02	4.750e-02	3.750e-02	5.500e-02	5.000e-02	3.500e-02	6.000e-02
2.600e+04	4.500e-02	2.250e-02	6.500e-02	3.000e-02	1.750e-02	4.750e-02	2.750e-02	1.500e-02	5.500e-02	4.750e-02	4.000e-02	6.250e-02	4.750e-02	3.750e-02	5.750e-02	5.000e-02	3.500e-02	6.000e-02
2.610e+04	4.250e-02	2.250e-02	6.500e-02	3.000e-02	1.750e-02	4.750e-02	2.750e-02	1.500e-02	5.750e-02	4.750e-02	3.750e-02	6.250e-02	4.750e-02	3.750e-02	6.000e-02	5.000e-02	3.500e-02	6.250e-02
2.620e+04	4.000e-02	2.250e-02	6.500e-02	3.000e-02	1.750e-02	4.750e-02	2.500e-02	1.500e-02	5.750e-02	4.750e-02	3.750e-02	6.250e-02	4.750e-02	3.750e-02	6.000e-02	5.000e-02	3.750e-02	6.250e-02
2.630e+04	4.250e-02	2.250e-02	6.750e-02	3.000e-02	1.750e-02	4.750e-02	2.500e-02	1.500e-02	5.750e-02	4.750e-02	4.000e-02	6.250e-02	4.750e-02	3.750e-02	6.000e-02	5.000e-02	3.750e-02	6.250e-02
2.640e+04	4.250e-02	2.250e-02	6.750e-02	3.000e-02	1.750e-02	4.750e-02	2.500e-02	1.500e-02	5.750e-02	4.750e-02	4.000e-02	6.250e-02	4.250e-02	3.750e-02	6.000e-02	5.000e-02	3.750e-02	6.250e-02
2.650e+04	4.250e-02	2.250e-02	6.750e-02	3.000e-02	2.000e-02	4.750e-02	2.500e-02	1.500e-02	5.750e-02	4.750e-02	4.000e-02	6.250e-02	4.500e-02	3.750e-02	6.000e-02	5.000e-02	3.750e-02	6.250e-02
2.660e+04	4.250e-02	2.250e-02	6.500e-02	3.000e-02	2.000e-02	4.750e-02	2.500e-02	1.500e-02	5.750e-02	4.750e-02	4.000e-02	6.250e-02	4.500e-02	3.750e-02	5.750e-02	5.000e-02	3.750e-02	6.250e-02
2.670e+04	4.250e-02	2.250e-02	6.500e-02	3.000e-02	2.000e-02	4.500e-02	2.500e-02	1.500e-02	5.750e-02	4.750e-02	3.750e-02	6.250e-02	4.250e-02	3.750e-02	5.750e-02	5.000e-02	3.750e-02	6.250e-02
2.680e+04	4.250e-02	2.250e-02	6.250e-02	3.000e-02	2.000e-02	4.750e-02	2.500e-02	1.500e-02	5.500e-02	4.500e-02	3.750e-02	6.250e-02	4.250e-02	3.750e-02	5.750e-02	5.000e-02	3.750e-02	6.250e-02
2.690e+04	4.250e-02	2.250e-02	6.250e-02	3.000e-02	2.000e-02	4.750e-02	2.500e-02	1.500e-02	5.500e-02	4.500e-02	3.750e-02	6.250e-02	4.250e-02	3.750e-02	5.750e-02	5.000e-02	3.500e-02	6.250e-02
2.700e+04	4.250e-02	2.250e-02	6.250e-02	3.000e-02	1.750e-02	4.750e-02	2.500e-02	1.500e-02	5.500e-02	4.500e-02	3.750e-02	6.000e-02	4.250e-02	3.750e-02	5.750e-02	5.000e-02	3.750e-02	6.250e-02
2.710e+04	4.250e-02	2.250e-02	6.250e-02	3.000e-02	1.750e-02	4.500e-02	2.500e-02	1.500e-02	5.750e-02	4.500e-02	3.750e-02	6.000e-02	4.250e-02	3.750e-02	6.000e-02	5.000e-02	3.500e-02	6.250e-02
2.720e+04	4.250e-02	2.250e-02	6.250e-02	3.000e-02	1.750e-02	4.500e-02	2.500e-02	1.500e-02	5.750e-02	4.500e-02	3.750e-02	6.000e-02	4.250e-02	3.750e-02	6.000e-02	5.000e-02	3.500e-02	6.250e-02
2.730e+04	4.000e-02	2.000e-02	6.250e-02	3.000e-02	1.750e-02	4.500e-02	2.500e-02	1.500e-02	5.750e-02	4.500e-02	3.750e-02	6.000e-02	4.250e-02	4.000e-02	6.000e-02	5.000e-02	3.500e-02	6.250e-02
2.740e+04	4.000e-02	2.250e-02	6.250e-02	3.000e-02	1.750e-02	4.500e-02	2.500e-02	1.500e-02	5.750e-02	4.500e-02	3.750e-02	6.000e-02	4.250e-02	4.000e-02	6.000e-02	4.750e-02	3.500e-02	6.250e-02
2.750e+04	4.000e-02	2.250e-02	6.250e-02	3.000e-02	1.750e-02	4.500e-02	2.500e-02	1.500e-02	5.750e-02	4.500e-02	3.750e-02	6.000e-02	4.250e-02	4.000e-02	6.000e-02	4.750e-02	3.500e-02	6.250e-02
2.760e+04	4.000e-02	2.250e-02	6.250e-02	3.000e-02	1.750e-02	4.500e-02	2.500e-02	1.500e-02	5.500e-02	4.500e-02	3.750e-02	6.000e-02	4.250e-02	4.000e-02	5.750e-02	4.750e-02	3.750e-02	6.500e-02
2.770e+04	4.000e-02	2.250e-02	6.250e-02	3.000e-02	1.750e-02	4.500e-02	2.500e-02	1.500e-02	5.500e-02	4.500e-02	3.750e-02	6.000e-02	4.250e-02	4.000e-02	5.750e-02	4.750e-02	3.750e-02	6.250e-02
2.780e+04	4.000e-02	2.250e-02	6.250e-02	3.000e-02	1.750e-02	4.250e-02	2.500e-02	1.500e-02	5.500e-02	4.500e-02	3.750e-02	6.250e-02	4.250e-02	4.000e-02	6.000e-02	4.750e-02	3.750e-02	6.250e-02
2.790e+04	4.000e-02	2.250e-02	6.250e-02	3.000e-02	1.750e-02	4.250e-02	2.500e-02	1.250e-02	5.750e-02	4.500e-02	3.750e-02	6.000e-02	4.250e-02	4.000e-02	5.750e-02	4.750e-02	3.750e-02	6.250e-02
2.800e+04	4.000e-02	2.250e-02	6.250e-02	3.000e-02	1.500e-02	4.250e-02	2.750e-02	1.250e-02	5.750e-02	4.500e-02	3.750e-02	6.250e-02	4.250e-02	4.000e-02	5.750e-02	4.750e-02	3.750e-02	6.250e-02
2.810e+04	4.000e-02	2.250e-02	6.250e-02	3.000e-02	1.500e-02	4.250e-02	2.750e-02	1.250e-02	5.750e-02	4.500e-02	3.750e-02	6.250e-02	4.250e-02	3.750e-02	5.750e-02	4.750e-02	3.750e-02	6.250e-02
2.820e+04	4.000e-02	2.000e-02	6.250e-02	3.000e-02	1.500e-02	4.250e-02	2.750e-02	1.250e-02	5.750e-02	4.500e-02	3.750e-02	6.250e-02	4.250e-02	3.750e-02	5.750e-02	4.750e-02	3.750e-02	6.250e-02
2.830e+04	4.000e-02	2.000e-02	6.250e-02	3.000e-02	1.500e-02	4.500e-02	2.750e-02	1.250e-02	5.750e-02	4.500e-02	3.750e-02	6.250e-02	4.250e-02	4.000e-02	5.750e-02	4.750e-02	3.500e-02	6.250e-02
2.840e+04	4.000e-02	2.000e-02	6.250e-02	3.000e-02	1.500e-02	4.500e-02	2.750e-02	1.250e-02	5.750e-02	4.500e-02	3.750e-02	6.250e-02	4.250e-02	4.000e-02	5.750e-02	5.000e-02	3.500e-02	6.250e-02
2.850e+04	3.750e-02	2.000e-02	6.250e-02	3.000e-02	1.500e-02	4.500e-02	2.750e-02	1.250e-02	5.750e-02	4.500e-02	3.750e-02	6.250e-02	4.250e-02	4.000e-02	5.750e-02	5.000e-02	3.500e-02	6.250e-02
2.860e+04	3.750e-02	2.000e-02	6.250e-02	3.000e-02	1.500e-02	4.500e-02	2.750e-02	1.250e-02	5.750e-02	4.500e-02	3.750e-02	6.250e-02	4.250e-02	4.000e-02	5.750e-02	5.000e-02	3.500e-02	6.250e-02
2.870e+04	3.750e-02	2.000e-02	6.250e-02	3.000e-02	1.500e-02	4.250e-02	2.750e-02	1.250e-02	5.500e-02	4.500e-02	3.750e-02	6.250e-02	4.500e-02	4.000e-02	5.500e-02	5.000e-02	3.500e-02	6.250e-02
2.880e+04	3.750e-02	2.000e-02	6.000e-02	3.000e-02	1.500e-02	4.250e-02	2.500e-02	1.250e-02	5.500e-02	4.500e-02	3.750e-02	6.250e-02	4.500e-02	4.000e-02	5.500e-02	5.000e-02	3.500e-02	6.250e-02
2.890e+04	3.750e-02	2.000e-02	6.000e-02	3.000e-02	1.500e-02	4.500e-02	2.500e-02	1.000e-02	5.500e-02	4.500e-02	3.750e-02	6.250e-02	4.500e-02	4.000e-02	5.500e-02	4.750e-02	3.500e-02	6.250e-02
2.900e+04	3.750e-02	2.000e-02	6.000e-02	3.000e-02	1.500e-02	4.500e-02	2.500e-02	1.000e-02	5.500e-02	4.500e-02	3.750e-02	6.250e-02	4.500e-02	4.000e-02	5.250e-02	4.750e-02	3.500e-02	6.250e-02
2.910e+04	3.750e-02	2.000e-02	5.750e-02	3.000e-02	1.500e-02	4.500e-02	2.500e-02	1.000e-02	5.500e-02	4.500e-02	3.750e-02	6.250e-02	4.500e-02	4.000e-02	5.250e-02	5.000e-02	3.500e-02	6.250e-02
2.920e+04	3.750e-02	2.000e-02	5.750e-02	3.000e-02	1.500e-02	4.500e-02	2.500e-02	1.000e-02	5.750e-02	4.500e-02	3.750e-02	6.250e-02	4.500e-02	4.000e-02	5.500e-02	5.000e-02	3.500e-02	6.250e-02
2.930e+04	3.750e-02	2.000e-02	5.750e-02	3.000e-02	1.500e-02	4.500e-02	2.750e-02	1.000e-02	5.750e-02	4.500e-02	3.750e-02	6.250e-02	4.500e-02	4.000e-02	5.500e-02	5.000e-02	3.750e-02	6.250e-02
2.940e+04	3.500e-02	2.000e-02	5.750e-02	3.000e-02	1.250e-02	4.500e-02	2.750e-02	1.000e-02	5.750e-02	4.500e-02	3.750e-02	6.250e-02	4.500e-02	4.000e-02	5.500e-02	5.000e-02	3.750e-02	6.250e-02
2.950e+04	3.500e-02	2.000e-02	5.750e-02	3.000e-02	1.250e-02	4.500e-02	2.750e-02	1.000e-02	5.750e-02	4.500e-02	3.750e-02	6.250e-02	4.500e-02	4.000e-02	5.500e-02	5.000e-02	3.750e-02	6.250e-02
2.960e+04	3.500e-02	2.000e-02	5.750e-02	3.000e-02	1.250e-02	4.500e-02	2.750e-02	1.000e-02	5.750e-02	4.500e-02	3.750e-02	6.250e-02	4.500e-02	4.000e-02	5.750e-02	5.000e-02	3.750e-02	6.250e-02
2.970e+04	3.500e-02	2.000e-02	5.750e-02	3.000e-02	1.250e-02	4.500e-02	2.750e-02	1.000e-02	5.750e-02	4.500e-02	3.750e-02	6.250e-02	4.500e-02	4.000e-02	5.750e-02	4.750e-02	3.750e-02	6.250e-02
2.980e+04	3.250e-02	2.000e-02	5.750e-02	3.000e-02	1.250e-02	4.500e-02	2.750e-02	1.000e-02	5.750e-02	4.500e-02	3.750e-02	6.250e-02	4.500e-02	3.750e-02	5.750e-02	4.750e-02	3.750e-02	6.250e-02
2.990e+04	3.250e-02	2.000e-02	5.750e-02	3.000e-02	1.250e-02	4.500e-02	2.750e-02	1.000e-02	5.750e-02	4.500e-02	3.750e-02	6.250e-02	4.500e-02	3.750e-02	5.750e-02	4.750e-02	3.750e-02	6.250e-02
3.000e+04	3.250e-02	2.000e-02	5.750e-02	3.000e-02	1.250e-02	4.250e-02	2.750e-02	1.000e-02	6.000e-02	4.500e-02	3.750e-02	6.250e-02	4.500e-02	3.750e-02	5.750e-02	4.750e-02	3.750e-02	6.250e-02
3.010e+04	3.250e-02	2.000e-02	5.750e-02	3.000e-02	1.250e-02	4.250e-02	2.750e-02	1.000e-02	6.000e-02	4.500e-02	3.750e-02	6.250e-02	4.500e-02	3.750e-02	5.750e-02	4.750e-02	3.500e-02	6.250e-02
3.020e+04	3.250e-02	2.000e-02	5.500e-02	3.000e-02	1.250e-02	4.250e-02	2.750e-02	1.000e-02	6.000e-02	4.250e-02	3.750e-02	6.250e-02	4.500e-02	3.750e-02	5.750e-02	4.750e-02	3.500e-02	6.250e-02
3.030e+04	3.250e-02	2.000e-02	5.500e-02	3.000e-02	1.250e-02	4.250e-02	2.500e-02	1.000e-02	5.750e-02	4.250e-02	3.750e-02	6.250e-02	4.500e-02	3.750e-02	5.750e-02	4.750e-02	3.500e-02	6.250e-02
3.040e+04	3.250e-02	2.000e-02	5.500e-02	3.000e-02	1.250e-02	4.250e-02	2.500e-02	1.000e-02	5.750e-02	4.250e-02	3.750e-02	6.000e-02	4.500e-02	3.750e-02	5.750e-02	4.750e-02	3.500e-02	6.250e-02
3.050e+04	3.250e-02	2.000e-02	5.500e-02	3.000e-02	1.250e-02	4.250e-02	2.500e-02	1.000e-02	5.750e-02	4.250e-02	3.750e-02	6.250e-02	4.500e-02	3.750e-02	5.500e-02	4.750e-02	3.500e-02	6.000e-02
3.060e+04	3.500e-02	2.000e-02	5.500e-02	3.000e-02	1.250e-02	4.250e-02	2.500e-02	1.000e-02	5.750e-02	4.250e-02	3.750e-02	6.250e-02	4.250e-02	3.750e-02	5.500e-02	4.750e-02	3.500e-02	6.000e-02
3.070e+04	3.500e-02	1.750e-02	5.500e-02	2.750e-02	1.250e-02	4.250e-02	2.500e-02	1.000e-02	5.750e-02	4.250e-02	3.500e-02	6.000e-02	4.250e-02	3.750e-02	5.500e-02	4.750e-02	3.500e-02	6.000e-02
3.080e+04	3.500e-02	1.750e-02	5.500e-02	2.750e-02	1.250e-02	4.250e-02	2.500e-02	1.000e-02	5.750e-02	4.250e-02	3.500e-02	6.000e-02	4.250e-02	3.750e-02	5.500e-02	4.750e-02	3.500e-02	6.250e-02
3.090e+04	3.500e-02	1.750e-02	5.500e-02	3.000e-02	1.250e-02	4.250e-02	2.500e-02	1.000e-02	5.750e-02	4.250e-02	3.500e-02	6.250e-02	4.250e-02	3.750e-02	5.250e-02	4.750e-02	3.500e-02	6.250e-02
3.100e+04	3.500e-02	1.750e-02	5.500e-02	2.750e-02	1.250e-02	4.250e-02	2.500e-02	1.000e-02	5.750e-02	4.500e-02	3.500e-02	6.250e-02	4.250e-02	3.750e-02	5.250e-02	4.750e-02	3.500e-02	6.000e-02
3.110e+04	3.500e-02	1.750e-02	5.500e-02	2.750e-02	1.500e-02	4.250e-02	2.500e-02	1.000e-02	6.000e-02	4.750e-02	3.500e-02	6.250e-02	4.250e-02	3.750e-02	5.250e-02	4.750e-02	3.250e-02	6.000e-02
3.120e+04	3.500e-02	1.750e-02	5.500e-02	2.750e-02	1.500e-02	4.250e-02	2.500e-02	1.000e-02	6.000e-02	4.750e-02	3.500e-02	6.250e-02	4.250e-02	3.500e-02	5.250e-02	4.750e-02	3.250e-02	6.000e-02
3.130e+04	3.250e-02	1.750e-02	5.500e-02	2.750e-02	1.500e-02	4.250e-02	2.500e-02	1.000e-02	6.000e-02	4.750e-02	3.500e-02	6.250e-02	4.250e-02	3.500e-02	5.250e-02	4.750e-02	3.500e-02	6.000e-02
3.140e+04	3.250e-02	1.750e-02	5.250e-02	2.750e-02	1.500e-02	4.250e-02	2.500e-02	1.000e-02	6.000e-02	4.750e-02	3.500e-02	6.250e-02	4.500e-02	3.500e-02	5.250e-02	4.750e-02	3.500e-02	6.000e-02
3.150e+04	3.250e-02	1.750e-02	5.500e-02	2.750e-02	1.500e-02	4.250e-02	2.500e-02	1.000e-02	6.000e-02	4.750e-02	3.750e-02	6.250e-02	4.500e-02	3.500e-02	5.250e-02	4.750e-02	3.500e-02	6.000e-02
3.160e+04	3.250e-02	1.750e-02	5.500e-02	2.750e-02	1.750e-02	4.250e-02	2.500e-02	1.000e-02	6.250e-02	4.750e-02	3.750e-02	6.250e-02	4.500e-02	3.500e-02	5.250e-02	4.750e-02	3.500e-02	6.000e-02
3.170e+04	3.000e-02	1.750e-02	5.500e-02	2.750e-02	1.750e-02	4.250e-02	2.500e-02	1.000e-02	6.250e-02	5.000e-02	3.750e-02	6.250e-02	4.500e-02	3.500e-02	5.250e-02	4.750e-02	3.500e-02	5.750e-02
3.180e+04	3.000e-02	1.750e-02	5.500e-02	2.750e-02	1.750e-02	4.250e-02	2.500e-02	1.000e-02	6.500e-02	5.000e-02	3.750e-02	6.250e-02	4.500e-02	3.500e-02	5.250e-02	4.750e-02	3.250e-02	5.750e-02
3.190e+04	3.000e-02	1.750e-02	5.500e-02	2.500e-02	1.750e-02	4.000e-02	2.750e-02	1.000e-02	6.500e-02	5.000e-02	3.750e-02	6.250e-02	4.250e-02	3.500e-02	5.250e-02	4.750e-02	3.250e-02	5.750e-02
3.200e+04	3.000e-02	1.750e-02	5.500e-02	2.500e-02	1.750e-02	4.000e-02	2.500e-02	1.000e-02	6.500e-02	5.000e-02	3.750e-02	6.250e-02	4.250e-02	3.500e-02	5.250e-02	4.750e-02	3.250e-02	5.750e-02
3.210e+04	3.000e-02	1.500e-02	5.500e-02	2.500e-02	1.750e-02	4.000e-02	2.500e-02	1.250e-02	6.500e-02	5.000e-02	3.750e-02	6.250e-02	4.250e-02	3.500e-02	5.250e-02	4.750e-02	3.250e-02	5.750e-02
3.220e+04	3.000e-02	1.500e-02	5.500e-02	2.500e-02	1.750e-02	4.000e-02	2.500e-02	1.250e-02	6.500e-02	5.000e-02	3.750e-02	6.250e-02	4.250e-02	3.500e-02	5.250e-02	4.750e-02	3.250e-02	5.750e-02
3.230e+04	3.000e-02	1.500e-02	5.500e-02	2.500e-02	1.750e-02	4.000e-02	2.500e-02	1.250e-02	6.500e-02	5.000e-02	3.750e-02	6.250e-02	4.250e-02	3.500e-02	5.250e-02	5.000e-02	3.250e-02	5.750e-02
3.240e+04	3.000e-02	1.500e-02	5.500e-02	2.500e-02	1.750e-02	4.000e-02	2.500e-02	1.250e-02	6.750e-02	5.000e-02	3.750e-02	6.250e-02	4.250e-02	3.500e-02	5.250e-02	4.750e-02	3.250e-02	5.750e-02
3.250e+04	3.000e-02	1.500e-02	5.500e-02	2.500e-02	1.750e-02	4.000e-02	2.500e-02	1.250e-02	6.500e-02	5.000e-02	3.750e-02	6.250e-02	4.250e-02	3.500e-02	5.250e-02	4.750e-02	3.250e-02	5.750e-02
3.260e+04	3.000e-02	1.500e-02	5.500e-02	2.750e-02	1.750e-02	4.000e-02	2.500e-02	1.250e-02	6.500e-02	5.000e-02	3.750e-02	6.250e-02	4.250e-02	3.500e-02	5.250e-02	5.000e-02	3.500e-02	5.750e-02
3.270e+04	3.000e-02	1.500e-02	5.500e-02	2.500e-02	1.750e-02	4.000e-02	2.250e-02	1.250e-02	6.500e-02	5.000e-02	3.750e-02	6.250e-02	4.250e-02	3.500e-02	5.250e-02	5.000e-02	3.500e-02	5.750e-02
3.280e+04	3.000e-02	1.500e-02	5.500e-02	2.500e-02	1.750e-02	4.000e-02	2.250e-02	1.250e-02	6.750e-02	5.000e-02	3.500e-02	6.000e-02	4.250e-02	3.500e-02	5.250e-02	4.500e-02	3.500e-02	6.000e-02
3.290e+04	3.000e-02	1.500e-02	5.500e-02	2.500e-02	1.750e-02	4.000e-02	2.250e-02	1.250e-02	6.750e-02	5.000e-02	3.500e-02	6.000e-02	4.250e-02	3.500e-02	5.250e-02	4.500e-02	3.500e-02	6.000e-02
3.300e+04	3.000e-02	1.500e-02	5.500e-02	2.750e-02	1.750e-02	4.000e-02	2.250e-02	1.000e-02	6.750e-02	5.000e-02	3.500e-02	6.000e-02	4.250e-02	3.500e-02	5.500e-02	4.500e-02	3.500e-02	6.000e-02
3.310e+04	3.000e-02	1.500e-02	5.500e-02	2.500e-02	1.750e-02	4.000e-02	2.250e-02	1.000e-02	6.750e-02	4.750e-02	3.500e-02	6.000e-02	4.250e-02	3.250e-02	5.500e-02	4.750e-02	3.500e-02	6.000e-02
3.320e+04	3.000e-02	1.500e-02	5.500e-02	2.500e-02	1.750e-02	4.000e-02	2.250e-02	1.000e-02	6.750e-02	4.750e-02	3.500e-02	6.000e-02	4.250e-02	3.250e-02	5.500e-02	4.750e-02	3.500e-02	6.000e-02
3.330e+04	3.250e-02	1.500e-02	5.250e-02	2.500e-02	1.750e-02	3.750e-02	2.250e-02	1.000e-02	7.000e-02	4.750e-02	3.500e-02	6.000e-02	4.250e-02	3.500e-02	5.500e-02	4.750e-02	3.750e-02	6.000e-02
3.340e+04	3.250e-02	1.500e-02	5.250e-02	2.500e-02	1.750e-02	3.750e-02	2.250e-02	7.500e-03	7.000e-02	4.750e-02	3.250e-02	6.000e-02	4.250e-02	3.500e-02	5.500e-02	4.750e-02	3.750e-02	6.000e-02
3.350e+04	3.250e-02	1.500e-02	5.250e-02	2.500e-02	1.750e-02	3.750e-02	2.250e-02	7.500e-03	7.000e-02	4.750e-02	3.250e-02	6.000e-02	4.500e-02	3.500e-02	5.500e-02	4.750e-02	3.750e-02	6.000e-02
3.360e+04	3.250e-02	1.500e-02	5.250e-02	2.500e-02	1.750e-02	3.750e-02	2.500e-02	7.500e-03	6.750e-02	5.000e-02	3.250e-02	6.000e-02	4.500e-02	3.500e-02	5.500e-02	4.750e-02	3.750e-02	6.000e-02
3.370e+04	3.250e-02	1.500e-02	5.500e-02	2.750e-02	1.750e-02	4.000e-02	2.500e-02	7.500e-03	6.750e-02	5.000e-02	3.250e-02	6.000e-02	4.500e-02	3.500e-02	5.500e-02	4.750e-02	3.750e-02	6.000e-02
3.380e+04	3.250e-02	1.500e-02	5.500e-02	2.750e-02	1.750e-02	4.000e-02	2.500e-02	7.500e-03	6.750e-02	5.000e-02	3.250e-02	6.000e-02	4.500e-02	3.500e-02	5.500e-02	4.750e-02	3.750e-02	6.000e-02
3.390e+04	3.250e-02	1.500e-02	5.500e-02	2.750e-02	1.750e-02	4.000e-02	2.500e-02	7.500e-03	6.750e-02	5.000e-02	3.250e-02	6.250e-02	4.500e-02	3.500e-02	5.500e-02	4.750e-02	3.750e-02	6.000e-02
3.400e+04	3.250e-02	1.500e-02	5.750e-02	2.500e-02	1.750e-02	4.000e-02	2.500e-02	7.500e-03	7.000e-02	4.750e-02	3.250e-02	6.250e-02	4.500e-02	3.500e-02	5.500e-02	4.750e-02	3.750e-02	6.250e-02
3.410e+04	3.250e-02	1.500e-02	5.500e-02	2.500e-02	1.750e-02	4.000e-02	2.500e-02	7.500e-03	7.000e-02	4.750e-02	3.250e-02	6.250e-02	4.500e-02	3.500e-02	5.500e-02	4.750e-02	3.750e-02	6.250e-02
3.420e+04	3.250e-02	1.500e-02	5.500e-02	2.750e-02	1.750e-02	4.000e-02	2.250e-02	7.500e-03	7.000e-02	4.750e-02	3.250e-02	6.250e-02	4.500e-02	3.500e-02	5.500e-02	4.750e-02	3.750e-02	6.250e-02
3.430e+04	3.250e-02	1.500e-02	5.500e-02	2.750e-02	1.750e-02	4.000e-02	2.250e-02	7.500e-03	7.000e-02	4.750e-02	3.000e-02	6.250e-02	4.500e-02	3.500e-02	5.500e-02	4.750e-02	3.750e-02	6.250e-02
3.440e+04	3.250e-02	1.500e-02	5.750e-02	2.750e-02	1.750e-02	4.000e-02	2.250e-02	7.500e-03	7.000e-02	4.750e-02	3.250e-02	6.250e-02	4.500e-02	3.500e-02	5.500e-02	4.750e-02	3.750e-02	6.250e-02
3.450e+04	3.250e-02	1.500e-02	5.500e-02	2.750e-02	1.500e-02	3.750e-02	2.000e-02	7.500e-03	7.000e-02	4.750e-02	3.250e-02	6.250e-02	4.500e-02	3.500e-02	5.500e-02	4.750e-02	3.750e-02	6.250e-02
3.460e+04	3.250e-02	1.250e-02	5.500e-02	2.750e-02	1.500e-02	3.750e-02	2.000e-02	7.500e-03	7.000e-02	4.750e-02	3.500e-02	6.250e-02	4.500e-02	3.500e-02	5.500e-02	4.750e-02	3.750e-02	6.250e-02
3.470e+04	3.250e-02	1.250e-02	5.500e-02	2.750e-02	1.500e-02	3.750e-02	2.000e-02	7.500e-03	7.000e-02	4.750e-02	3.500e-02	6.250e-02	4.500e-02	3.500e-02	5.500e-02	4.750e-02	3.750e-02	6.250e-02
3.480e+04	3.250e-02	1.250e-02	5.250e-02	2.750e-02	1.500e-02	3.750e-02	2.000e-02	7.500e-03	7.000e-02	4.500e-02	3.500e-02	6.250e-02	4.500e-02	3.500e-02	5.500e-02	4.750e-02	4.000e-02	6.250e-02
3.490e+04	3.250e-02	1.250e-02	5.250e-02	2.500e-02	1.500e-02	3.750e-02	1.750e-02	7.500e-03	7.000e-02	4.500e-02	3.500e-02	6.250e-02	4.500e-02	3.500e-02	5.500e-02	4.750e-02	4.000e-02	6.250e-02
3.500e+04	3.250e-02	1.250e-02	5.250e-02	2.750e-02	1.500e-02	3.750e-02	1.750e-02	7.500e-03	7.000e-02	4.500e-02	3.500e-02	6.250e-02	4.250e-02	3.750e-02	5.500e-02	4.750e-02	4.000e-02	6.250e-02
3.510e+04	3.250e-02	1.250e-02	5.250e-02	2.500e-02	1.500e-02	3.750e-02	1.750e-02	7.500e-03	7.000e-02	4.500e-02	3.500e-02	6.250e-02	4.250e-02	3.750e-02	5.500e-02	4.750e-02	4.000e-02	6.250e-02
3.520e+04	3.000e-02	1.000e-02	5.250e-02	2.500e-02	1.500e-02	3.750e-02	1.750e-02	7.500e-03	7.000e-02	4.500e-02	3.500e-02	6.250e-02	4.250e-02	3.500e-02	5.500e-02	4.750e-02	4.000e-02	6.000e-02
3.530e+04	3.000e-02	1.000e-02	5.250e-02	2.500e-02	1.500e-02	4.000e-02	1.750e-02	7.500e-03	7.500e-02	4.500e-02	3.500e-02	6.250e-02	4.250e-02	3.500e-02	5.500e-02	4.750e-02	4.000e-02	6.000e-02
3.540e+04	3.000e-02	1.000e-02	5.250e-02	2.500e-02	1.500e-02	4.000e-02	1.750e-02	1.000e-02	7.500e-02	4.750e-02	3.500e-02	6.250e-02	4.250e-02	3.750e-02	5.500e-02	4.750e-02	4.000e-02	6.000e-02
3.550e+04	3.000e-02	1.000e-02	5.250e-02	2.500e-02	1.250e-02	4.000e-02	1.750e-02	7.500e-03	7.500e-02	4.750e-02	3.500e-02	6.250e-02	4.250e-02	3.750e-02	5.500e-02	4.750e-02	4.000e-02	6.000e-02
3.560e+04	3.000e-02	1.000e-02	5.250e-02	2.500e-02	1.250e-02	4.000e-02	1.750e-02	7.500e-03	7.500e-02	4.750e-02	3.500e-02	6.500e-02	4.250e-02	3.750e-02	5.500e-02	4.500e-02	4.000e-02	6.000e-02
3.570e+04	3.000e-02	1.000e-02	5.250e-02	2.500e-02	1.250e-02	4.000e-02	1.750e-02	7.500e-03	7.500e-02	4.750e-02	3.500e-02	6.500e-02	4.250e-02	3.750e-02	5.500e-02	4.500e-02	4.000e-02	6.000e-02
3.580e+04	3.000e-02	1.250e-02	5.000e-02	2.500e-02	1.250e-02	3.750e-02	1.750e-02	1.000e-02	7.500e-02	4.750e-02	3.250e-02	6.500e-02	4.250e-02	3.750e-02	5.500e-02	4.500e-02	3.750e-02	6.000e-02
3.590e+04	3.000e-02	1.250e-02	5.000e-02	2.500e-02	1.250e-02	3.750e-02	1.750e-02	1.000e-02	7.500e-02	4.750e-02	3.250e-02	6.500e-02	4.250e-02	3.750e-02	5.500e-02	4.500e-02	3.750e-02	6.000e-02
3.600e+04	3.000e-02	1.250e-02	5.000e-02	2.500e-02	1.250e-02	4.000e-02	1.750e-02	1.000e-02	7.500e-02	4.750e-02	3.250e-02	6.500e-02	4.500e-02	3.750e-02	5.500e-02	4.500e-02	3.750e-02	6.000e-02
3.610e+04	3.000e-02	1.250e-02	5.000e-02	2.500e-02	1.250e-02	4.000e-02	1.750e-02	1.000e-02	7.500e-02	4.750e-02	3.250e-02	6.500e-02	4.500e-02	3.750e-02	5.500e-02	4.500e-02	3.750e-02	6.000e-02
3.620e+04	3.000e-02	1.000e-02	5.000e-02	2.500e-02	1.250e-02	3.750e-02	1.750e-02	1.000e-02	7.500e-02	4.750e-02	3.250e-02	6.500e-02	4.500e-02	3.750e-02	5.500e-02	4.500e-02	3.750e-02	5.750e-02
3.630e+04	3.000e-02	1.000e-02	4.750e-02	2.500e-02	1.250e-02	3.750e-02	1.750e-02	1.000e-02	7.500e-02	4.750e-02	3.250e-02	6.500e-02	4.500e-02	3.750e-02	5.500e-02	4.500e-02	3.750e-02	5.750e-02
3.640e+04	3.000e-02	1.000e-02	4.750e-02	2.500e-02	1.250e-02	4.000e-02	1.750e-02	1.000e-02	7.500e-02	4.750e-02	3.250e-02	6.500e-02	4.500e-02	3.750e-02	5.500e-02	4.500e-02	3.750e-02	5.750e-02
3.650e+04	3.000e-02	1.000e-02	4.750e-02	2.500e-02	1.250e-02	4.000e-02	1.750e-02	1.000e-02	7.500e-02	5.000e-02	3.250e-02	6.500e-02	4.500e-02	3.750e-02	5.500e-02	4.250e-02	3.750e-02	5.750e-02
3.660e+04	3.000e-02	1.000e-02	4.750e-02	2.500e-02	1.250e-02	4.000e-02	1.750e-02	1.000e-02	7.500e-02	5.000e-02	3.250e-02	6.500e-02	4.500e-02	3.750e-02	5.500e-02	4.250e-02	3.750e-02	6.000e-02
3.670e+04	3.000e-02	1.000e-02	4.750e-02	2.500e-02	1.250e-02	4.000e-02	1.750e-02	1.000e-02	7.500e-02	5.000e-02	3.250e-02	6.500e-02	4.500e-02	3.750e-02	5.500e-02	4.250e-02	3.750e-02	6.250e-02
3.680e+04	3.000e-02	1.000e-02	4.750e-02	2.500e-02	1.250e-02	4.000e-02	1.750e-02	1.000e-02	7.500e-02	5.000e-02	3.250e-02	6.500e-02	4.500e-02	3.500e-02	5.500e-02	4.250e-02	3.750e-02	6.250e-02
3.690e+04	2.750e-02	1.000e-02	4.750e-02	2.500e-02	1.250e-02	4.000e-02	1.750e-02	1.000e-02	7.500e-02	5.000e-02	3.250e-02	6.500e-02	4.500e-02	3.500e-02	5.500e-02	4.500e-02	3.750e-02	6.250e-02
3.700e+04	2.750e-02	1.000e-02	4.500e-02	2.500e-02	1.250e-02	4.000e-02	1.750e-02	1.000e-02	7.500e-02	5.000e-02	3.250e-02	6.500e-02	4.500e-02	3.500e-02	5.500e-02	4.500e-02	3.750e-02	6.250e-02
3.710e+04	2.750e-02	1.000e-02	4.500e-02	2.500e-02	1.250e-02	4.000e-02	1.750e-02	1.000e-02	7.500e-02	5.000e-02	3.250e-02	6.500e-02	4.500e-02	3.500e-02	5.500e-02	4.500e-02	3.750e-02	6.250e-02
3.720e+04	2.750e-02	1.000e-02	4.500e-02	2.500e-02	1.250e-02	4.000e-02	1.750e-02	1.000e-02	7.500e-02	5.000e-02	3.250e-02	6.500e-02	4.500e-02	3.500e-02	5.500e-02	4.500e-02	3.750e-02	6.250e-02
3.730e+04	2.750e-02	1.000e-02	4.500e-02	2.500e-02	1.250e-02	3.750e-02	1.750e-02	1.000e-02	7.500e-02	5.000e-02	3.250e-02	6.500e-02	4.500e-02	3.500e-02	5.500e-02	4.500e-02	3.750e-02	6.000e-02
3.740e+04	2.750e-02	1.000e-02	4.500e-02	2.500e-02	1.250e-02	3.750e-02	1.750e-02	1.000e-02	7.500e-02	5.000e-02	3.250e-02	6.500e-02	4.500e-02	3.500e-02	5.500e-02	4.500e-02	3.750e-02	6.000e-02
3.750e+04	2.750e-02	1.000e-02	4.500e-02	2.500e-02	1.250e-02	3.500e-02	1.750e-02	1.000e-02	7.250e-02	5.000e-02	3.250e-02	6.500e-02	4.500e-02	3.500e-02	5.750e-02	4.500e-02	3.750e-02	6.000e-02
3.760e+04	2.500e-02	1.000e-02	4.750e-02	2.500e-02	1.250e-02	3.500e-02	2.000e-02	1.000e-02	7.250e-02	5.000e-02	3.250e-02	6.500e-02	4.500e-02	3.500e-02	5.750e-02	4.500e-02	3.750e-02	6.000e-02
3.770e+04	2.500e-02	1.000e-02	4.750e-02	2.500e-02	1.250e-02	3.500e-02	2.000e-02	1.000e-02	7.250e-02	5.000e-02	3.250e-02	6.500e-02	4.500e-02	3.500e-02	5.750e-02	4.500e-02	3.750e-02	6.000e-02
3.780e+04	2.500e-02	1.000e-02	4.750e-02	2.500e-02	1.250e-02	3.250e-02	2.000e-02	1.000e-02	7.250e-02	5.000e-02	3.250e-02	6.500e-02	4.500e-02	3.500e-02	5.750e-02	4.500e-02	3.750e-02	6.000e-02
3.790e+04	2.500e-02	1.000e-02	4.750e-02	2.500e-02	1.250e-02	3.250e-02	2.000e-02	7.500e-03	7.250e-02	5.000e-02	3.250e-02	6.500e-02	4.500e-02	3.500e-02	5.750e-02	4.500e-02	3.750e-02	6.000e-02
3.800e+04	2.500e-02	1.000e-02	4.750e-02	2.500e-02	1.250e-02	3.250e-02	2.000e-02	7.500e-03	7.250e-02	5.000e-02	3.250e-02	6.500e-02	4.500e-02	3.500e-02	6.000e-02	4.500e-02	3.750e-02	6.000e-02
3.810e+04	2.500e-02	1.000e-02	4.750e-02	2.500e-02	1.250e-02	3.250e-02	2.000e-02	7.500e-03	7.250e-02	5.000e-02	3.250e-02	6.500e-02	4.500e-02	3.500e-02	6.000e-02	4.250e-02	3.750e-02	6.000e-02
3.820e+04	2.500e-02	1.000e-02	4.750e-02	2.250e-02	1.250e-02	3.500e-02	2.000e-02	7.500e-03	7.250e-02	5.000e-02	3.250e-02	6.500e-02	4.500e-02	3.500e-02	6.000e-02	4.250e-02	3.750e-02	6.250e-02
3.830e+04	2.500e-02	1.000e-02	4.750e-02	2.500e-02	1.250e-02	3.500e-02	2.000e-02	7.500e-03	7.250e-02	5.000e-02	3.250e-02	6.500e-02	4.500e-02	3.500e-02	6.000e-02	4.250e-02	3.750e-02	6.250e-02
3.840e+04	2.500e-02	1.000e-02	4.750e-02	2.500e-02	1.250e-02	3.500e-02	2.000e-02	7.500e-03	6.750e-02	4.750e-02	3.250e-02	6.500e-02	4.500e-02	3.500e-02	6.000e-02	4.250e-02	3.500e-02	6.250e-02
3.850e+04	2.500e-02	1.000e-02	4.750e-02	2.500e-02	1.250e-02	3.500e-02	1.750e-02	7.500e-03	6.750e-02	4.750e-02	3.250e-02	6.500e-02	4.500e-02	3.500e-02	6.000e-02	4.250e-02	3.500e-02	6.250e-02
3.860e+04	2.500e-02	1.000e-02	4.750e-02	2.500e-02	1.000e-02	3.500e-02	1.750e-02	7.500e-03	6.750e-02	4.750e-02	3.250e-02	6.500e-02	4.500e-02	3.500e-02	6.000e-02	4.250e-02	3.750e-02	6.250e-02
3.870e+04	2.500e-02	1.000e-02	4.750e-02	2.500e-02	1.000e-02	3.500e-02	1.750e-02	7.500e-03	6.750e-02	4.750e-02	3.250e-02	6.500e-02	4.500e-02	3.500e-02	6.000e-02	4.250e-02	3.750e-02	6.250e-02
3.880e+04	2.500e-02	1.000e-02	4.750e-02	2.500e-02	1.000e-02	3.500e-02	1.750e-02	7.500e-03	6.750e-02	4.750e-02	3.250e-02	6.500e-02	4.500e-02	3.500e-02	6.000e-02	4.250e-02	3.750e-02	6.250e-02
3.890e+04	2.500e-02	1.000e-02	4.750e-02	2.250e-02	1.000e-02	3.500e-02	1.750e-02	7.500e-03	6.750e-02	4.500e-02	3.250e-02	6.500e-02	4.500e-02	3.500e-02	6.000e-02	4.250e-02	3.750e-02	6.250e-02
3.900e+04	2.500e-02	1.000e-02	4.750e-02	2.250e-02	1.000e-02	3.500e-02	1.750e-02	7.500e-03	6.750e-02	4.500e-02	3.250e-02	6.500e-02	4.500e-02	3.500e-02	6.000e-02	4.250e-02	3.750e-02	6.250e-02
3.910e+04	2.500e-02	1.000e-02	4.750e-02	2.250e-02	1.000e-02	3.750e-02	1.750e-02	7.500e-03	6.750e-02	4.500e-02	3.250e-02	6.500e-02	4.500e-02	3.500e-02	6.000e-02	4.250e-02	3.750e-02	6.250e-02
3.920e+04	2.500e-02	1.000e-02	4.750e-02	2.250e-02	1.000e-02	3.500e-02	1.750e-02	7.500e-03	6.750e-02	4.500e-02	3.250e-02	6.500e-02	4.500e-02	3.500e-02	6.000e-02	4.250e-02	3.750e-02	5.750e-02
3.930e+04	2.500e-02	1.000e-02	4.750e-02	2.250e-02	1.250e-02	3.500e-02	1.750e-02	7.500e-03	6.750e-02	4.750e-02	3.250e-02	6.500e-02	4.500e-02	3.500e-02	5.750e-02	4.250e-02	3.750e-02	5.750e-02
3.940e+04	2.500e-02	1.000e-02	4.750e-02	2.250e-02	1.250e-02	3.250e-02	1.750e-02	7.500e-03	6.750e-02	4.750e-02	3.250e-02	6.500e-02	4.500e-02	3.500e-02	5.750e-02	4.250e-02	3.750e-02	5.750e-02
3.950e+04	2.500e-02	1.000e-02	4.750e-02	2.250e-02	1.250e-02	3.250e-02	1.750e-02	1.000e-02	6.750e-02	4.750e-02	3.250e-02	6.500e-02	4.750e-02	3.500e-02	5.750e-02	4.250e-02	3.750e-02	5.750e-02
3.960e+04	2.500e-02	1.000e-02	4.750e-02	2.250e-02	1.250e-02	3.250e-02	1.750e-02	1.000e-02	6.750e-02	4.750e-02	3.250e-02	6.500e-02	4.750e-02	3.500e-02	6.000e-02	4.250e-02	3.750e-02	5.750e-02
3.970e+04	2.500e-02	1.000e-02	4.750e-02	2.250e-02	1.250e-02	3.250e-02	1.750e-02	1.000e-02	6.750e-02	4.750e-02	3.250e-02	6.500e-02	4.750e-02	3.500e-02	6.000e-02	4.250e-02	3.750e-02	5.750e-02
3.980e+04	2.500e-02	1.000e-02	4.750e-02	2.250e-02	1.250e-02	3.000e-02	1.750e-02	1.000e-02	6.750e-02	4.750e-02	3.250e-02	6.500e-02	4.750e-02	3.500e-02	6.000e-02	4.250e-02	3.750e-02	6.000e-02
3.990e+04	2.500e-02	1.000e-02	4.750e-02	2.250e-02	1.250e-02	3.000e-02	1.750e-02	1.000e-02	6.750e-02	4.750e-02	3.500e-02	6.500e-02	4.750e-02	3.500e-02	6.000e-02	4.250e-02	3.750e-02	6.000e-02
4.000e+04	2.500e-02	1.000e-02	4.750e-02	2.250e-02	1.250e-02	3.250e-02	1.750e-02	1.000e-02	6.750e-02	4.750e-02	3.500e-02	6.500e-02	4.750e-02	3.500e-02	6.000e-02	4.250e-02	3.750e-02	6.000e-02
4.010e+04	2.500e-02	1.000e-02	4.750e-02	2.250e-02	1.000e-02	3.250e-02	1.750e-02	1.000e-02	6.750e-02	4.750e-02	3.500e-02	6.250e-02	4.500e-02	3.500e-02	6.000e-02	4.250e-02	3.750e-02	6.250e-02
4.020e+04	2.500e-02	1.000e-02	4.750e-02	2.250e-02	1.000e-02	3.250e-02	1.750e-02	1.000e-02	6.250e-02	4.750e-02	3.250e-02	6.500e-02	4.500e-02	3.500e-02	6.000e-02	4.250e-02	3.500e-02	6.250e-02
4.030e+04	2.500e-02	1.000e-02	4.750e-02	2.250e-02	1.000e-02	3.250e-02	1.750e-02	1.000e-02	6.250e-02	4.750e-02	3.250e-02	6.500e-02	4.500e-02	3.500e-02	6.000e-02	4.250e-02	3.500e-02	6.250e-02
4.040e+04	2.500e-02	1.000e-02	4.750e-02	2.250e-02	1.250e-02	3.000e-02	1.750e-02	1.000e-02	6.250e-02	4.750e-02	3.250e-02	6.500e-02	4.500e-02	3.500e-02	6.000e-02	4.250e-02	3.500e-02	6.250e-02
4.050e+04	2.500e-02	1.000e-02	4.750e-02	2.250e-02	1.250e-02	3.250e-02	1.750e-02	1.000e-02	6.250e-02	4.750e-02	3.250e-02	6.500e-02	4.500e-02	3.500e-02	6.250e-02	4.250e-02	3.500e-02	6.250e-02
4.060e+04	2.500e-02	1.000e-02	4.750e-02	2.250e-02	1.250e-02	3.250e-02	1.750e-02	1.000e-02	6.250e-02	4.750e-02	3.250e-02	6.250e-02	4.500e-02	3.500e-02	6.250e-02	4.250e-02	3.500e-02	6.250e-02
4.070e+04	2.500e-02	1.000e-02	4.750e-02	2.250e-02	1.250e-02	3.250e-02	1.750e-02	1.000e-02	6.250e-02	4.750e-02	3.250e-02	6.250e-02	4.500e-02	3.500e-02	6.000e-02	4.250e-02	3.500e-02	6.000e-02
4.080e+04	2.500e-02	1.000e-02	4.750e-02	2.250e-02	1.250e-02	3.000e-02	1.750e-02	1.000e-02	6.250e-02	4.750e-02	3.250e-02	6.250e-02	4.500e-02	3.500e-02	6.000e-02	4.250e-02	3.500e-02	6.000e-02
4.090e+04	2.500e-02	1.000e-02	4.750e-02	2.250e-02	1.250e-02	3.250e-02	1.750e-02	1.000e-02	6.250e-02	4.750e-02	3.250e-02	6.250e-02	4.500e-02	3.500e-02	6.000e-02	4.250e-02	3.500e-02	6.000e-02
4.100e+04	2.500e-02	1.000e-02	4.500e-02	2.250e-02	1.250e-02	3.250e-02	1.500e-02	1.000e-02	6.250e-02	4.750e-02	3.250e-02	6.250e-02	4.500e-02	3.500e-02	6.000e-02	4.250e-02	3.500e-02	6.000e-02
4.110e+04	2.500e-02	1.000e-02	4.500e-02	2.250e-02	1.250e-02	3.250e-02	1.500e-02	1.000e-02	6.500e-02	4.750e-02	3.250e-02	6.250e-02	4.500e-02	3.500e-02	6.000e-02	4.250e-02	3.500e-02	6.000e-02
4.120e+04	2.250e-02	1.000e-02	4.500e-02	2.250e-02	1.250e-02	3.250e-02	1.500e-02	1.000e-02	6.500e-02	4.750e-02	3.250e-02	6.250e-02	4.500e-02	3.500e-02	6.000e-02	4.250e-02	3.500e-02	6.000e-02
4.130e+04	2.250e-02	1.000e-02	4.500e-02	2.250e-02	1.250e-02	3.500e-02	1.500e-02	1.000e-02	6.500e-02	4.750e-02	3.250e-02	6.250e-02	4.500e-02	3.500e-02	6.000e-02	4.250e-02	3.500e-02	6.000e-02
4.140e+04	2.250e-02	1.000e-02	4.500e-02	2.250e-02	1.250e-02	3.500e-02	1.500e-02	1.000e-02	6.500e-02	4.500e-02	3.250e-02	6.250e-02	4.500e-02	3.500e-02	6.000e-02	4.250e-02	3.500e-02	6.000e-02
4.150e+04	2.250e-02	1.000e-02	4.500e-02	2.250e-02	1.250e-02	3.500e-02	1.500e-02	1.000e-02	6.500e-02	4.750e-02	3.250e-02	6.250e-02	4.500e-02	3.500e-02	6.250e-02	4.250e-02	3.500e-02	6.000e-02
4.160e+04	2.250e-02	1.000e-02	4.500e-02	2.250e-02	1.250e-02	3.500e-02	1.500e-02	1.000e-02	6.500e-02	4.750e-02	3.250e-02	6.250e-02	4.500e-02	3.250e-02	6.250e-02	4.250e-02	3.750e-02	6.000e-02
4.170e+04	2.250e-02	1.000e-02	4.500e-02	2.250e-02	1.250e-02	3.500e-02	1.500e-02	1.000e-02	6.500e-02	4.750e-02	3.250e-02	6.250e-02	4.500e-02	3.250e-02	6.250e-02	4.250e-02	3.750e-02	6.000e-02
4.180e+04	2.250e-02	1.000e-02	4.500e-02	2.250e-02	1.250e-02	3.500e-02	1.500e-02	1.000e-02	6.500e-02	4.500e-02	3.250e-02	6.250e-02	4.500e-02	3.250e-02	6.250e-02	4.250e-02	3.750e-02	6.000e-02
4.190e+04	2.250e-02	1.000e-02	4.500e-02	2.250e-02	1.250e-02	3.750e-02	1.500e-02	1.000e-02	6.500e-02	4.500e-02	3.250e-02	6.250e-02	4.500e-02	3.250e-02	6.000e-02	4.500e-02	3.500e-02	6.000e-02
4.200e+04	2.250e-02	1.000e-02	4.500e-02	2.250e-02	1.250e-02	3.750e-02	1.500e-02	1.000e-02	6.000e-02	4.500e-02	3.250e-02	6.250e-02	4.500e-02	3.250e-02	6.000e-02	4.500e-02	3.250e-02	6.000e-02
4.210e+04	2.250e-02	1.000e-02	4.500e-02	2.000e-02	1.250e-02	3.750e-02	1.500e-02	1.000e-02	6.000e-02	4.750e-02	3.250e-02	6.250e-02	4.500e-02	3.250e-02	6.000e-02	4.500e-02	3.250e-02	6.000e-02
4.220e+04	2.250e-02	1.000e-02	4.500e-02	2.000e-02	1.250e-02	3.750e-02	1.500e-02	1.000e-02	6.000e-02	4.750e-02	3.250e-02	6.250e-02	4.500e-02	3.250e-02	6.000e-02	4.500e-02	3.250e-02	6.000e-02
4.230e+04	2.250e-02	1.000e-02	4.500e-02	2.000e-02	1.250e-02	3.750e-02	1.500e-02	1.000e-02	6.000e-02	4.750e-02	3.250e-02	6.250e-02	4.500e-02	3.250e-02	6.000e-02	4.500e-02	3.250e-02	6.000e-02
4.240e+04	2.250e-02	1.000e-02	4.500e-02	2.000e-02	1.250e-02	3.500e-02	1.500e-02	1.000e-02	6.000e-02	4.750e-02	3.250e-02	6.250e-02	4.500e-02	3.250e-02	6.000e-02	4.500e-02	3.250e-02	6.000e-02
4.250e+04	2.250e-02	1.000e-02	4.250e-02	2.250e-02	1.250e-02	3.750e-02	1.500e-02	1.000e-02	6.000e-02	4.750e-02	3.250e-02	6.250e-02	4.250e-02	3.250e-02	6.000e-02	4.500e-02	3.250e-02	6.000e-02
4.260e+04	2.250e-02	1.000e-02	4.250e-02	2.250e-02	1.250e-02	3.750e-02	1.500e-02	1.000e-02	6.000e-02	4.750e-02	3.250e-02	6.250e-02	4.250e-02	3.250e-02	6.000e-02	4.500e-02	3.250e-02	5.750e-02
4.270e+04	2.250e-02	1.000e-02	4.250e-02	2.250e-02	1.250e-02	3.750e-02	1.750e-02	7.500e-03	6.000e-02	4.750e-02	3.250e-02	6.250e-02	4.250e-02	3.250e-02	6.000e-02	4.500e-02	3.250e-02	5.750e-02
4.280e+04	2.250e-02	1.000e-02	4.250e-02	2.250e-02	1.250e-02	3.750e-02	1.750e-02	7.500e-03	6.000e-02	4.750e-02	3.250e-02	6.250e-02	4.250e-02	3.250e-02	6.000e-02	4.500e-02	3.250e-02	5.750e-02
4.290e+04	2.250e-02	1.000e-02	4.250e-02	2.250e-02	1.250e-02	3.750e-02	1.750e-02	7.500e-03	6.000e-02	4.750e-02	3.250e-02	6.250e-02	4.250e-02	3.250e-02	6.000e-02	4.500e-02	3.250e-02	5.750e-02
4.300e+04	2.500e-02	1.000e-02	4.250e-02	2.250e-02	1.250e-02	3.750e-02	1.750e-02	7.500e-03	5.750e-02	4.750e-02	3.250e-02	6.250e-02	4.250e-02	3.500e-02	6.000e-02	4.500e-02	3.250e-02	6.000e-02
4.310e+04	2.500e-02	1.000e-02	4.250e-02	2.250e-02	1.250e-02	3.750e-02	1.750e-02	7.500e-03	5.750e-02	4.750e-02	3.250e-02	6.250e-02	4.250e-02	3.500e-02	6.000e-02	4.250e-02	3.250e-02	6.000e-02
4.320e+04	2.250e-02	7.500e-03	4.250e-02	2.250e-02	1.250e-02	3.750e-02	1.750e-02	7.500e-03	5.750e-02	4.500e-02	3.250e-02	6.250e-02	4.250e-02	3.500e-02	6.000e-02	4.250e-02	3.250e-02	6.000e-02
4.330e+04	2.500e-02	7.500e-03	4.250e-02	2.250e-02	1.250e-02	4.000e-02	1.750e-02	7.500e-03	5.750e-02	4.500e-02	3.250e-02	6.500e-02	4.500e-02	3.500e-02	6.000e-02	4.250e-02	3.250e-02	6.000e-02
4.340e+04	2.500e-02	7.500e-03	4.250e-02	2.250e-02	1.250e-02	4.000e-02	1.750e-02	7.500e-03	5.750e-02	4.500e-02	3.250e-02	6.500e-02	4.500e-02	3.500e-02	6.000e-02	4.250e-02	3.250e-02	6.000e-02
4.350e+04	2.500e-02	1.000e-02	4.250e-02	2.250e-02	1.250e-02	4.000e-02	1.750e-02	7.500e-03	5.750e-02	4.500e-02	3.250e-02	6.500e-02	4.500e-02	3.500e-02	6.000e-02	4.250e-02	3.250e-02	6.000e-02
4.360e+04	2.500e-02	1.000e-02	4.250e-02	2.250e-02	1.250e-02	4.000e-02	1.750e-02	7.500e-03	5.750e-02	4.250e-02	3.500e-02	6.250e-02	4.500e-02	3.500e-02	6.000e-02	4.250e-02	3.250e-02	6.000e-02
4.370e+04	2.500e-02	1.000e-02	4.250e-02	2.250e-02	1.250e-02	4.000e-02	1.750e-02	7.500e-03	5.750e-02	4.250e-02	3.500e-02	6.250e-02	4.500e-02	3.250e-02	6.000e-02	4.250e-02	3.250e-02	6.000e-02
4.380e+04	2.500e-02	1.000e-02	4.250e-02	2.250e-02	1.250e-02	4.000e-02	1.750e-02	7.500e-03	5.750e-02	4.250e-02	3.500e-02	6.250e-02	4.500e-02	3.250e-02	6.000e-02	4.250e-02	3.250e-02	6.250e-02
4.390e+04	2.500e-02	1.000e-02	4.250e-02	2.250e-02	1.250e-02	4.000e-02	1.750e-02	7.500e-03	5.750e-02	4.500e-02	3.500e-02	6.250e-02	4.500e-02	3.250e-02	6.000e-02	4.250e-02	3.250e-02	6.250e-02
4.400e+04	2.500e-02	1.000e-02	4.000e-02	2.250e-02	1.250e-02	4.000e-02	1.750e-02	7.500e-03	5.750e-02	4.500e-02	3.500e-02	6.250e-02	4.500e-02	3.250e-02	6.250e-02	4.250e-02	3.250e-02	6.250e-02
4.410e+04	2.500e-02	1.000e-02	4.000e-02	2.000e-02	1.250e-02	4.000e-02	1.750e-02	7.500e-03	5.750e-02	4.500e-02	3.500e-02	6.250e-02	4.500e-02	3.250e-02	6.250e-02	4.250e-02	3.250e-02	6.250e-02
4.420e+04	2.500e-02	1.000e-02	4.000e-02	2.000e-02	1.250e-02	4.000e-02	1.750e-02	7.500e-03	5.750e-02	4.500e-02	3.500e-02	6.250e-02	4.500e-02	3.250e-02	6.250e-02	4.250e-02	3.000e-02	6.250e-02
4.430e+04	2.500e-02	1.000e-02	4.000e-02	2.000e-02	1.250e-02	4.000e-02	1.750e-02	7.500e-03	5.750e-02	4.500e-02	3.500e-02	6.250e-02	4.500e-02	3.250e-02	6.250e-02	4.250e-02	3.000e-02	6.250e-02
4.440e+04	2.500e-02	1.000e-02	4.000e-02	2.000e-02	1.250e-02	4.000e-02	1.750e-02	7.500e-03	5.750e-02	4.500e-02	3.500e-02	6.250e-02	4.500e-02	3.250e-02	6.000e-02	4.250e-02	3.000e-02	6.250e-02
4.450e+04	2.500e-02	1.000e-02	4.000e-02	2.000e-02	1.250e-02	4.000e-02	1.750e-02	7.500e-03	5.750e-02	4.250e-02	3.500e-02	6.250e-02	4.500e-02	3.250e-02	6.000e-02	4.250e-02	3.000e-02	6.000e-02
4.460e+04	2.500e-02	1.000e-02	4.000e-02	2.000e-02	1.250e-02	4.000e-02	1.750e-02	7.500e-03	5.500e-02	4.250e-02	3.500e-02	6.250e-02	4.500e-02	3.250e-02	6.000e-02	4.250e-02	3.000e-02	6.000e-02
4.470e+04	2.500e-02	1.000e-02	3.750e-02	2.000e-02	1.250e-02	4.000e-02	1.750e-02	7.500e-03	5.750e-02	4.250e-02	3.500e-02	6.250e-02	4.500e-02	3.250e-02	6.000e-02	4.250e-02	3.000e-02	6.000e-02
4.480e+04	2.500e-02	7.500e-03	3.750e-02	1.750e-02	1.250e-02	4.000e-02	1.750e-02	7.500e-03	5.750e-02	4.500e-02	3.250e-02	6.000e-02	4.500e-02	3.250e-02	6.000e-02	4.250e-02	3.000e-02	6.000e-02
4.490e+04	2.500e-02	7.500e-03	3.750e-02	1.750e-02	1.250e-02	4.000e-02	1.750e-02	7.500e-03	5.500e-02	4.500e-02	3.250e-02	6.000e-02	4.500e-02	3.250e-02	6.000e-02	4.250e-02	3.000e-02	6.000e-02
4.500e+04	2.500e-02	7.500e-03	3.750e-02	1.750e-02	1.250e-02	3.750e-02	1.750e-02	7.500e-03	5.500e-02	4.500e-02	3.250e-02	6.000e-02	4.500e-02	3.250e-02	6.000e-02	4.250e-02	3.000e-02	6.000e-02
4.510e+04	2.500e-02	7.500e-03	3.500e-02	1.750e-02	1.250e-02	3.750e-02	1.750e-02	7.500e-03	5.500e-02	4.500e-02	3.250e-02	6.250e-02	4.500e-02	3.250e-02	6.000e-02	4.250e-02	3.000e-02	6.000e-02
4.520e+04	2.500e-02	7.500e-03	3.500e-02	1.750e-02	1.250e-02	3.750e-02	1.750e-02	7.500e-03	5.500e-02	4.500e-02	3.250e-02	6.250e-02	4.500e-02	3.250e-02	6.250e-02	4.250e-02	3.000e-02	6.000e-02
4.530e+04	2.250e-02	7.500e-03	3.500e-02	1.750e-02	1.250e-02	4.000e-02	1.750e-02	7.500e-03	5.500e-02	4.500e-02	3.250e-02	6.250e-02	4.500e-02	3.250e-02	6.250e-02	4.250e-02	3.000e-02	6.000e-02
4.540e+04	2.250e-02	7.500e-03	3.500e-02	1.750e-02	1.250e-02	4.000e-02	1.750e-02	7.500e-03	5.250e-02	4.500e-02	3.250e-02	6.250e-02	4.500e-02	3.250e-02	6.250e-02	4.250e-02	3.000e-02	6.000e-02
4.550e+04	2.250e-02	7.500e-03	3.500e-02	1.750e-02	1.250e-02	4.000e-02	1.750e-02	7.500e-03	5.000e-02	4.500e-02	3.250e-02	6.250e-02	4.500e-02	3.250e-02	6.250e-02	4.250e-02	3.000e-02	6.000e-02
4.560e+04	2.250e-02	7.500e-03	3.500e-02	1.750e-02	1.250e-02	4.000e-02	1.750e-02	7.500e-03	5.000e-02	4.500e-02	3.250e-02	6.000e-02	4.500e-02	3.250e-02	6.250e-02	4.250e-02	3.000e-02	6.000e-02
4.570e+04	2.250e-02	7.500e-03	3.500e-02	2.000e-02	1.250e-02	4.000e-02	1.750e-02	7.500e-03	5.000e-02	4.500e-02	3.250e-02	6.000e-02	4.500e-02	3.250e-02	6.250e-02	4.250e-02	3.000e-02	6.000e-02
4.580e+04	2.250e-02	7.500e-03	3.500e-02	2.000e-02	1.250e-02	4.000e-02	1.750e-02	5.000e-03	5.000e-02	4.500e-02	3.250e-02	6.000e-02	4.500e-02	3.250e-02	6.250e-02	4.250e-02	3.000e-02	6.000e-02
4.590e+04	2.250e-02	7.500e-03	3.500e-02	2.000e-02	1.250e-02	4.000e-02	1.750e-02	5.000e-03	5.000e-02	4.500e-02	3.250e-02	6.000e-02	4.500e-02	3.250e-02	6.250e-02	4.250e-02	3.000e-02	6.000e-02
4.600e+04	2.250e-02	5.000e-03	3.500e-02	2.000e-02	1.250e-02	4.000e-02	1.750e-02	5.000e-03	5.000e-02	4.500e-02	3.250e-02	6.000e-02	4.500e-02	3.250e-02	6.250e-02	4.250e-02	3.000e-02	6.000e-02
4.610e+04	2.250e-02	5.000e-03	3.500e-02	2.000e-02	1.250e-02	4.250e-02	1.750e-02	5.000e-03	5.000e-02	4.500e-02	3.250e-02	6.000e-02	4.500e-02	3.250e-02	6.250e-02	4.250e-02	3.000e-02	6.000e-02
4.620e+04	2.250e-02	5.000e-03	4.000e-02	2.000e-02	1.250e-02	4.250e-02	1.750e-02	5.000e-03	5.000e-02	4.500e-02	3.250e-02	6.000e-02	4.500e-02	3.250e-02	6.250e-02	4.250e-02	3.000e-02	6.000e-02
4.630e+04	2.250e-02	5.000e-03	4.000e-02	2.000e-02	1.250e-02	4.250e-02	1.750e-02	5.000e-03	5.000e-02	4.500e-02	3.250e-02	6.000e-02	4.500e-02	3.250e-02	6.250e-02	4.000e-02	3.000e-02	6.000e-02
4.640e+04	2.250e-02	5.000e-03	4.000e-02	2.000e-02	1.250e-02	4.250e-02	1.750e-02	5.000e-03	5.000e-02	4.750e-02	3.250e-02	6.000e-02	4.500e-02	3.250e-02	6.250e-02	4.000e-02	3.000e-02	6.000e-02
4.650e+04	2.250e-02	5.000e-03	4.000e-02	2.000e-02	1.250e-02	4.250e-02	1.750e-02	5.000e-03	4.750e-02	4.750e-02	3.250e-02	6.000e-02	4.500e-02	3.000e-02	6.250e-02	4.000e-02	3.000e-02	6.000e-02
4.660e+04	2.250e-02	5.000e-03	4.000e-02	2.000e-02	1.250e-02	4.250e-02	1.750e-02	5.000e-03	4.500e-02	4.750e-02	3.250e-02	6.000e-02	4.750e-02	3.000e-02	6.250e-02	4.250e-02	3.000e-02	6.250e-02
4.670e+04	2.000e-02	5.000e-03	3.750e-02	2.000e-02	1.250e-02	4.250e-02	1.750e-02	5.000e-03	4.500e-02	4.750e-02	3.500e-02	6.000e-02	4.750e-02	3.000e-02	6.250e-02	4.250e-02	3.000e-02	6.250e-02
4.680e+04	2.000e-02	5.000e-03	3.750e-02	2.000e-02	1.250e-02	4.250e-02	1.750e-02	5.000e-03	4.500e-02	5.000e-02	3.500e-02	6.000e-02	4.750e-02	3.000e-02	6.250e-02	4.250e-02	3.000e-02	6.250e-02
4.690e+04	2.000e-02	5.000e-03	3.750e-02	2.000e-02	1.250e-02	4.250e-02	1.750e-02	5.000e-03	4.500e-02	5.000e-02	3.500e-02	6.000e-02	4.750e-02	3.000e-02	6.250e-02	4.000e-02	3.000e-02	6.250e-02
4.700e+04	2.000e-02	5.000e-03	3.500e-02	2.000e-02	1.000e-02	4.250e-02	1.750e-02	5.000e-03	4.500e-02	5.000e-02	3.500e-02	6.000e-02	4.750e-02	3.000e-02	6.250e-02	4.000e-02	3.000e-02	6.250e-02
4.710e+04	2.000e-02	5.000e-03	3.500e-02	2.000e-02	1.000e-02	4.250e-02	1.750e-02	5.000e-03	4.500e-02	5.000e-02	3.500e-02	6.000e-02	4.750e-02	3.000e-02	6.250e-02	4.000e-02	3.000e-02	6.250e-02
4.720e+04	2.000e-02	5.000e-03	3.500e-02	1.750e-02	1.000e-02	4.250e-02	1.750e-02	5.000e-03	4.500e-02	5.000e-02	3.500e-02	6.000e-02	4.750e-02	3.000e-02	6.250e-02	4.000e-02	3.000e-02	6.250e-02
4.730e+04	2.000e-02	5.000e-03	3.500e-02	1.750e-02	1.000e-02	4.250e-02	1.750e-02	5.000e-03	4.750e-02	5.000e-02	3.500e-02	6.000e-02	4.750e-02	3.000e-02	6.250e-02	4.000e-02	3.000e-02	6.250e-02
4.740e+04	2.000e-02	5.000e-03	3.500e-02	2.000e-02	1.000e-02	4.250e-02	1.750e-02	5.000e-03	4.750e-02	5.000e-02	3.500e-02	6.000e-02	4.750e-02	3.000e-02	6.250e-02	4.000e-02	3.250e-02	6.250e-02
4.750e+04	2.000e-02	5.000e-03	3.500e-02	2.000e-02	1.000e-02	4.250e-02	1.750e-02	5.000e-03	4.750e-02	5.000e-02	3.500e-02	6.000e-02	4.750e-02	3.000e-02	6.250e-02	4.000e-02	3.250e-02	6.250e-02
4.760e+04	2.000e-02	5.000e-03	3.500e-02	2.000e-02	1.000e-02	4.250e-02	1.750e-02	5.000e-03	4.750e-02	5.000e-02	3.500e-02	6.000e-02	4.750e-02	3.000e-02	6.250e-02	4.000e-02	3.250e-02	6.250e-02
4.770e+04	2.000e-02	5.000e-03	3.500e-02	2.000e-02	1.000e-02	4.250e-02	1.750e-02	5.000e-03	4.750e-02	5.000e-02	3.500e-02	6.000e-02	4.750e-02	3.000e-02	6.250e-02	4.000e-02	3.250e-02	6.250e-02
4.780e+04	2.000e-02	5.000e-03	3.500e-02	2.000e-02	1.000e-02	4.250e-02	1.750e-02	5.000e-03	4.750e-02	5.000e-02	3.500e-02	6.000e-02	4.750e-02	3.000e-02	6.250e-02	4.000e-02	3.250e-02	6.250e-02
4.790e+04	2.000e-02	5.000e-03	3.500e-02	2.000e-02	1.000e-02	4.250e-02	1.750e-02	5.000e-03	4.750e-02	5.000e-02	3.500e-02	5.750e-02	4.750e-02	3.000e-02	6.250e-02	4.000e-02	3.250e-02	6.250e-02
4.800e+04	2.000e-02	5.000e-03	3.500e-02	2.000e-02	1.000e-02	4.250e-02	1.750e-02	5.000e-03	4.750e-02	5.000e-02	3.500e-02	5.750e-02	4.750e-02	3.250e-02	6.000e-02	4.000e-02	3.250e-02	6.250e-02
4.810e+04	2.000e-02	5.000e-03	3.500e-02	2.000e-02	1.000e-02	4.250e-02	1.750e-02	5.000e-03	4.750e-02	5.000e-02	3.500e-02	5.750e-02	4.750e-02	3.250e-02	6.000e-02	4.000e-02	3.250e-02	6.250e-02
4.820e+04	2.000e-02	5.000e-03	3.500e-02	2.000e-02	1.000e-02	4.250e-02	1.750e-02	5.000e-03	4.750e-02	5.000e-02	3.500e-02	5.750e-02	4.750e-02	3.250e-02	6.000e-02	4.000e-02	3.250e-02	6.250e-02
4.830e+04	2.000e-02	5.000e-03	3.500e-02	2.000e-02	1.000e-02	4.250e-02	1.750e-02	5.000e-03	5.000e-02	5.000e-02	3.500e-02	5.750e-02	4.750e-02	3.250e-02	6.000e-02	4.000e-02	3.250e-02	6.250e-02
4.840e+04	2.000e-02	5.000e-03	3.500e-02	2.000e-02	1.000e-02	4.250e-02	1.750e-02	5.000e-03	5.000e-02	5.000e-02	3.500e-02	5.750e-02	4.750e-02	3.250e-02	6.000e-02	4.000e-02	3.250e-02	6.250e-02
4.850e+04	2.000e-02	5.000e-03	3.500e-02	2.000e-02	1.000e-02	4.250e-02	1.750e-02	5.000e-03	4.750e-02	5.000e-02	3.500e-02	5.750e-02	4.750e-02	3.250e-02	6.000e-02	4.000e-02	3.250e-02	6.000e-02
4.860e+04	2.000e-02	5.000e-03	3.500e-02	2.000e-02	1.000e-02	4.500e-02	1.750e-02	5.000e-03	4.750e-02	5.000e-02	3.500e-02	6.000e-02	4.750e-02	3.250e-02	6.000e-02	4.000e-02	3.000e-02	6.000e-02
4.870e+04	2.000e-02	5.000e-03	3.500e-02	2.000e-02	1.000e-02	4.500e-02	1.750e-02	5.000e-03	4.750e-02	5.000e-02	3.500e-02	6.000e-02	4.750e-02	3.250e-02	6.000e-02	4.000e-02	3.000e-02	6.000e-02
4.880e+04	2.000e-02	5.000e-03	3.500e-02	2.000e-02	1.000e-02	4.500e-02	1.750e-02	5.000e-03	4.750e-02	5.000e-02	3.500e-02	6.000e-02	4.750e-02	3.000e-02	6.000e-02	4.000e-02	3.000e-02	6.000e-02
4.890e+04	2.000e-02	5.000e-03	3.500e-02	2.000e-02	1.000e-02	4.500e-02	1.750e-02	5.000e-03	4.750e-02	5.000e-02	3.500e-02	6.000e-02	4.750e-02	3.000e-02	6.000e-02	4.250e-02	3.000e-02	6.000e-02
4.900e+04	2.000e-02	5.000e-03	3.500e-02	2.000e-02	1.000e-02	4.500e-02	1.750e-02	5.000e-03	4.750e-02	5.000e-02	3.500e-02	6.000e-02	4.750e-02	3.000e-02	6.000e-02	4.000e-02	3.000e-02	6.000e-02
4.910e+04	2.000e-02	5.000e-03	3.500e-02	2.000e-02	1.000e-02	4.500e-02	1.750e-02	5.000e-03	4.500e-02	5.000e-02	3.500e-02	6.000e-02	4.750e-02	3.000e-02	6.000e-02	4.000e-02	3.000e-02	6.000e-02
4.920e+04	2.000e-02	5.000e-03	3.500e-02	2.000e-02	1.000e-02	4.500e-02	1.750e-02	5.000e-03	4.500e-02	5.000e-02	3.500e-02	6.000e-02	4.750e-02	3.000e-02	6.000e-02	4.000e-02	3.000e-02	6.000e-02
4.930e+04	2.000e-02	5.000e-03	3.500e-02	2.000e-02	1.000e-02	4.500e-02	1.750e-02	5.000e-03	4.500e-02	5.000e-02	3.500e-02	6.000e-02	4.750e-02	3.000e-02	6.000e-02	4.000e-02	3.000e-02	6.000e-02
4.940e+04	2.000e-02	5.000e-03	3.500e-02	2.000e-02	1.000e-02	4.500e-02	1.750e-02	5.000e-03	4.250e-02	5.000e-02	3.500e-02	5.750e-02	4.750e-02	3.000e-02	6.000e-02	4.000e-02	3.000e-02	6.000e-02
4.950e+04	2.000e-02	5.000e-03	3.500e-02	2.000e-02	1.000e-02	4.500e-02	1.750e-02	5.000e-03	4.500e-02	5.000e-02	3.500e-02	5.750e-02	4.750e-02	3.000e-02	6.000e-02	4.000e-02	3.000e-02	6.000e-02
4.960e+04	2.000e-02	5.000e-03	3.500e-02	2.000e-02	1.000e-02	4.500e-02	1.750e-02	5.000e-03	4.500e-02	5.000e-02	3.500e-02	6.000e-02	4.750e-02	3.000e-02	6.000e-02	4.000e-02	3.000e-02	6.000e-02
4.970e+04	2.000e-02	5.000e-03	3.500e-02	2.000e-02	1.000e-02	4.500e-02	1.750e-02	5.000e-03	4.500e-02	5.000e-02	3.500e-02	6.000e-02	4.750e-02	3.000e-02	6.000e-02	4.000e-02	3.000e-02	6.000e-02
4.980e+04	2.000e-02	5.000e-03	3.250e-02	2.000e-02	1.000e-02	4.500e-02	1.750e-02	5.000e-03	4.750e-02	5.000e-02	3.500e-02	6.000e-02	4.750e-02	3.000e-02	6.000e-02	4.000e-02	3.000e-02	6.000e-02
4.990e+04	2.000e-02	5.000e-03	3.250e-02	2.000e-02	1.000e-02	4.500e-02	1.500e-02	5.000e-03	4.500e-02	5.000e-02	3.500e-02	6.000e-02	4.750e-02	3.000e-02	6.000e-02	4.000e-02	3.250e-02	5.750e-02
5.000e+04	2.000e-02	5.000e-03	3.250e-02	2.000e-02	1.000e-02	4.500e-02	1.750e-02	5.000e-03	4.500e-02	5.250e-02	3.500e-02	6.000e-02	4.750e-02	3.000e-02	6.000e-02	4.000e-02	3.250e-02	5.750e-02
