n.evals.q.1.0.	_.vs.4.nav.e_maze.ga.pleiotropy.1.0.all.each.global.pleiotropy.avg	_.vs.4.nav.e_maze.ga.pleiotropy.1.0.all.each.global.pleiotropy.avg.min	_.vs.4.nav.e_maze.ga.pleiotropy.1.0.all.each.global.pleiotropy.avg.max	_.vs.4.nav.e_maze.ga.pleiotropy.1.0.unique.all.each.global.pleiotropy.avg	_.vs.4.nav.e_maze.ga.pleiotropy.1.0.unique.all.each.global.pleiotropy.avg.min	_.vs.4.nav.e_maze.ga.pleiotropy.1.0.unique.all.each.global.pleiotropy.avg.max	_.vs.4.nav.e_maze.ga.pleiotropy.1.0.sequential.all.each.global.pleiotropy.avg	_.vs.4.nav.e_maze.ga.pleiotropy.1.0.sequential.all.each.global.pleiotropy.avg.min	_.vs.4.nav.e_maze.ga.pleiotropy.1.0.sequential.all.each.global.pleiotropy.avg.max	_.vs.4.nav.y_maze.ga.pleiotropy.1.0.all.each.global.pleiotropy.avg	_.vs.4.nav.y_maze.ga.pleiotropy.1.0.all.each.global.pleiotropy.avg.min	_.vs.4.nav.y_maze.ga.pleiotropy.1.0.all.each.global.pleiotropy.avg.max	_.vs.4.nav.y_maze.ga.pleiotropy.1.0.unique.all.each.global.pleiotropy.avg	_.vs.4.nav.y_maze.ga.pleiotropy.1.0.unique.all.each.global.pleiotropy.avg.min	_.vs.4.nav.y_maze.ga.pleiotropy.1.0.unique.all.each.global.pleiotropy.avg.max	_.vs.4.nav.y_maze.ga.pleiotropy.1.0.sequential.all.each.global.pleiotropy.avg	_.vs.4.nav.y_maze.ga.pleiotropy.1.0.sequential.all.each.global.pleiotropy.avg.min	_.vs.4.nav.y_maze.ga.pleiotropy.1.0.sequential.all.each.global.pleiotropy.avg.max
1.000e+02	3.624e-01	3.576e-01	3.655e-01	0.000e+00	0.000e+00	0.000e+00	0.000e+00	0.000e+00	0.000e+00	3.624e-01	3.576e-01	3.655e-01	0.000e+00	0.000e+00	0.000e+00	0.000e+00	0.000e+00	0.000e+00
2.000e+02	3.621e-01	3.582e-01	3.645e-01	1.582e-01	1.488e-01	1.688e-01	1.664e-01	1.576e-01	1.761e-01	3.624e-01	3.600e-01	3.682e-01	1.700e-01	1.582e-01	1.788e-01	1.627e-01	1.564e-01	1.706e-01
3.000e+02	3.630e-01	3.600e-01	3.676e-01	2.264e-01	2.055e-01	2.358e-01	2.285e-01	2.094e-01	2.403e-01	3.655e-01	3.594e-01	3.694e-01	2.297e-01	2.200e-01	2.376e-01	2.212e-01	2.139e-01	2.415e-01
4.000e+02	3.624e-01	3.603e-01	3.694e-01	2.521e-01	2.421e-01	2.639e-01	2.627e-01	2.382e-01	2.718e-01	3.664e-01	3.597e-01	3.688e-01	2.594e-01	2.470e-01	2.682e-01	2.588e-01	2.488e-01	2.715e-01
5.000e+02	3.639e-01	3.591e-01	3.673e-01	2.745e-01	2.636e-01	2.824e-01	2.755e-01	2.597e-01	2.864e-01	3.655e-01	3.594e-01	3.679e-01	2.752e-01	2.700e-01	2.842e-01	2.770e-01	2.658e-01	2.870e-01
6.000e+02	3.636e-01	3.594e-01	3.664e-01	2.852e-01	2.800e-01	2.964e-01	2.909e-01	2.733e-01	3.003e-01	3.658e-01	3.606e-01	3.688e-01	2.879e-01	2.830e-01	2.988e-01	2.879e-01	2.779e-01	2.973e-01
7.000e+02	3.639e-01	3.597e-01	3.682e-01	2.961e-01	2.873e-01	3.009e-01	2.991e-01	2.855e-01	3.091e-01	3.661e-01	3.615e-01	3.688e-01	2.979e-01	2.891e-01	3.079e-01	2.973e-01	2.897e-01	3.088e-01
8.000e+02	3.652e-01	3.603e-01	3.703e-01	3.036e-01	2.952e-01	3.112e-01	3.061e-01	2.927e-01	3.164e-01	3.655e-01	3.597e-01	3.685e-01	3.073e-01	2.970e-01	3.164e-01	3.100e-01	2.967e-01	3.158e-01
9.000e+02	3.633e-01	3.597e-01	3.688e-01	3.106e-01	2.991e-01	3.191e-01	3.073e-01	3.018e-01	3.224e-01	3.664e-01	3.633e-01	3.697e-01	3.161e-01	3.018e-01	3.209e-01	3.112e-01	3.018e-01	3.191e-01
1.000e+03	3.630e-01	3.606e-01	3.664e-01	3.148e-01	3.042e-01	3.258e-01	3.179e-01	3.027e-01	3.255e-01	3.648e-01	3.624e-01	3.694e-01	3.191e-01	3.055e-01	3.236e-01	3.148e-01	3.070e-01	3.197e-01
1.100e+03	3.645e-01	3.582e-01	3.664e-01	3.194e-01	3.100e-01	3.294e-01	3.245e-01	3.082e-01	3.312e-01	3.642e-01	3.612e-01	3.685e-01	3.252e-01	3.045e-01	3.333e-01	3.188e-01	3.118e-01	3.288e-01
1.200e+03	3.633e-01	3.600e-01	3.667e-01	3.239e-01	3.145e-01	3.339e-01	3.279e-01	3.133e-01	3.342e-01	3.648e-01	3.615e-01	3.685e-01	3.282e-01	3.121e-01	3.394e-01	3.215e-01	3.155e-01	3.285e-01
1.300e+03	3.627e-01	3.585e-01	3.676e-01	3.300e-01	3.161e-01	3.379e-01	3.300e-01	3.148e-01	3.394e-01	3.658e-01	3.621e-01	3.673e-01	3.309e-01	3.191e-01	3.418e-01	3.242e-01	3.173e-01	3.336e-01
1.400e+03	3.639e-01	3.594e-01	3.670e-01	3.318e-01	3.167e-01	3.379e-01	3.327e-01	3.170e-01	3.415e-01	3.661e-01	3.609e-01	3.682e-01	3.348e-01	3.197e-01	3.427e-01	3.276e-01	3.218e-01	3.345e-01
1.500e+03	3.636e-01	3.603e-01	3.679e-01	3.358e-01	3.209e-01	3.415e-01	3.327e-01	3.173e-01	3.403e-01	3.652e-01	3.612e-01	3.685e-01	3.376e-01	3.255e-01	3.470e-01	3.306e-01	3.248e-01	3.382e-01
1.600e+03	3.642e-01	3.591e-01	3.685e-01	3.370e-01	3.297e-01	3.433e-01	3.367e-01	3.164e-01	3.436e-01	3.658e-01	3.606e-01	3.685e-01	3.406e-01	3.261e-01	3.476e-01	3.324e-01	3.264e-01	3.385e-01
1.700e+03	3.652e-01	3.588e-01	3.685e-01	3.379e-01	3.324e-01	3.470e-01	3.397e-01	3.191e-01	3.455e-01	3.645e-01	3.612e-01	3.679e-01	3.391e-01	3.264e-01	3.464e-01	3.352e-01	3.273e-01	3.385e-01
1.800e+03	3.652e-01	3.603e-01	3.706e-01	3.400e-01	3.306e-01	3.458e-01	3.412e-01	3.218e-01	3.476e-01	3.664e-01	3.594e-01	3.676e-01	3.415e-01	3.303e-01	3.464e-01	3.342e-01	3.285e-01	3.394e-01
1.900e+03	3.658e-01	3.594e-01	3.709e-01	3.427e-01	3.321e-01	3.464e-01	3.412e-01	3.221e-01	3.476e-01	3.655e-01	3.582e-01	3.682e-01	3.406e-01	3.315e-01	3.485e-01	3.361e-01	3.300e-01	3.458e-01
2.000e+03	3.661e-01	3.606e-01	3.697e-01	3.433e-01	3.355e-01	3.491e-01	3.409e-01	3.255e-01	3.497e-01	3.667e-01	3.603e-01	3.682e-01	3.406e-01	3.358e-01	3.488e-01	3.379e-01	3.300e-01	3.464e-01
2.100e+03	3.667e-01	3.597e-01	3.691e-01	3.455e-01	3.385e-01	3.500e-01	3.442e-01	3.285e-01	3.515e-01	3.664e-01	3.615e-01	3.685e-01	3.394e-01	3.364e-01	3.542e-01	3.388e-01	3.352e-01	3.485e-01
2.200e+03	3.658e-01	3.603e-01	3.715e-01	3.482e-01	3.382e-01	3.515e-01	3.455e-01	3.276e-01	3.536e-01	3.670e-01	3.600e-01	3.688e-01	3.436e-01	3.321e-01	3.491e-01	3.409e-01	3.339e-01	3.500e-01
2.300e+03	3.655e-01	3.627e-01	3.715e-01	3.482e-01	3.421e-01	3.548e-01	3.461e-01	3.279e-01	3.561e-01	3.661e-01	3.585e-01	3.700e-01	3.455e-01	3.348e-01	3.515e-01	3.436e-01	3.352e-01	3.500e-01
2.400e+03	3.652e-01	3.618e-01	3.730e-01	3.479e-01	3.421e-01	3.552e-01	3.467e-01	3.327e-01	3.570e-01	3.655e-01	3.579e-01	3.700e-01	3.448e-01	3.342e-01	3.542e-01	3.473e-01	3.364e-01	3.494e-01
2.500e+03	3.655e-01	3.621e-01	3.752e-01	3.509e-01	3.445e-01	3.588e-01	3.506e-01	3.333e-01	3.588e-01	3.655e-01	3.591e-01	3.700e-01	3.458e-01	3.348e-01	3.573e-01	3.464e-01	3.361e-01	3.494e-01
2.600e+03	3.664e-01	3.621e-01	3.755e-01	3.527e-01	3.445e-01	3.588e-01	3.512e-01	3.352e-01	3.588e-01	3.661e-01	3.600e-01	3.700e-01	3.494e-01	3.382e-01	3.573e-01	3.464e-01	3.382e-01	3.503e-01
2.700e+03	3.676e-01	3.618e-01	3.782e-01	3.518e-01	3.470e-01	3.609e-01	3.521e-01	3.379e-01	3.582e-01	3.655e-01	3.597e-01	3.694e-01	3.503e-01	3.400e-01	3.585e-01	3.461e-01	3.385e-01	3.527e-01
2.800e+03	3.682e-01	3.621e-01	3.788e-01	3.539e-01	3.455e-01	3.591e-01	3.515e-01	3.388e-01	3.624e-01	3.661e-01	3.588e-01	3.694e-01	3.512e-01	3.409e-01	3.579e-01	3.464e-01	3.388e-01	3.533e-01
2.900e+03	3.682e-01	3.615e-01	3.791e-01	3.542e-01	3.458e-01	3.594e-01	3.503e-01	3.388e-01	3.621e-01	3.648e-01	3.588e-01	3.685e-01	3.506e-01	3.412e-01	3.576e-01	3.470e-01	3.397e-01	3.536e-01
3.000e+03	3.697e-01	3.603e-01	3.785e-01	3.555e-01	3.485e-01	3.606e-01	3.542e-01	3.394e-01	3.624e-01	3.655e-01	3.594e-01	3.691e-01	3.515e-01	3.424e-01	3.588e-01	3.461e-01	3.379e-01	3.533e-01
3.100e+03	3.691e-01	3.597e-01	3.788e-01	3.567e-01	3.497e-01	3.609e-01	3.545e-01	3.403e-01	3.667e-01	3.667e-01	3.609e-01	3.694e-01	3.555e-01	3.427e-01	3.579e-01	3.467e-01	3.421e-01	3.545e-01
3.200e+03	3.697e-01	3.588e-01	3.779e-01	3.564e-01	3.503e-01	3.609e-01	3.539e-01	3.406e-01	3.661e-01	3.652e-01	3.603e-01	3.709e-01	3.561e-01	3.418e-01	3.597e-01	3.470e-01	3.409e-01	3.539e-01
3.300e+03	3.697e-01	3.591e-01	3.791e-01	3.570e-01	3.509e-01	3.624e-01	3.561e-01	3.409e-01	3.664e-01	3.658e-01	3.606e-01	3.703e-01	3.558e-01	3.439e-01	3.603e-01	3.473e-01	3.397e-01	3.536e-01
3.400e+03	3.700e-01	3.588e-01	3.794e-01	3.573e-01	3.518e-01	3.633e-01	3.570e-01	3.406e-01	3.642e-01	3.664e-01	3.609e-01	3.703e-01	3.558e-01	3.445e-01	3.615e-01	3.476e-01	3.427e-01	3.533e-01
3.500e+03	3.697e-01	3.603e-01	3.794e-01	3.600e-01	3.527e-01	3.661e-01	3.579e-01	3.452e-01	3.639e-01	3.652e-01	3.609e-01	3.700e-01	3.561e-01	3.458e-01	3.615e-01	3.491e-01	3.436e-01	3.561e-01
3.600e+03	3.694e-01	3.600e-01	3.794e-01	3.597e-01	3.545e-01	3.679e-01	3.582e-01	3.470e-01	3.639e-01	3.658e-01	3.603e-01	3.709e-01	3.564e-01	3.448e-01	3.621e-01	3.497e-01	3.421e-01	3.561e-01
3.700e+03	3.703e-01	3.600e-01	3.788e-01	3.606e-01	3.555e-01	3.679e-01	3.585e-01	3.448e-01	3.682e-01	3.648e-01	3.609e-01	3.703e-01	3.555e-01	3.467e-01	3.612e-01	3.500e-01	3.424e-01	3.594e-01
3.800e+03	3.700e-01	3.600e-01	3.800e-01	3.621e-01	3.564e-01	3.700e-01	3.597e-01	3.442e-01	3.682e-01	3.642e-01	3.606e-01	3.703e-01	3.555e-01	3.476e-01	3.618e-01	3.521e-01	3.433e-01	3.597e-01
3.900e+03	3.706e-01	3.597e-01	3.815e-01	3.627e-01	3.570e-01	3.700e-01	3.606e-01	3.458e-01	3.688e-01	3.652e-01	3.603e-01	3.694e-01	3.573e-01	3.470e-01	3.630e-01	3.527e-01	3.455e-01	3.591e-01
4.000e+03	3.700e-01	3.594e-01	3.809e-01	3.633e-01	3.573e-01	3.694e-01	3.624e-01	3.461e-01	3.685e-01	3.652e-01	3.612e-01	3.700e-01	3.582e-01	3.470e-01	3.639e-01	3.521e-01	3.433e-01	3.579e-01
4.100e+03	3.700e-01	3.618e-01	3.821e-01	3.636e-01	3.567e-01	3.697e-01	3.630e-01	3.467e-01	3.694e-01	3.661e-01	3.612e-01	3.700e-01	3.579e-01	3.473e-01	3.642e-01	3.521e-01	3.433e-01	3.588e-01
4.200e+03	3.700e-01	3.615e-01	3.827e-01	3.648e-01	3.579e-01	3.700e-01	3.639e-01	3.467e-01	3.697e-01	3.661e-01	3.615e-01	3.697e-01	3.591e-01	3.473e-01	3.630e-01	3.518e-01	3.467e-01	3.585e-01
4.300e+03	3.700e-01	3.603e-01	3.821e-01	3.661e-01	3.576e-01	3.715e-01	3.648e-01	3.497e-01	3.688e-01	3.655e-01	3.612e-01	3.697e-01	3.576e-01	3.467e-01	3.652e-01	3.548e-01	3.458e-01	3.579e-01
4.400e+03	3.733e-01	3.600e-01	3.836e-01	3.661e-01	3.564e-01	3.712e-01	3.652e-01	3.506e-01	3.685e-01	3.658e-01	3.606e-01	3.697e-01	3.576e-01	3.464e-01	3.630e-01	3.564e-01	3.464e-01	3.591e-01
4.500e+03	3.727e-01	3.621e-01	3.824e-01	3.685e-01	3.564e-01	3.718e-01	3.655e-01	3.509e-01	3.697e-01	3.658e-01	3.606e-01	3.694e-01	3.573e-01	3.479e-01	3.633e-01	3.558e-01	3.452e-01	3.588e-01
4.600e+03	3.733e-01	3.627e-01	3.839e-01	3.679e-01	3.558e-01	3.724e-01	3.645e-01	3.506e-01	3.694e-01	3.648e-01	3.615e-01	3.691e-01	3.558e-01	3.473e-01	3.645e-01	3.555e-01	3.458e-01	3.576e-01
4.700e+03	3.721e-01	3.615e-01	3.858e-01	3.682e-01	3.576e-01	3.727e-01	3.645e-01	3.524e-01	3.721e-01	3.652e-01	3.609e-01	3.691e-01	3.570e-01	3.470e-01	3.642e-01	3.555e-01	3.452e-01	3.576e-01
4.800e+03	3.715e-01	3.612e-01	3.879e-01	3.673e-01	3.573e-01	3.721e-01	3.648e-01	3.521e-01	3.739e-01	3.652e-01	3.609e-01	3.691e-01	3.564e-01	3.467e-01	3.645e-01	3.561e-01	3.461e-01	3.579e-01
4.900e+03	3.715e-01	3.615e-01	3.873e-01	3.679e-01	3.579e-01	3.733e-01	3.664e-01	3.521e-01	3.736e-01	3.652e-01	3.609e-01	3.691e-01	3.567e-01	3.464e-01	3.642e-01	3.561e-01	3.452e-01	3.579e-01
5.000e+03	3.724e-01	3.615e-01	3.873e-01	3.679e-01	3.579e-01	3.733e-01	3.661e-01	3.536e-01	3.730e-01	3.652e-01	3.612e-01	3.697e-01	3.567e-01	3.470e-01	3.648e-01	3.564e-01	3.448e-01	3.582e-01
5.100e+03	3.721e-01	3.609e-01	3.867e-01	3.679e-01	3.579e-01	3.758e-01	3.648e-01	3.555e-01	3.748e-01	3.652e-01	3.609e-01	3.706e-01	3.582e-01	3.482e-01	3.652e-01	3.555e-01	3.455e-01	3.591e-01
5.200e+03	3.721e-01	3.615e-01	3.867e-01	3.682e-01	3.579e-01	3.764e-01	3.648e-01	3.542e-01	3.764e-01	3.645e-01	3.606e-01	3.700e-01	3.591e-01	3.485e-01	3.655e-01	3.567e-01	3.458e-01	3.591e-01
5.300e+03	3.709e-01	3.615e-01	3.885e-01	3.685e-01	3.588e-01	3.755e-01	3.645e-01	3.527e-01	3.748e-01	3.648e-01	3.603e-01	3.706e-01	3.594e-01	3.500e-01	3.652e-01	3.564e-01	3.470e-01	3.594e-01
5.400e+03	3.712e-01	3.609e-01	3.885e-01	3.691e-01	3.579e-01	3.752e-01	3.645e-01	3.542e-01	3.739e-01	3.652e-01	3.609e-01	3.697e-01	3.588e-01	3.500e-01	3.658e-01	3.564e-01	3.476e-01	3.591e-01
5.500e+03	3.715e-01	3.606e-01	3.876e-01	3.691e-01	3.579e-01	3.758e-01	3.636e-01	3.567e-01	3.745e-01	3.652e-01	3.606e-01	3.703e-01	3.588e-01	3.515e-01	3.661e-01	3.567e-01	3.470e-01	3.615e-01
5.600e+03	3.709e-01	3.615e-01	3.867e-01	3.688e-01	3.579e-01	3.770e-01	3.636e-01	3.533e-01	3.748e-01	3.658e-01	3.600e-01	3.706e-01	3.591e-01	3.527e-01	3.658e-01	3.567e-01	3.467e-01	3.615e-01
5.700e+03	3.709e-01	3.621e-01	3.870e-01	3.703e-01	3.585e-01	3.773e-01	3.645e-01	3.539e-01	3.764e-01	3.664e-01	3.603e-01	3.700e-01	3.603e-01	3.527e-01	3.655e-01	3.567e-01	3.458e-01	3.603e-01
5.800e+03	3.715e-01	3.624e-01	3.870e-01	3.709e-01	3.585e-01	3.773e-01	3.664e-01	3.548e-01	3.761e-01	3.661e-01	3.606e-01	3.697e-01	3.603e-01	3.536e-01	3.652e-01	3.561e-01	3.464e-01	3.597e-01
5.900e+03	3.712e-01	3.618e-01	3.885e-01	3.712e-01	3.576e-01	3.773e-01	3.670e-01	3.555e-01	3.767e-01	3.667e-01	3.609e-01	3.703e-01	3.597e-01	3.542e-01	3.645e-01	3.558e-01	3.491e-01	3.606e-01
6.000e+03	3.703e-01	3.630e-01	3.870e-01	3.721e-01	3.573e-01	3.779e-01	3.676e-01	3.548e-01	3.776e-01	3.664e-01	3.606e-01	3.697e-01	3.597e-01	3.536e-01	3.642e-01	3.561e-01	3.491e-01	3.618e-01
6.100e+03	3.694e-01	3.618e-01	3.873e-01	3.712e-01	3.579e-01	3.776e-01	3.670e-01	3.567e-01	3.785e-01	3.664e-01	3.606e-01	3.694e-01	3.585e-01	3.548e-01	3.642e-01	3.564e-01	3.497e-01	3.615e-01
6.200e+03	3.703e-01	3.612e-01	3.870e-01	3.712e-01	3.582e-01	3.773e-01	3.670e-01	3.567e-01	3.788e-01	3.673e-01	3.609e-01	3.703e-01	3.597e-01	3.555e-01	3.639e-01	3.564e-01	3.497e-01	3.621e-01
6.300e+03	3.703e-01	3.603e-01	3.873e-01	3.712e-01	3.582e-01	3.788e-01	3.661e-01	3.564e-01	3.788e-01	3.667e-01	3.600e-01	3.694e-01	3.603e-01	3.552e-01	3.636e-01	3.564e-01	3.482e-01	3.621e-01
6.400e+03	3.709e-01	3.603e-01	3.891e-01	3.721e-01	3.579e-01	3.788e-01	3.694e-01	3.558e-01	3.785e-01	3.664e-01	3.600e-01	3.694e-01	3.603e-01	3.539e-01	3.648e-01	3.573e-01	3.491e-01	3.624e-01
6.500e+03	3.715e-01	3.597e-01	3.879e-01	3.730e-01	3.591e-01	3.788e-01	3.694e-01	3.561e-01	3.785e-01	3.661e-01	3.615e-01	3.700e-01	3.606e-01	3.539e-01	3.639e-01	3.570e-01	3.476e-01	3.615e-01
6.600e+03	3.718e-01	3.603e-01	3.882e-01	3.739e-01	3.591e-01	3.803e-01	3.694e-01	3.561e-01	3.803e-01	3.664e-01	3.618e-01	3.697e-01	3.612e-01	3.570e-01	3.636e-01	3.582e-01	3.476e-01	3.624e-01
6.700e+03	3.715e-01	3.600e-01	3.882e-01	3.724e-01	3.594e-01	3.809e-01	3.694e-01	3.561e-01	3.806e-01	3.652e-01	3.618e-01	3.694e-01	3.612e-01	3.573e-01	3.645e-01	3.579e-01	3.479e-01	3.636e-01
6.800e+03	3.715e-01	3.606e-01	3.909e-01	3.730e-01	3.612e-01	3.812e-01	3.694e-01	3.558e-01	3.815e-01	3.661e-01	3.615e-01	3.694e-01	3.615e-01	3.570e-01	3.645e-01	3.579e-01	3.500e-01	3.636e-01
6.900e+03	3.712e-01	3.600e-01	3.897e-01	3.730e-01	3.603e-01	3.839e-01	3.694e-01	3.558e-01	3.812e-01	3.664e-01	3.624e-01	3.688e-01	3.615e-01	3.555e-01	3.642e-01	3.579e-01	3.485e-01	3.642e-01
7.000e+03	3.724e-01	3.600e-01	3.897e-01	3.752e-01	3.600e-01	3.836e-01	3.709e-01	3.548e-01	3.821e-01	3.661e-01	3.630e-01	3.691e-01	3.612e-01	3.561e-01	3.652e-01	3.591e-01	3.485e-01	3.645e-01
7.100e+03	3.730e-01	3.606e-01	3.894e-01	3.736e-01	3.600e-01	3.833e-01	3.706e-01	3.558e-01	3.815e-01	3.670e-01	3.630e-01	3.688e-01	3.615e-01	3.552e-01	3.658e-01	3.591e-01	3.503e-01	3.639e-01
7.200e+03	3.727e-01	3.591e-01	3.885e-01	3.752e-01	3.591e-01	3.842e-01	3.709e-01	3.558e-01	3.815e-01	3.661e-01	3.627e-01	3.685e-01	3.621e-01	3.570e-01	3.676e-01	3.594e-01	3.503e-01	3.652e-01
7.300e+03	3.724e-01	3.591e-01	3.885e-01	3.752e-01	3.585e-01	3.842e-01	3.703e-01	3.579e-01	3.836e-01	3.667e-01	3.627e-01	3.688e-01	3.624e-01	3.567e-01	3.673e-01	3.603e-01	3.503e-01	3.652e-01
7.400e+03	3.709e-01	3.594e-01	3.888e-01	3.755e-01	3.585e-01	3.852e-01	3.700e-01	3.570e-01	3.812e-01	3.658e-01	3.624e-01	3.688e-01	3.630e-01	3.567e-01	3.670e-01	3.609e-01	3.503e-01	3.648e-01
7.500e+03	3.718e-01	3.609e-01	3.888e-01	3.758e-01	3.591e-01	3.855e-01	3.706e-01	3.558e-01	3.821e-01	3.658e-01	3.618e-01	3.688e-01	3.627e-01	3.567e-01	3.670e-01	3.600e-01	3.515e-01	3.648e-01
7.600e+03	3.724e-01	3.609e-01	3.897e-01	3.767e-01	3.597e-01	3.855e-01	3.709e-01	3.558e-01	3.821e-01	3.652e-01	3.615e-01	3.688e-01	3.627e-01	3.567e-01	3.670e-01	3.591e-01	3.521e-01	3.655e-01
7.700e+03	3.730e-01	3.600e-01	3.903e-01	3.767e-01	3.597e-01	3.858e-01	3.709e-01	3.582e-01	3.839e-01	3.658e-01	3.606e-01	3.694e-01	3.630e-01	3.558e-01	3.670e-01	3.594e-01	3.527e-01	3.667e-01
7.800e+03	3.733e-01	3.618e-01	3.906e-01	3.767e-01	3.594e-01	3.870e-01	3.718e-01	3.570e-01	3.836e-01	3.648e-01	3.609e-01	3.691e-01	3.624e-01	3.558e-01	3.670e-01	3.588e-01	3.518e-01	3.676e-01
7.900e+03	3.745e-01	3.609e-01	3.906e-01	3.773e-01	3.588e-01	3.876e-01	3.712e-01	3.576e-01	3.833e-01	3.648e-01	3.606e-01	3.694e-01	3.627e-01	3.564e-01	3.670e-01	3.588e-01	3.518e-01	3.685e-01
8.000e+03	3.745e-01	3.618e-01	3.906e-01	3.773e-01	3.588e-01	3.867e-01	3.709e-01	3.567e-01	3.836e-01	3.648e-01	3.606e-01	3.694e-01	3.633e-01	3.545e-01	3.667e-01	3.588e-01	3.518e-01	3.679e-01
8.100e+03	3.752e-01	3.618e-01	3.906e-01	3.776e-01	3.594e-01	3.867e-01	3.715e-01	3.573e-01	3.827e-01	3.645e-01	3.606e-01	3.703e-01	3.624e-01	3.570e-01	3.673e-01	3.588e-01	3.518e-01	3.679e-01
8.200e+03	3.755e-01	3.618e-01	3.906e-01	3.776e-01	3.597e-01	3.867e-01	3.715e-01	3.567e-01	3.833e-01	3.652e-01	3.606e-01	3.697e-01	3.624e-01	3.567e-01	3.673e-01	3.603e-01	3.521e-01	3.682e-01
8.300e+03	3.761e-01	3.609e-01	3.897e-01	3.782e-01	3.615e-01	3.867e-01	3.718e-01	3.558e-01	3.833e-01	3.652e-01	3.606e-01	3.688e-01	3.627e-01	3.567e-01	3.676e-01	3.606e-01	3.524e-01	3.682e-01
8.400e+03	3.761e-01	3.630e-01	3.912e-01	3.788e-01	3.627e-01	3.879e-01	3.721e-01	3.576e-01	3.821e-01	3.655e-01	3.615e-01	3.694e-01	3.624e-01	3.579e-01	3.655e-01	3.597e-01	3.527e-01	3.679e-01
8.500e+03	3.758e-01	3.633e-01	3.894e-01	3.779e-01	3.627e-01	3.888e-01	3.721e-01	3.570e-01	3.833e-01	3.658e-01	3.609e-01	3.694e-01	3.627e-01	3.567e-01	3.661e-01	3.600e-01	3.518e-01	3.697e-01
8.600e+03	3.758e-01	3.636e-01	3.879e-01	3.797e-01	3.624e-01	3.927e-01	3.733e-01	3.567e-01	3.848e-01	3.658e-01	3.624e-01	3.700e-01	3.627e-01	3.567e-01	3.664e-01	3.603e-01	3.518e-01	3.682e-01
8.700e+03	3.755e-01	3.621e-01	3.900e-01	3.797e-01	3.618e-01	3.927e-01	3.730e-01	3.585e-01	3.852e-01	3.664e-01	3.621e-01	3.697e-01	3.627e-01	3.567e-01	3.670e-01	3.603e-01	3.530e-01	3.676e-01
8.800e+03	3.767e-01	3.627e-01	3.900e-01	3.806e-01	3.630e-01	3.927e-01	3.730e-01	3.600e-01	3.879e-01	3.658e-01	3.615e-01	3.706e-01	3.624e-01	3.567e-01	3.670e-01	3.603e-01	3.527e-01	3.676e-01
8.900e+03	3.764e-01	3.639e-01	3.888e-01	3.818e-01	3.652e-01	3.939e-01	3.733e-01	3.603e-01	3.879e-01	3.658e-01	3.615e-01	3.706e-01	3.624e-01	3.576e-01	3.673e-01	3.612e-01	3.527e-01	3.688e-01
9.000e+03	3.767e-01	3.627e-01	3.888e-01	3.818e-01	3.655e-01	3.952e-01	3.739e-01	3.603e-01	3.876e-01	3.658e-01	3.612e-01	3.706e-01	3.627e-01	3.576e-01	3.676e-01	3.615e-01	3.533e-01	3.688e-01
9.100e+03	3.764e-01	3.633e-01	3.885e-01	3.818e-01	3.652e-01	3.936e-01	3.739e-01	3.597e-01	3.885e-01	3.658e-01	3.618e-01	3.706e-01	3.624e-01	3.561e-01	3.673e-01	3.621e-01	3.533e-01	3.673e-01
9.200e+03	3.767e-01	3.658e-01	3.885e-01	3.821e-01	3.670e-01	3.936e-01	3.745e-01	3.597e-01	3.876e-01	3.661e-01	3.618e-01	3.706e-01	3.627e-01	3.561e-01	3.679e-01	3.615e-01	3.545e-01	3.676e-01
9.300e+03	3.773e-01	3.658e-01	3.879e-01	3.830e-01	3.676e-01	3.930e-01	3.748e-01	3.600e-01	3.879e-01	3.670e-01	3.615e-01	3.715e-01	3.627e-01	3.561e-01	3.679e-01	3.615e-01	3.545e-01	3.682e-01
9.400e+03	3.788e-01	3.661e-01	3.873e-01	3.836e-01	3.676e-01	3.930e-01	3.736e-01	3.615e-01	3.885e-01	3.664e-01	3.615e-01	3.715e-01	3.630e-01	3.570e-01	3.682e-01	3.615e-01	3.545e-01	3.688e-01
9.500e+03	3.788e-01	3.670e-01	3.888e-01	3.827e-01	3.673e-01	3.930e-01	3.739e-01	3.618e-01	3.888e-01	3.670e-01	3.612e-01	3.715e-01	3.624e-01	3.582e-01	3.679e-01	3.615e-01	3.545e-01	3.679e-01
9.600e+03	3.782e-01	3.655e-01	3.900e-01	3.821e-01	3.673e-01	3.955e-01	3.748e-01	3.615e-01	3.900e-01	3.664e-01	3.621e-01	3.721e-01	3.630e-01	3.570e-01	3.682e-01	3.621e-01	3.545e-01	3.679e-01
9.700e+03	3.800e-01	3.667e-01	3.891e-01	3.824e-01	3.661e-01	3.945e-01	3.727e-01	3.615e-01	3.900e-01	3.658e-01	3.615e-01	3.721e-01	3.627e-01	3.564e-01	3.688e-01	3.621e-01	3.545e-01	3.682e-01
9.800e+03	3.800e-01	3.679e-01	3.909e-01	3.830e-01	3.661e-01	3.952e-01	3.733e-01	3.621e-01	3.897e-01	3.658e-01	3.615e-01	3.727e-01	3.639e-01	3.567e-01	3.691e-01	3.615e-01	3.548e-01	3.682e-01
9.900e+03	3.806e-01	3.682e-01	3.906e-01	3.830e-01	3.658e-01	3.945e-01	3.761e-01	3.621e-01	3.897e-01	3.661e-01	3.621e-01	3.727e-01	3.642e-01	3.567e-01	3.682e-01	3.615e-01	3.542e-01	3.685e-01
1.000e+04	3.791e-01	3.682e-01	3.906e-01	3.836e-01	3.648e-01	3.936e-01	3.761e-01	3.630e-01	3.897e-01	3.673e-01	3.621e-01	3.727e-01	3.633e-01	3.558e-01	3.685e-01	3.615e-01	3.552e-01	3.691e-01
1.010e+04	3.803e-01	3.691e-01	3.906e-01	3.839e-01	3.648e-01	3.952e-01	3.767e-01	3.633e-01	3.906e-01	3.694e-01	3.618e-01	3.733e-01	3.633e-01	3.558e-01	3.700e-01	3.603e-01	3.548e-01	3.691e-01
1.020e+04	3.812e-01	3.667e-01	3.903e-01	3.858e-01	3.648e-01	3.952e-01	3.764e-01	3.633e-01	3.906e-01	3.688e-01	3.612e-01	3.730e-01	3.633e-01	3.567e-01	3.697e-01	3.603e-01	3.545e-01	3.691e-01
1.030e+04	3.812e-01	3.661e-01	3.900e-01	3.861e-01	3.645e-01	3.961e-01	3.779e-01	3.630e-01	3.933e-01	3.688e-01	3.621e-01	3.721e-01	3.633e-01	3.567e-01	3.697e-01	3.606e-01	3.545e-01	3.685e-01
1.040e+04	3.818e-01	3.667e-01	3.903e-01	3.861e-01	3.645e-01	3.961e-01	3.770e-01	3.633e-01	3.939e-01	3.688e-01	3.618e-01	3.718e-01	3.636e-01	3.561e-01	3.694e-01	3.609e-01	3.548e-01	3.691e-01
1.050e+04	3.818e-01	3.670e-01	3.897e-01	3.864e-01	3.645e-01	3.958e-01	3.770e-01	3.636e-01	3.955e-01	3.688e-01	3.618e-01	3.712e-01	3.633e-01	3.561e-01	3.694e-01	3.615e-01	3.552e-01	3.691e-01
1.060e+04	3.818e-01	3.658e-01	3.897e-01	3.867e-01	3.642e-01	3.942e-01	3.773e-01	3.645e-01	3.955e-01	3.688e-01	3.618e-01	3.715e-01	3.633e-01	3.561e-01	3.691e-01	3.618e-01	3.570e-01	3.697e-01
1.070e+04	3.830e-01	3.661e-01	3.897e-01	3.861e-01	3.652e-01	3.955e-01	3.785e-01	3.642e-01	3.942e-01	3.697e-01	3.618e-01	3.730e-01	3.652e-01	3.576e-01	3.691e-01	3.627e-01	3.567e-01	3.694e-01
1.080e+04	3.830e-01	3.661e-01	3.894e-01	3.864e-01	3.658e-01	3.961e-01	3.794e-01	3.633e-01	3.942e-01	3.697e-01	3.618e-01	3.730e-01	3.642e-01	3.576e-01	3.694e-01	3.624e-01	3.564e-01	3.694e-01
1.090e+04	3.827e-01	3.652e-01	3.885e-01	3.867e-01	3.658e-01	3.955e-01	3.794e-01	3.627e-01	3.942e-01	3.694e-01	3.618e-01	3.721e-01	3.639e-01	3.570e-01	3.694e-01	3.621e-01	3.567e-01	3.706e-01
1.100e+04	3.830e-01	3.652e-01	3.891e-01	3.876e-01	3.658e-01	3.952e-01	3.794e-01	3.618e-01	3.942e-01	3.685e-01	3.618e-01	3.718e-01	3.645e-01	3.558e-01	3.703e-01	3.621e-01	3.570e-01	3.712e-01
1.110e+04	3.818e-01	3.652e-01	3.903e-01	3.873e-01	3.655e-01	3.948e-01	3.782e-01	3.609e-01	3.942e-01	3.679e-01	3.618e-01	3.721e-01	3.639e-01	3.558e-01	3.703e-01	3.627e-01	3.570e-01	3.712e-01
1.120e+04	3.818e-01	3.652e-01	3.900e-01	3.879e-01	3.648e-01	3.948e-01	3.800e-01	3.603e-01	3.930e-01	3.676e-01	3.621e-01	3.727e-01	3.639e-01	3.555e-01	3.703e-01	3.627e-01	3.567e-01	3.700e-01
1.130e+04	3.836e-01	3.655e-01	3.900e-01	3.879e-01	3.648e-01	3.945e-01	3.797e-01	3.603e-01	3.927e-01	3.673e-01	3.618e-01	3.727e-01	3.648e-01	3.558e-01	3.694e-01	3.624e-01	3.567e-01	3.700e-01
1.140e+04	3.839e-01	3.655e-01	3.888e-01	3.879e-01	3.658e-01	3.939e-01	3.797e-01	3.606e-01	3.936e-01	3.673e-01	3.621e-01	3.739e-01	3.630e-01	3.561e-01	3.694e-01	3.627e-01	3.567e-01	3.703e-01
1.150e+04	3.824e-01	3.655e-01	3.906e-01	3.873e-01	3.661e-01	3.942e-01	3.803e-01	3.621e-01	3.939e-01	3.673e-01	3.612e-01	3.733e-01	3.627e-01	3.567e-01	3.709e-01	3.624e-01	3.567e-01	3.715e-01
1.160e+04	3.821e-01	3.652e-01	3.906e-01	3.873e-01	3.661e-01	3.939e-01	3.803e-01	3.621e-01	3.942e-01	3.673e-01	3.612e-01	3.736e-01	3.636e-01	3.567e-01	3.703e-01	3.609e-01	3.567e-01	3.715e-01
1.170e+04	3.830e-01	3.652e-01	3.906e-01	3.873e-01	3.661e-01	3.955e-01	3.806e-01	3.627e-01	3.942e-01	3.673e-01	3.615e-01	3.742e-01	3.633e-01	3.567e-01	3.706e-01	3.615e-01	3.567e-01	3.715e-01
1.180e+04	3.815e-01	3.652e-01	3.906e-01	3.879e-01	3.661e-01	3.964e-01	3.803e-01	3.627e-01	3.945e-01	3.676e-01	3.609e-01	3.733e-01	3.633e-01	3.567e-01	3.706e-01	3.621e-01	3.573e-01	3.715e-01
1.190e+04	3.806e-01	3.655e-01	3.903e-01	3.885e-01	3.655e-01	3.985e-01	3.803e-01	3.627e-01	3.958e-01	3.673e-01	3.618e-01	3.733e-01	3.633e-01	3.567e-01	3.709e-01	3.615e-01	3.567e-01	3.715e-01
1.200e+04	3.824e-01	3.661e-01	3.903e-01	3.888e-01	3.652e-01	3.985e-01	3.803e-01	3.633e-01	3.961e-01	3.673e-01	3.618e-01	3.739e-01	3.630e-01	3.567e-01	3.706e-01	3.621e-01	3.567e-01	3.706e-01
1.210e+04	3.824e-01	3.652e-01	3.903e-01	3.885e-01	3.661e-01	3.964e-01	3.806e-01	3.639e-01	3.967e-01	3.670e-01	3.618e-01	3.730e-01	3.642e-01	3.567e-01	3.706e-01	3.621e-01	3.570e-01	3.709e-01
1.220e+04	3.821e-01	3.655e-01	3.900e-01	3.885e-01	3.658e-01	3.964e-01	3.806e-01	3.624e-01	3.967e-01	3.667e-01	3.618e-01	3.730e-01	3.642e-01	3.573e-01	3.700e-01	3.621e-01	3.573e-01	3.709e-01
1.230e+04	3.821e-01	3.658e-01	3.900e-01	3.879e-01	3.700e-01	3.970e-01	3.815e-01	3.624e-01	3.985e-01	3.670e-01	3.618e-01	3.730e-01	3.645e-01	3.579e-01	3.700e-01	3.624e-01	3.573e-01	3.712e-01
1.240e+04	3.809e-01	3.636e-01	3.900e-01	3.873e-01	3.700e-01	3.973e-01	3.815e-01	3.633e-01	3.985e-01	3.673e-01	3.615e-01	3.724e-01	3.645e-01	3.579e-01	3.694e-01	3.627e-01	3.585e-01	3.721e-01
1.250e+04	3.812e-01	3.636e-01	3.906e-01	3.873e-01	3.694e-01	3.979e-01	3.815e-01	3.630e-01	3.991e-01	3.673e-01	3.618e-01	3.724e-01	3.645e-01	3.576e-01	3.691e-01	3.618e-01	3.585e-01	3.709e-01
1.260e+04	3.800e-01	3.636e-01	3.924e-01	3.870e-01	3.691e-01	3.979e-01	3.815e-01	3.621e-01	3.985e-01	3.670e-01	3.609e-01	3.724e-01	3.636e-01	3.561e-01	3.691e-01	3.618e-01	3.579e-01	3.709e-01
1.270e+04	3.812e-01	3.636e-01	3.924e-01	3.861e-01	3.691e-01	3.982e-01	3.818e-01	3.627e-01	3.985e-01	3.673e-01	3.612e-01	3.715e-01	3.636e-01	3.555e-01	3.694e-01	3.633e-01	3.579e-01	3.712e-01
1.280e+04	3.815e-01	3.639e-01	3.915e-01	3.870e-01	3.691e-01	3.976e-01	3.818e-01	3.627e-01	3.982e-01	3.673e-01	3.621e-01	3.718e-01	3.642e-01	3.579e-01	3.694e-01	3.636e-01	3.573e-01	3.703e-01
1.290e+04	3.812e-01	3.639e-01	3.915e-01	3.870e-01	3.691e-01	3.973e-01	3.824e-01	3.636e-01	3.982e-01	3.667e-01	3.609e-01	3.718e-01	3.642e-01	3.579e-01	3.685e-01	3.627e-01	3.576e-01	3.697e-01
1.300e+04	3.818e-01	3.642e-01	3.912e-01	3.870e-01	3.694e-01	3.967e-01	3.836e-01	3.658e-01	3.979e-01	3.673e-01	3.609e-01	3.718e-01	3.652e-01	3.558e-01	3.697e-01	3.630e-01	3.576e-01	3.697e-01
1.310e+04	3.824e-01	3.642e-01	3.915e-01	3.870e-01	3.709e-01	3.988e-01	3.836e-01	3.645e-01	3.967e-01	3.670e-01	3.612e-01	3.715e-01	3.652e-01	3.558e-01	3.697e-01	3.630e-01	3.582e-01	3.691e-01
1.320e+04	3.824e-01	3.642e-01	3.915e-01	3.861e-01	3.703e-01	3.997e-01	3.836e-01	3.664e-01	3.961e-01	3.670e-01	3.609e-01	3.724e-01	3.652e-01	3.555e-01	3.706e-01	3.636e-01	3.582e-01	3.706e-01
1.330e+04	3.818e-01	3.645e-01	3.924e-01	3.864e-01	3.691e-01	3.991e-01	3.839e-01	3.655e-01	3.976e-01	3.670e-01	3.615e-01	3.724e-01	3.645e-01	3.552e-01	3.709e-01	3.636e-01	3.594e-01	3.706e-01
1.340e+04	3.818e-01	3.642e-01	3.933e-01	3.867e-01	3.682e-01	4.003e-01	3.830e-01	3.655e-01	3.979e-01	3.670e-01	3.606e-01	3.730e-01	3.648e-01	3.552e-01	3.718e-01	3.636e-01	3.594e-01	3.706e-01
1.350e+04	3.827e-01	3.639e-01	3.936e-01	3.855e-01	3.682e-01	3.988e-01	3.830e-01	3.655e-01	3.979e-01	3.673e-01	3.606e-01	3.736e-01	3.655e-01	3.548e-01	3.718e-01	3.642e-01	3.585e-01	3.706e-01
1.360e+04	3.833e-01	3.648e-01	3.945e-01	3.855e-01	3.676e-01	4.015e-01	3.833e-01	3.664e-01	3.979e-01	3.673e-01	3.609e-01	3.733e-01	3.655e-01	3.564e-01	3.718e-01	3.652e-01	3.579e-01	3.706e-01
1.370e+04	3.821e-01	3.648e-01	3.945e-01	3.855e-01	3.682e-01	4.006e-01	3.836e-01	3.664e-01	3.979e-01	3.673e-01	3.609e-01	3.733e-01	3.658e-01	3.570e-01	3.718e-01	3.652e-01	3.579e-01	3.706e-01
1.380e+04	3.821e-01	3.664e-01	3.945e-01	3.858e-01	3.658e-01	4.006e-01	3.833e-01	3.655e-01	3.982e-01	3.673e-01	3.615e-01	3.730e-01	3.648e-01	3.579e-01	3.718e-01	3.652e-01	3.579e-01	3.709e-01
1.390e+04	3.815e-01	3.667e-01	3.948e-01	3.852e-01	3.658e-01	4.000e-01	3.833e-01	3.655e-01	3.991e-01	3.676e-01	3.618e-01	3.730e-01	3.648e-01	3.579e-01	3.724e-01	3.667e-01	3.579e-01	3.712e-01
1.400e+04	3.821e-01	3.667e-01	3.952e-01	3.858e-01	3.673e-01	4.000e-01	3.836e-01	3.648e-01	3.991e-01	3.676e-01	3.612e-01	3.730e-01	3.648e-01	3.579e-01	3.721e-01	3.673e-01	3.582e-01	3.712e-01
1.410e+04	3.815e-01	3.667e-01	3.952e-01	3.858e-01	3.679e-01	4.021e-01	3.836e-01	3.661e-01	3.991e-01	3.679e-01	3.612e-01	3.727e-01	3.658e-01	3.579e-01	3.718e-01	3.673e-01	3.579e-01	3.718e-01
1.420e+04	3.818e-01	3.652e-01	3.945e-01	3.858e-01	3.688e-01	4.021e-01	3.839e-01	3.661e-01	3.988e-01	3.676e-01	3.603e-01	3.730e-01	3.658e-01	3.576e-01	3.718e-01	3.676e-01	3.588e-01	3.718e-01
1.430e+04	3.827e-01	3.652e-01	3.939e-01	3.861e-01	3.700e-01	4.015e-01	3.845e-01	3.652e-01	3.988e-01	3.676e-01	3.621e-01	3.727e-01	3.658e-01	3.576e-01	3.715e-01	3.676e-01	3.582e-01	3.724e-01
1.440e+04	3.845e-01	3.652e-01	3.939e-01	3.861e-01	3.700e-01	4.012e-01	3.842e-01	3.652e-01	3.982e-01	3.673e-01	3.621e-01	3.739e-01	3.658e-01	3.576e-01	3.715e-01	3.664e-01	3.582e-01	3.727e-01
1.450e+04	3.839e-01	3.636e-01	3.939e-01	3.861e-01	3.703e-01	3.994e-01	3.842e-01	3.661e-01	3.973e-01	3.676e-01	3.621e-01	3.742e-01	3.658e-01	3.579e-01	3.715e-01	3.661e-01	3.582e-01	3.727e-01
1.460e+04	3.833e-01	3.642e-01	3.939e-01	3.864e-01	3.703e-01	3.997e-01	3.839e-01	3.652e-01	3.964e-01	3.670e-01	3.615e-01	3.745e-01	3.658e-01	3.579e-01	3.715e-01	3.661e-01	3.582e-01	3.727e-01
1.470e+04	3.824e-01	3.645e-01	3.942e-01	3.861e-01	3.703e-01	4.000e-01	3.839e-01	3.642e-01	3.964e-01	3.670e-01	3.621e-01	3.745e-01	3.648e-01	3.585e-01	3.715e-01	3.655e-01	3.588e-01	3.706e-01
1.480e+04	3.824e-01	3.658e-01	3.942e-01	3.861e-01	3.703e-01	4.000e-01	3.830e-01	3.642e-01	3.967e-01	3.679e-01	3.621e-01	3.730e-01	3.639e-01	3.570e-01	3.715e-01	3.655e-01	3.588e-01	3.706e-01
1.490e+04	3.833e-01	3.655e-01	3.955e-01	3.861e-01	3.700e-01	4.021e-01	3.845e-01	3.661e-01	3.967e-01	3.679e-01	3.612e-01	3.733e-01	3.639e-01	3.567e-01	3.721e-01	3.655e-01	3.591e-01	3.706e-01
1.500e+04	3.833e-01	3.661e-01	3.945e-01	3.867e-01	3.700e-01	4.003e-01	3.845e-01	3.676e-01	3.970e-01	3.676e-01	3.612e-01	3.733e-01	3.652e-01	3.564e-01	3.721e-01	3.661e-01	3.591e-01	3.706e-01
1.510e+04	3.833e-01	3.661e-01	3.948e-01	3.864e-01	3.700e-01	4.003e-01	3.836e-01	3.685e-01	3.970e-01	3.676e-01	3.612e-01	3.742e-01	3.652e-01	3.570e-01	3.712e-01	3.664e-01	3.600e-01	3.715e-01
1.520e+04	3.833e-01	3.661e-01	3.939e-01	3.867e-01	3.712e-01	4.009e-01	3.827e-01	3.685e-01	3.979e-01	3.676e-01	3.615e-01	3.742e-01	3.648e-01	3.573e-01	3.727e-01	3.667e-01	3.600e-01	3.727e-01
1.530e+04	3.821e-01	3.661e-01	3.955e-01	3.864e-01	3.709e-01	4.009e-01	3.830e-01	3.685e-01	3.985e-01	3.676e-01	3.615e-01	3.742e-01	3.648e-01	3.591e-01	3.733e-01	3.661e-01	3.597e-01	3.721e-01
1.540e+04	3.821e-01	3.655e-01	3.955e-01	3.867e-01	3.709e-01	4.009e-01	3.830e-01	3.685e-01	3.985e-01	3.676e-01	3.615e-01	3.733e-01	3.645e-01	3.591e-01	3.733e-01	3.661e-01	3.591e-01	3.730e-01
1.550e+04	3.815e-01	3.652e-01	3.945e-01	3.867e-01	3.733e-01	4.006e-01	3.830e-01	3.679e-01	3.985e-01	3.676e-01	3.615e-01	3.715e-01	3.645e-01	3.591e-01	3.730e-01	3.661e-01	3.591e-01	3.736e-01
1.560e+04	3.809e-01	3.645e-01	3.945e-01	3.870e-01	3.739e-01	4.006e-01	3.827e-01	3.679e-01	3.985e-01	3.676e-01	3.624e-01	3.730e-01	3.652e-01	3.591e-01	3.724e-01	3.661e-01	3.588e-01	3.736e-01
1.570e+04	3.809e-01	3.639e-01	3.945e-01	3.873e-01	3.745e-01	4.006e-01	3.845e-01	3.679e-01	3.985e-01	3.679e-01	3.621e-01	3.727e-01	3.648e-01	3.591e-01	3.724e-01	3.661e-01	3.588e-01	3.736e-01
1.580e+04	3.821e-01	3.636e-01	3.945e-01	3.873e-01	3.748e-01	4.006e-01	3.842e-01	3.679e-01	3.979e-01	3.685e-01	3.615e-01	3.727e-01	3.648e-01	3.603e-01	3.724e-01	3.661e-01	3.588e-01	3.727e-01
1.590e+04	3.818e-01	3.642e-01	3.958e-01	3.876e-01	3.748e-01	4.027e-01	3.842e-01	3.688e-01	3.979e-01	3.682e-01	3.609e-01	3.718e-01	3.655e-01	3.609e-01	3.736e-01	3.661e-01	3.588e-01	3.733e-01
1.600e+04	3.818e-01	3.642e-01	3.961e-01	3.894e-01	3.755e-01	4.030e-01	3.855e-01	3.688e-01	3.979e-01	3.682e-01	3.615e-01	3.718e-01	3.658e-01	3.609e-01	3.730e-01	3.670e-01	3.588e-01	3.733e-01
1.610e+04	3.815e-01	3.642e-01	3.967e-01	3.894e-01	3.755e-01	4.033e-01	3.842e-01	3.688e-01	3.979e-01	3.682e-01	3.618e-01	3.724e-01	3.658e-01	3.609e-01	3.730e-01	3.670e-01	3.588e-01	3.733e-01
1.620e+04	3.815e-01	3.642e-01	3.961e-01	3.888e-01	3.755e-01	4.027e-01	3.824e-01	3.682e-01	3.976e-01	3.679e-01	3.621e-01	3.724e-01	3.658e-01	3.609e-01	3.730e-01	3.664e-01	3.588e-01	3.730e-01
1.630e+04	3.824e-01	3.642e-01	3.961e-01	3.900e-01	3.764e-01	4.024e-01	3.824e-01	3.682e-01	3.976e-01	3.679e-01	3.615e-01	3.724e-01	3.652e-01	3.603e-01	3.730e-01	3.676e-01	3.579e-01	3.730e-01
1.640e+04	3.821e-01	3.642e-01	3.970e-01	3.900e-01	3.755e-01	4.036e-01	3.824e-01	3.688e-01	3.979e-01	3.685e-01	3.615e-01	3.724e-01	3.652e-01	3.597e-01	3.730e-01	3.673e-01	3.573e-01	3.730e-01
1.650e+04	3.821e-01	3.642e-01	3.973e-01	3.900e-01	3.755e-01	4.039e-01	3.824e-01	3.691e-01	4.000e-01	3.688e-01	3.621e-01	3.739e-01	3.652e-01	3.597e-01	3.736e-01	3.679e-01	3.567e-01	3.736e-01
1.660e+04	3.818e-01	3.642e-01	3.988e-01	3.909e-01	3.761e-01	4.039e-01	3.824e-01	3.700e-01	4.006e-01	3.688e-01	3.624e-01	3.742e-01	3.652e-01	3.597e-01	3.736e-01	3.679e-01	3.573e-01	3.736e-01
1.670e+04	3.818e-01	3.642e-01	3.979e-01	3.912e-01	3.758e-01	4.036e-01	3.833e-01	3.700e-01	4.009e-01	3.688e-01	3.624e-01	3.742e-01	3.658e-01	3.594e-01	3.739e-01	3.676e-01	3.570e-01	3.742e-01
1.680e+04	3.815e-01	3.642e-01	3.988e-01	3.912e-01	3.758e-01	4.039e-01	3.836e-01	3.709e-01	4.024e-01	3.688e-01	3.624e-01	3.748e-01	3.658e-01	3.594e-01	3.739e-01	3.673e-01	3.570e-01	3.742e-01
1.690e+04	3.815e-01	3.639e-01	4.000e-01	3.912e-01	3.758e-01	4.039e-01	3.836e-01	3.709e-01	4.024e-01	3.691e-01	3.621e-01	3.748e-01	3.658e-01	3.603e-01	3.733e-01	3.676e-01	3.570e-01	3.752e-01
1.700e+04	3.815e-01	3.645e-01	4.003e-01	3.906e-01	3.748e-01	4.039e-01	3.836e-01	3.712e-01	4.021e-01	3.691e-01	3.621e-01	3.748e-01	3.658e-01	3.603e-01	3.736e-01	3.682e-01	3.567e-01	3.752e-01
1.710e+04	3.815e-01	3.642e-01	4.003e-01	3.909e-01	3.745e-01	4.039e-01	3.855e-01	3.718e-01	4.024e-01	3.691e-01	3.612e-01	3.758e-01	3.661e-01	3.603e-01	3.733e-01	3.682e-01	3.570e-01	3.742e-01
1.720e+04	3.815e-01	3.642e-01	4.003e-01	3.909e-01	3.745e-01	4.039e-01	3.864e-01	3.727e-01	4.024e-01	3.688e-01	3.621e-01	3.758e-01	3.670e-01	3.594e-01	3.727e-01	3.682e-01	3.564e-01	3.745e-01
1.730e+04	3.815e-01	3.664e-01	4.003e-01	3.903e-01	3.745e-01	4.039e-01	3.864e-01	3.730e-01	4.048e-01	3.694e-01	3.621e-01	3.755e-01	3.670e-01	3.594e-01	3.727e-01	3.682e-01	3.573e-01	3.748e-01
1.740e+04	3.821e-01	3.652e-01	4.015e-01	3.903e-01	3.739e-01	4.039e-01	3.858e-01	3.724e-01	4.048e-01	3.694e-01	3.621e-01	3.755e-01	3.679e-01	3.594e-01	3.730e-01	3.682e-01	3.573e-01	3.748e-01
1.750e+04	3.821e-01	3.655e-01	4.018e-01	3.900e-01	3.736e-01	4.039e-01	3.858e-01	3.730e-01	4.055e-01	3.694e-01	3.636e-01	3.755e-01	3.679e-01	3.594e-01	3.721e-01	3.691e-01	3.573e-01	3.755e-01
1.760e+04	3.821e-01	3.667e-01	4.018e-01	3.900e-01	3.739e-01	4.039e-01	3.858e-01	3.721e-01	4.058e-01	3.691e-01	3.633e-01	3.755e-01	3.670e-01	3.591e-01	3.718e-01	3.694e-01	3.573e-01	3.748e-01
1.770e+04	3.824e-01	3.667e-01	4.018e-01	3.900e-01	3.742e-01	4.033e-01	3.858e-01	3.742e-01	4.058e-01	3.691e-01	3.630e-01	3.755e-01	3.664e-01	3.591e-01	3.718e-01	3.691e-01	3.588e-01	3.748e-01
1.780e+04	3.824e-01	3.664e-01	4.030e-01	3.900e-01	3.755e-01	4.033e-01	3.858e-01	3.742e-01	4.058e-01	3.691e-01	3.630e-01	3.755e-01	3.664e-01	3.591e-01	3.718e-01	3.706e-01	3.582e-01	3.748e-01
1.790e+04	3.833e-01	3.676e-01	4.039e-01	3.897e-01	3.773e-01	4.030e-01	3.858e-01	3.742e-01	4.058e-01	3.691e-01	3.639e-01	3.755e-01	3.667e-01	3.597e-01	3.718e-01	3.697e-01	3.582e-01	3.748e-01
1.800e+04	3.833e-01	3.676e-01	4.030e-01	3.897e-01	3.773e-01	4.039e-01	3.855e-01	3.742e-01	4.058e-01	3.703e-01	3.633e-01	3.755e-01	3.661e-01	3.597e-01	3.718e-01	3.709e-01	3.582e-01	3.752e-01
1.810e+04	3.824e-01	3.685e-01	4.033e-01	3.912e-01	3.770e-01	4.039e-01	3.852e-01	3.742e-01	4.058e-01	3.703e-01	3.633e-01	3.755e-01	3.664e-01	3.597e-01	3.718e-01	3.709e-01	3.564e-01	3.748e-01
1.820e+04	3.824e-01	3.685e-01	4.048e-01	3.918e-01	3.767e-01	4.039e-01	3.864e-01	3.742e-01	4.058e-01	3.703e-01	3.633e-01	3.755e-01	3.664e-01	3.627e-01	3.715e-01	3.700e-01	3.564e-01	3.748e-01
1.830e+04	3.836e-01	3.685e-01	4.073e-01	3.921e-01	3.770e-01	4.045e-01	3.864e-01	3.742e-01	4.064e-01	3.694e-01	3.630e-01	3.755e-01	3.664e-01	3.630e-01	3.718e-01	3.703e-01	3.564e-01	3.755e-01
1.840e+04	3.842e-01	3.685e-01	4.073e-01	3.924e-01	3.770e-01	4.045e-01	3.870e-01	3.742e-01	4.076e-01	3.703e-01	3.627e-01	3.755e-01	3.673e-01	3.627e-01	3.718e-01	3.703e-01	3.564e-01	3.758e-01
1.850e+04	3.848e-01	3.691e-01	4.073e-01	3.924e-01	3.785e-01	4.024e-01	3.876e-01	3.727e-01	4.076e-01	3.694e-01	3.627e-01	3.755e-01	3.673e-01	3.624e-01	3.721e-01	3.703e-01	3.555e-01	3.758e-01
1.860e+04	3.848e-01	3.688e-01	4.082e-01	3.924e-01	3.785e-01	4.030e-01	3.876e-01	3.724e-01	4.076e-01	3.694e-01	3.627e-01	3.761e-01	3.673e-01	3.624e-01	3.727e-01	3.700e-01	3.558e-01	3.758e-01
1.870e+04	3.848e-01	3.688e-01	4.085e-01	3.921e-01	3.785e-01	4.042e-01	3.870e-01	3.752e-01	4.076e-01	3.697e-01	3.627e-01	3.758e-01	3.673e-01	3.624e-01	3.724e-01	3.700e-01	3.558e-01	3.758e-01
1.880e+04	3.848e-01	3.682e-01	4.082e-01	3.921e-01	3.785e-01	4.036e-01	3.870e-01	3.748e-01	4.082e-01	3.694e-01	3.627e-01	3.758e-01	3.682e-01	3.624e-01	3.724e-01	3.700e-01	3.558e-01	3.758e-01
1.890e+04	3.848e-01	3.673e-01	4.082e-01	3.933e-01	3.776e-01	4.036e-01	3.870e-01	3.748e-01	4.082e-01	3.700e-01	3.627e-01	3.758e-01	3.691e-01	3.624e-01	3.724e-01	3.688e-01	3.552e-01	3.758e-01
1.900e+04	3.848e-01	3.667e-01	4.106e-01	3.933e-01	3.776e-01	4.036e-01	3.867e-01	3.755e-01	4.076e-01	3.694e-01	3.627e-01	3.764e-01	3.691e-01	3.624e-01	3.721e-01	3.682e-01	3.558e-01	3.758e-01
1.910e+04	3.848e-01	3.667e-01	4.091e-01	3.918e-01	3.764e-01	4.036e-01	3.876e-01	3.755e-01	4.073e-01	3.694e-01	3.639e-01	3.764e-01	3.682e-01	3.624e-01	3.715e-01	3.682e-01	3.548e-01	3.752e-01
1.920e+04	3.858e-01	3.667e-01	4.094e-01	3.927e-01	3.764e-01	4.036e-01	3.876e-01	3.745e-01	4.073e-01	3.703e-01	3.633e-01	3.752e-01	3.682e-01	3.624e-01	3.715e-01	3.694e-01	3.545e-01	3.758e-01
1.930e+04	3.858e-01	3.667e-01	4.097e-01	3.930e-01	3.761e-01	4.033e-01	3.876e-01	3.733e-01	4.079e-01	3.703e-01	3.633e-01	3.752e-01	3.682e-01	3.624e-01	3.718e-01	3.697e-01	3.552e-01	3.758e-01
1.940e+04	3.858e-01	3.664e-01	4.082e-01	3.930e-01	3.764e-01	4.058e-01	3.861e-01	3.733e-01	4.079e-01	3.709e-01	3.627e-01	3.761e-01	3.685e-01	3.624e-01	3.715e-01	3.697e-01	3.552e-01	3.752e-01
1.950e+04	3.858e-01	3.673e-01	4.082e-01	3.930e-01	3.767e-01	4.058e-01	3.861e-01	3.727e-01	4.079e-01	3.703e-01	3.633e-01	3.755e-01	3.688e-01	3.618e-01	3.727e-01	3.697e-01	3.552e-01	3.758e-01
1.960e+04	3.861e-01	3.673e-01	4.067e-01	3.930e-01	3.767e-01	4.048e-01	3.845e-01	3.727e-01	4.088e-01	3.700e-01	3.636e-01	3.755e-01	3.688e-01	3.618e-01	3.727e-01	3.694e-01	3.548e-01	3.758e-01
1.970e+04	3.864e-01	3.673e-01	4.070e-01	3.930e-01	3.761e-01	4.052e-01	3.861e-01	3.727e-01	4.088e-01	3.703e-01	3.636e-01	3.758e-01	3.688e-01	3.618e-01	3.736e-01	3.694e-01	3.548e-01	3.742e-01
1.980e+04	3.867e-01	3.682e-01	4.070e-01	3.930e-01	3.761e-01	4.052e-01	3.873e-01	3.727e-01	4.094e-01	3.703e-01	3.636e-01	3.761e-01	3.685e-01	3.612e-01	3.736e-01	3.694e-01	3.548e-01	3.752e-01
1.990e+04	3.867e-01	3.682e-01	4.070e-01	3.930e-01	3.764e-01	4.045e-01	3.885e-01	3.727e-01	4.079e-01	3.703e-01	3.627e-01	3.761e-01	3.691e-01	3.612e-01	3.736e-01	3.682e-01	3.548e-01	3.745e-01
2.000e+04	3.867e-01	3.691e-01	4.070e-01	3.927e-01	3.764e-01	4.045e-01	3.906e-01	3.730e-01	4.079e-01	3.703e-01	3.630e-01	3.770e-01	3.694e-01	3.612e-01	3.736e-01	3.685e-01	3.545e-01	3.745e-01
2.010e+04	3.867e-01	3.691e-01	4.052e-01	3.930e-01	3.764e-01	4.045e-01	3.906e-01	3.748e-01	4.079e-01	3.697e-01	3.639e-01	3.758e-01	3.691e-01	3.612e-01	3.752e-01	3.685e-01	3.545e-01	3.748e-01
2.020e+04	3.870e-01	3.691e-01	4.052e-01	3.936e-01	3.764e-01	4.045e-01	3.906e-01	3.742e-01	4.088e-01	3.688e-01	3.636e-01	3.761e-01	3.685e-01	3.603e-01	3.745e-01	3.685e-01	3.542e-01	3.755e-01
2.030e+04	3.870e-01	3.691e-01	4.076e-01	3.936e-01	3.776e-01	4.045e-01	3.906e-01	3.739e-01	4.088e-01	3.685e-01	3.636e-01	3.761e-01	3.685e-01	3.606e-01	3.745e-01	3.697e-01	3.545e-01	3.752e-01
2.040e+04	3.861e-01	3.691e-01	4.052e-01	3.936e-01	3.767e-01	4.039e-01	3.900e-01	3.739e-01	4.088e-01	3.688e-01	3.636e-01	3.761e-01	3.685e-01	3.606e-01	3.745e-01	3.697e-01	3.545e-01	3.752e-01
2.050e+04	3.861e-01	3.691e-01	4.052e-01	3.936e-01	3.767e-01	4.052e-01	3.891e-01	3.739e-01	4.085e-01	3.688e-01	3.648e-01	3.761e-01	3.691e-01	3.606e-01	3.745e-01	3.694e-01	3.545e-01	3.752e-01
2.060e+04	3.858e-01	3.679e-01	4.076e-01	3.936e-01	3.767e-01	4.061e-01	3.903e-01	3.736e-01	4.091e-01	3.688e-01	3.648e-01	3.764e-01	3.691e-01	3.594e-01	3.739e-01	3.694e-01	3.545e-01	3.745e-01
2.070e+04	3.858e-01	3.679e-01	4.088e-01	3.936e-01	3.748e-01	4.061e-01	3.909e-01	3.736e-01	4.094e-01	3.688e-01	3.639e-01	3.764e-01	3.688e-01	3.594e-01	3.739e-01	3.691e-01	3.542e-01	3.745e-01
2.080e+04	3.858e-01	3.679e-01	4.088e-01	3.936e-01	3.748e-01	4.055e-01	3.915e-01	3.739e-01	4.094e-01	3.688e-01	3.639e-01	3.773e-01	3.682e-01	3.594e-01	3.752e-01	3.691e-01	3.542e-01	3.745e-01
2.090e+04	3.858e-01	3.679e-01	4.088e-01	3.936e-01	3.742e-01	4.064e-01	3.906e-01	3.736e-01	4.094e-01	3.691e-01	3.639e-01	3.773e-01	3.682e-01	3.594e-01	3.755e-01	3.691e-01	3.542e-01	3.745e-01
2.100e+04	3.861e-01	3.688e-01	4.088e-01	3.936e-01	3.761e-01	4.055e-01	3.903e-01	3.736e-01	4.094e-01	3.691e-01	3.636e-01	3.773e-01	3.679e-01	3.609e-01	3.748e-01	3.691e-01	3.542e-01	3.755e-01
2.110e+04	3.870e-01	3.697e-01	4.070e-01	3.930e-01	3.752e-01	4.048e-01	3.903e-01	3.721e-01	4.094e-01	3.688e-01	3.636e-01	3.773e-01	3.679e-01	3.600e-01	3.748e-01	3.703e-01	3.542e-01	3.755e-01
2.120e+04	3.870e-01	3.697e-01	4.058e-01	3.930e-01	3.739e-01	4.048e-01	3.933e-01	3.721e-01	4.094e-01	3.685e-01	3.636e-01	3.773e-01	3.679e-01	3.600e-01	3.748e-01	3.688e-01	3.536e-01	3.755e-01
2.130e+04	3.867e-01	3.709e-01	4.058e-01	3.918e-01	3.739e-01	4.045e-01	3.939e-01	3.727e-01	4.097e-01	3.691e-01	3.636e-01	3.776e-01	3.679e-01	3.600e-01	3.748e-01	3.676e-01	3.539e-01	3.758e-01
2.140e+04	3.864e-01	3.709e-01	4.064e-01	3.918e-01	3.739e-01	4.045e-01	3.939e-01	3.727e-01	4.097e-01	3.697e-01	3.648e-01	3.764e-01	3.679e-01	3.621e-01	3.755e-01	3.688e-01	3.548e-01	3.758e-01
2.150e+04	3.864e-01	3.709e-01	4.064e-01	3.915e-01	3.709e-01	4.055e-01	3.945e-01	3.736e-01	4.094e-01	3.700e-01	3.648e-01	3.764e-01	3.679e-01	3.621e-01	3.745e-01	3.688e-01	3.548e-01	3.755e-01
2.160e+04	3.867e-01	3.709e-01	4.048e-01	3.915e-01	3.709e-01	4.055e-01	3.945e-01	3.736e-01	4.091e-01	3.697e-01	3.648e-01	3.764e-01	3.679e-01	3.624e-01	3.736e-01	3.688e-01	3.548e-01	3.758e-01
2.170e+04	3.867e-01	3.709e-01	4.052e-01	3.915e-01	3.715e-01	4.055e-01	3.945e-01	3.736e-01	4.079e-01	3.697e-01	3.648e-01	3.764e-01	3.682e-01	3.624e-01	3.736e-01	3.688e-01	3.548e-01	3.758e-01
2.180e+04	3.867e-01	3.709e-01	4.052e-01	3.924e-01	3.715e-01	4.055e-01	3.952e-01	3.736e-01	4.079e-01	3.697e-01	3.645e-01	3.764e-01	3.685e-01	3.600e-01	3.752e-01	3.688e-01	3.548e-01	3.748e-01
2.190e+04	3.879e-01	3.709e-01	4.052e-01	3.924e-01	3.715e-01	4.061e-01	3.952e-01	3.736e-01	4.082e-01	3.700e-01	3.645e-01	3.764e-01	3.691e-01	3.597e-01	3.742e-01	3.688e-01	3.555e-01	3.758e-01
2.200e+04	3.879e-01	3.694e-01	4.052e-01	3.936e-01	3.715e-01	4.064e-01	3.952e-01	3.703e-01	4.082e-01	3.700e-01	3.648e-01	3.761e-01	3.691e-01	3.594e-01	3.736e-01	3.688e-01	3.555e-01	3.755e-01
2.210e+04	3.879e-01	3.691e-01	4.052e-01	3.936e-01	3.706e-01	4.064e-01	3.958e-01	3.706e-01	4.082e-01	3.700e-01	3.648e-01	3.767e-01	3.688e-01	3.594e-01	3.736e-01	3.694e-01	3.555e-01	3.755e-01
2.220e+04	3.882e-01	3.691e-01	4.052e-01	3.942e-01	3.706e-01	4.064e-01	3.961e-01	3.706e-01	4.100e-01	3.703e-01	3.645e-01	3.767e-01	3.688e-01	3.594e-01	3.730e-01	3.691e-01	3.558e-01	3.761e-01
2.230e+04	3.876e-01	3.691e-01	4.036e-01	3.936e-01	3.706e-01	4.061e-01	3.955e-01	3.706e-01	4.100e-01	3.700e-01	3.645e-01	3.764e-01	3.688e-01	3.612e-01	3.730e-01	3.691e-01	3.558e-01	3.758e-01
2.240e+04	3.882e-01	3.691e-01	4.030e-01	3.936e-01	3.706e-01	4.061e-01	3.955e-01	3.694e-01	4.100e-01	3.694e-01	3.642e-01	3.764e-01	3.688e-01	3.612e-01	3.733e-01	3.691e-01	3.555e-01	3.758e-01
2.250e+04	3.873e-01	3.691e-01	4.030e-01	3.939e-01	3.706e-01	4.061e-01	3.955e-01	3.730e-01	4.100e-01	3.697e-01	3.639e-01	3.764e-01	3.691e-01	3.618e-01	3.736e-01	3.691e-01	3.555e-01	3.758e-01
2.260e+04	3.882e-01	3.691e-01	4.042e-01	3.930e-01	3.715e-01	4.061e-01	3.945e-01	3.727e-01	4.094e-01	3.703e-01	3.645e-01	3.764e-01	3.691e-01	3.618e-01	3.733e-01	3.691e-01	3.555e-01	3.761e-01
2.270e+04	3.882e-01	3.682e-01	4.042e-01	3.930e-01	3.715e-01	4.058e-01	3.952e-01	3.733e-01	4.094e-01	3.706e-01	3.645e-01	3.764e-01	3.691e-01	3.618e-01	3.733e-01	3.691e-01	3.555e-01	3.764e-01
2.280e+04	3.882e-01	3.682e-01	4.042e-01	3.930e-01	3.715e-01	4.058e-01	3.948e-01	3.739e-01	4.094e-01	3.709e-01	3.642e-01	3.764e-01	3.697e-01	3.618e-01	3.730e-01	3.703e-01	3.558e-01	3.761e-01
2.290e+04	3.882e-01	3.682e-01	4.045e-01	3.930e-01	3.721e-01	4.070e-01	3.948e-01	3.739e-01	4.100e-01	3.703e-01	3.645e-01	3.767e-01	3.697e-01	3.612e-01	3.724e-01	3.703e-01	3.558e-01	3.761e-01
2.300e+04	3.879e-01	3.682e-01	4.048e-01	3.939e-01	3.709e-01	4.064e-01	3.967e-01	3.724e-01	4.100e-01	3.703e-01	3.633e-01	3.767e-01	3.694e-01	3.612e-01	3.724e-01	3.694e-01	3.558e-01	3.761e-01
2.310e+04	3.879e-01	3.667e-01	4.048e-01	3.939e-01	3.715e-01	4.067e-01	3.967e-01	3.724e-01	4.100e-01	3.706e-01	3.642e-01	3.767e-01	3.694e-01	3.612e-01	3.724e-01	3.694e-01	3.561e-01	3.761e-01
2.320e+04	3.879e-01	3.664e-01	4.048e-01	3.936e-01	3.724e-01	4.067e-01	3.967e-01	3.724e-01	4.106e-01	3.703e-01	3.642e-01	3.767e-01	3.694e-01	3.612e-01	3.724e-01	3.694e-01	3.564e-01	3.761e-01
2.330e+04	3.879e-01	3.661e-01	4.048e-01	3.933e-01	3.724e-01	4.076e-01	3.961e-01	3.724e-01	4.103e-01	3.703e-01	3.639e-01	3.767e-01	3.694e-01	3.612e-01	3.715e-01	3.694e-01	3.564e-01	3.752e-01
2.340e+04	3.879e-01	3.661e-01	4.048e-01	3.930e-01	3.724e-01	4.076e-01	3.976e-01	3.724e-01	4.103e-01	3.700e-01	3.639e-01	3.767e-01	3.694e-01	3.606e-01	3.718e-01	3.691e-01	3.564e-01	3.752e-01
2.350e+04	3.879e-01	3.648e-01	4.048e-01	3.942e-01	3.724e-01	4.076e-01	3.976e-01	3.724e-01	4.106e-01	3.712e-01	3.639e-01	3.776e-01	3.688e-01	3.606e-01	3.715e-01	3.697e-01	3.573e-01	3.748e-01
2.360e+04	3.879e-01	3.648e-01	4.048e-01	3.942e-01	3.739e-01	4.079e-01	3.982e-01	3.724e-01	4.106e-01	3.712e-01	3.639e-01	3.776e-01	3.691e-01	3.600e-01	3.712e-01	3.697e-01	3.582e-01	3.752e-01
2.370e+04	3.879e-01	3.655e-01	4.027e-01	3.942e-01	3.739e-01	4.076e-01	3.970e-01	3.727e-01	4.106e-01	3.712e-01	3.639e-01	3.776e-01	3.691e-01	3.600e-01	3.718e-01	3.697e-01	3.579e-01	3.752e-01
2.380e+04	3.879e-01	3.661e-01	4.027e-01	3.939e-01	3.739e-01	4.079e-01	3.979e-01	3.727e-01	4.106e-01	3.712e-01	3.639e-01	3.776e-01	3.697e-01	3.600e-01	3.718e-01	3.697e-01	3.582e-01	3.755e-01
2.390e+04	3.879e-01	3.652e-01	4.033e-01	3.945e-01	3.736e-01	4.070e-01	3.970e-01	3.727e-01	4.109e-01	3.712e-01	3.639e-01	3.776e-01	3.697e-01	3.600e-01	3.721e-01	3.682e-01	3.582e-01	3.755e-01
2.400e+04	3.882e-01	3.652e-01	4.033e-01	3.945e-01	3.736e-01	4.076e-01	3.973e-01	3.727e-01	4.109e-01	3.712e-01	3.639e-01	3.776e-01	3.697e-01	3.600e-01	3.721e-01	3.679e-01	3.582e-01	3.758e-01
2.410e+04	3.885e-01	3.648e-01	4.027e-01	3.945e-01	3.736e-01	4.076e-01	3.973e-01	3.727e-01	4.109e-01	3.700e-01	3.636e-01	3.782e-01	3.694e-01	3.600e-01	3.721e-01	3.679e-01	3.582e-01	3.758e-01
2.420e+04	3.894e-01	3.661e-01	4.027e-01	3.945e-01	3.730e-01	4.079e-01	3.964e-01	3.742e-01	4.115e-01	3.700e-01	3.636e-01	3.782e-01	3.682e-01	3.600e-01	3.730e-01	3.679e-01	3.597e-01	3.758e-01
2.430e+04	3.900e-01	3.661e-01	4.027e-01	3.945e-01	3.730e-01	4.073e-01	3.973e-01	3.742e-01	4.112e-01	3.694e-01	3.636e-01	3.779e-01	3.682e-01	3.600e-01	3.733e-01	3.679e-01	3.597e-01	3.758e-01
2.440e+04	3.915e-01	3.661e-01	4.039e-01	3.952e-01	3.730e-01	4.073e-01	3.970e-01	3.733e-01	4.109e-01	3.694e-01	3.636e-01	3.779e-01	3.685e-01	3.600e-01	3.730e-01	3.679e-01	3.603e-01	3.770e-01
2.450e+04	3.918e-01	3.670e-01	4.039e-01	3.952e-01	3.733e-01	4.073e-01	3.982e-01	3.733e-01	4.109e-01	3.706e-01	3.636e-01	3.779e-01	3.685e-01	3.600e-01	3.718e-01	3.679e-01	3.603e-01	3.770e-01
2.460e+04	3.909e-01	3.670e-01	4.039e-01	3.948e-01	3.733e-01	4.073e-01	3.985e-01	3.733e-01	4.109e-01	3.706e-01	3.639e-01	3.779e-01	3.688e-01	3.600e-01	3.718e-01	3.688e-01	3.600e-01	3.770e-01
2.470e+04	3.909e-01	3.673e-01	4.036e-01	3.948e-01	3.739e-01	4.073e-01	3.991e-01	3.733e-01	4.109e-01	3.706e-01	3.639e-01	3.779e-01	3.685e-01	3.600e-01	3.718e-01	3.685e-01	3.591e-01	3.761e-01
2.480e+04	3.909e-01	3.673e-01	4.039e-01	3.939e-01	3.739e-01	4.076e-01	3.997e-01	3.733e-01	4.106e-01	3.706e-01	3.639e-01	3.779e-01	3.685e-01	3.606e-01	3.721e-01	3.697e-01	3.591e-01	3.761e-01
2.490e+04	3.909e-01	3.682e-01	4.030e-01	3.939e-01	3.730e-01	4.076e-01	4.003e-01	3.733e-01	4.106e-01	3.706e-01	3.645e-01	3.779e-01	3.685e-01	3.606e-01	3.721e-01	3.697e-01	3.591e-01	3.761e-01
2.500e+04	3.909e-01	3.679e-01	4.039e-01	3.936e-01	3.715e-01	4.073e-01	4.000e-01	3.733e-01	4.106e-01	3.706e-01	3.630e-01	3.776e-01	3.676e-01	3.606e-01	3.718e-01	3.691e-01	3.591e-01	3.761e-01
2.510e+04	3.909e-01	3.676e-01	4.042e-01	3.942e-01	3.715e-01	4.073e-01	4.000e-01	3.733e-01	4.103e-01	3.700e-01	3.630e-01	3.776e-01	3.676e-01	3.606e-01	3.718e-01	3.694e-01	3.594e-01	3.764e-01
2.520e+04	3.891e-01	3.676e-01	4.042e-01	3.942e-01	3.712e-01	4.073e-01	4.000e-01	3.733e-01	4.103e-01	3.700e-01	3.627e-01	3.785e-01	3.676e-01	3.606e-01	3.715e-01	3.700e-01	3.600e-01	3.761e-01
2.530e+04	3.888e-01	3.676e-01	4.045e-01	3.942e-01	3.700e-01	4.073e-01	4.000e-01	3.733e-01	4.106e-01	3.700e-01	3.624e-01	3.776e-01	3.682e-01	3.612e-01	3.718e-01	3.700e-01	3.591e-01	3.764e-01
2.540e+04	3.888e-01	3.676e-01	4.045e-01	3.952e-01	3.700e-01	4.079e-01	4.000e-01	3.730e-01	4.106e-01	3.706e-01	3.624e-01	3.764e-01	3.676e-01	3.606e-01	3.718e-01	3.715e-01	3.591e-01	3.755e-01
2.550e+04	3.888e-01	3.676e-01	4.048e-01	3.945e-01	3.700e-01	4.079e-01	3.997e-01	3.721e-01	4.106e-01	3.706e-01	3.627e-01	3.764e-01	3.676e-01	3.597e-01	3.718e-01	3.715e-01	3.591e-01	3.752e-01
2.560e+04	3.888e-01	3.682e-01	4.048e-01	3.948e-01	3.691e-01	4.079e-01	4.000e-01	3.706e-01	4.106e-01	3.706e-01	3.627e-01	3.764e-01	3.673e-01	3.597e-01	3.718e-01	3.712e-01	3.585e-01	3.755e-01
2.570e+04	3.888e-01	3.682e-01	4.048e-01	3.948e-01	3.691e-01	4.079e-01	4.000e-01	3.706e-01	4.103e-01	3.709e-01	3.630e-01	3.764e-01	3.673e-01	3.597e-01	3.724e-01	3.715e-01	3.579e-01	3.752e-01
2.580e+04	3.891e-01	3.682e-01	4.061e-01	3.948e-01	3.691e-01	4.079e-01	4.000e-01	3.709e-01	4.106e-01	3.709e-01	3.630e-01	3.764e-01	3.673e-01	3.597e-01	3.724e-01	3.706e-01	3.588e-01	3.752e-01
2.590e+04	3.891e-01	3.688e-01	4.058e-01	3.942e-01	3.691e-01	4.085e-01	4.000e-01	3.709e-01	4.106e-01	3.706e-01	3.630e-01	3.764e-01	3.676e-01	3.600e-01	3.727e-01	3.697e-01	3.576e-01	3.758e-01
2.600e+04	3.891e-01	3.688e-01	4.061e-01	3.942e-01	3.691e-01	4.085e-01	4.000e-01	3.715e-01	4.106e-01	3.712e-01	3.630e-01	3.779e-01	3.676e-01	3.600e-01	3.730e-01	3.694e-01	3.597e-01	3.745e-01
2.610e+04	3.888e-01	3.688e-01	4.073e-01	3.942e-01	3.694e-01	4.088e-01	3.997e-01	3.718e-01	4.106e-01	3.712e-01	3.633e-01	3.779e-01	3.676e-01	3.597e-01	3.727e-01	3.694e-01	3.594e-01	3.758e-01
2.620e+04	3.888e-01	3.682e-01	4.070e-01	3.942e-01	3.694e-01	4.088e-01	3.997e-01	3.715e-01	4.106e-01	3.712e-01	3.624e-01	3.779e-01	3.685e-01	3.597e-01	3.727e-01	3.703e-01	3.594e-01	3.764e-01
2.630e+04	3.888e-01	3.682e-01	4.067e-01	3.942e-01	3.694e-01	4.088e-01	3.994e-01	3.724e-01	4.112e-01	3.700e-01	3.636e-01	3.788e-01	3.688e-01	3.597e-01	3.727e-01	3.703e-01	3.570e-01	3.755e-01
2.640e+04	3.882e-01	3.682e-01	4.082e-01	3.942e-01	3.694e-01	4.079e-01	3.994e-01	3.718e-01	4.112e-01	3.709e-01	3.630e-01	3.785e-01	3.688e-01	3.597e-01	3.730e-01	3.703e-01	3.570e-01	3.761e-01
2.650e+04	3.882e-01	3.685e-01	4.085e-01	3.942e-01	3.694e-01	4.076e-01	3.982e-01	3.721e-01	4.112e-01	3.709e-01	3.630e-01	3.779e-01	3.694e-01	3.597e-01	3.730e-01	3.688e-01	3.570e-01	3.761e-01
2.660e+04	3.897e-01	3.685e-01	4.094e-01	3.945e-01	3.694e-01	4.097e-01	3.982e-01	3.715e-01	4.100e-01	3.709e-01	3.618e-01	3.773e-01	3.697e-01	3.594e-01	3.733e-01	3.688e-01	3.570e-01	3.755e-01
2.670e+04	3.912e-01	3.685e-01	4.094e-01	3.952e-01	3.697e-01	4.097e-01	3.976e-01	3.712e-01	4.094e-01	3.709e-01	3.624e-01	3.773e-01	3.697e-01	3.594e-01	3.733e-01	3.688e-01	3.570e-01	3.755e-01
2.680e+04	3.912e-01	3.697e-01	4.106e-01	3.945e-01	3.697e-01	4.091e-01	3.976e-01	3.712e-01	4.097e-01	3.706e-01	3.624e-01	3.773e-01	3.697e-01	3.594e-01	3.733e-01	3.688e-01	3.570e-01	3.758e-01
2.690e+04	3.912e-01	3.706e-01	4.106e-01	3.948e-01	3.697e-01	4.094e-01	3.976e-01	3.712e-01	4.103e-01	3.709e-01	3.624e-01	3.773e-01	3.700e-01	3.588e-01	3.733e-01	3.688e-01	3.576e-01	3.764e-01
2.700e+04	3.912e-01	3.682e-01	4.106e-01	3.948e-01	3.697e-01	4.094e-01	3.976e-01	3.712e-01	4.103e-01	3.724e-01	3.624e-01	3.776e-01	3.700e-01	3.588e-01	3.733e-01	3.688e-01	3.576e-01	3.776e-01
2.710e+04	3.912e-01	3.682e-01	4.112e-01	3.948e-01	3.697e-01	4.094e-01	3.991e-01	3.712e-01	4.109e-01	3.718e-01	3.624e-01	3.776e-01	3.700e-01	3.588e-01	3.727e-01	3.679e-01	3.570e-01	3.776e-01
2.720e+04	3.912e-01	3.682e-01	4.109e-01	3.952e-01	3.697e-01	4.103e-01	3.991e-01	3.712e-01	4.109e-01	3.718e-01	3.624e-01	3.776e-01	3.700e-01	3.588e-01	3.727e-01	3.679e-01	3.582e-01	3.776e-01
2.730e+04	3.912e-01	3.682e-01	4.112e-01	3.952e-01	3.697e-01	4.091e-01	3.991e-01	3.712e-01	4.109e-01	3.718e-01	3.624e-01	3.779e-01	3.700e-01	3.582e-01	3.727e-01	3.679e-01	3.582e-01	3.776e-01
2.740e+04	3.906e-01	3.679e-01	4.121e-01	3.952e-01	3.703e-01	4.091e-01	3.988e-01	3.712e-01	4.109e-01	3.718e-01	3.627e-01	3.779e-01	3.700e-01	3.579e-01	3.727e-01	3.679e-01	3.582e-01	3.782e-01
2.750e+04	3.900e-01	3.679e-01	4.130e-01	3.952e-01	3.703e-01	4.094e-01	4.006e-01	3.700e-01	4.109e-01	3.718e-01	3.627e-01	3.776e-01	3.700e-01	3.576e-01	3.730e-01	3.679e-01	3.582e-01	3.785e-01
2.760e+04	3.900e-01	3.685e-01	4.127e-01	3.952e-01	3.703e-01	4.094e-01	4.015e-01	3.700e-01	4.109e-01	3.718e-01	3.627e-01	3.776e-01	3.700e-01	3.576e-01	3.727e-01	3.679e-01	3.582e-01	3.788e-01
2.770e+04	3.912e-01	3.691e-01	4.127e-01	3.952e-01	3.703e-01	4.094e-01	4.015e-01	3.700e-01	4.109e-01	3.718e-01	3.627e-01	3.776e-01	3.697e-01	3.576e-01	3.727e-01	3.679e-01	3.582e-01	3.785e-01
2.780e+04	3.912e-01	3.691e-01	4.136e-01	3.961e-01	3.703e-01	4.094e-01	4.015e-01	3.700e-01	4.109e-01	3.712e-01	3.624e-01	3.773e-01	3.700e-01	3.579e-01	3.727e-01	3.679e-01	3.582e-01	3.785e-01
2.790e+04	3.912e-01	3.691e-01	4.136e-01	3.961e-01	3.703e-01	4.115e-01	4.009e-01	3.694e-01	4.109e-01	3.709e-01	3.624e-01	3.773e-01	3.700e-01	3.579e-01	3.733e-01	3.679e-01	3.582e-01	3.785e-01
2.800e+04	3.912e-01	3.691e-01	4.142e-01	3.961e-01	3.703e-01	4.112e-01	4.009e-01	3.691e-01	4.109e-01	3.709e-01	3.624e-01	3.773e-01	3.700e-01	3.579e-01	3.736e-01	3.676e-01	3.582e-01	3.785e-01
2.810e+04	3.912e-01	3.691e-01	4.142e-01	3.961e-01	3.703e-01	4.115e-01	4.024e-01	3.688e-01	4.103e-01	3.709e-01	3.624e-01	3.773e-01	3.700e-01	3.576e-01	3.733e-01	3.676e-01	3.585e-01	3.791e-01
2.820e+04	3.918e-01	3.691e-01	4.142e-01	3.961e-01	3.703e-01	4.115e-01	4.024e-01	3.706e-01	4.121e-01	3.709e-01	3.630e-01	3.776e-01	3.697e-01	3.576e-01	3.733e-01	3.676e-01	3.585e-01	3.785e-01
2.830e+04	3.918e-01	3.697e-01	4.145e-01	3.961e-01	3.703e-01	4.118e-01	4.024e-01	3.715e-01	4.124e-01	3.712e-01	3.630e-01	3.776e-01	3.700e-01	3.582e-01	3.742e-01	3.676e-01	3.585e-01	3.785e-01
2.840e+04	3.930e-01	3.697e-01	4.145e-01	3.961e-01	3.685e-01	4.124e-01	4.030e-01	3.712e-01	4.118e-01	3.712e-01	3.630e-01	3.776e-01	3.700e-01	3.585e-01	3.742e-01	3.679e-01	3.585e-01	3.791e-01
2.850e+04	3.930e-01	3.697e-01	4.161e-01	3.961e-01	3.685e-01	4.124e-01	4.030e-01	3.712e-01	4.115e-01	3.712e-01	3.630e-01	3.791e-01	3.697e-01	3.585e-01	3.742e-01	3.679e-01	3.573e-01	3.788e-01
2.860e+04	3.930e-01	3.700e-01	4.161e-01	3.961e-01	3.700e-01	4.121e-01	4.018e-01	3.709e-01	4.115e-01	3.712e-01	3.630e-01	3.791e-01	3.697e-01	3.585e-01	3.742e-01	3.697e-01	3.573e-01	3.782e-01
2.870e+04	3.930e-01	3.709e-01	4.164e-01	3.961e-01	3.700e-01	4.124e-01	4.021e-01	3.709e-01	4.115e-01	3.709e-01	3.630e-01	3.791e-01	3.703e-01	3.585e-01	3.733e-01	3.700e-01	3.576e-01	3.782e-01
2.880e+04	3.930e-01	3.709e-01	4.164e-01	3.961e-01	3.700e-01	4.124e-01	4.021e-01	3.712e-01	4.127e-01	3.712e-01	3.630e-01	3.791e-01	3.703e-01	3.585e-01	3.733e-01	3.715e-01	3.588e-01	3.782e-01
2.890e+04	3.930e-01	3.709e-01	4.164e-01	3.961e-01	3.700e-01	4.115e-01	4.021e-01	3.706e-01	4.130e-01	3.712e-01	3.630e-01	3.791e-01	3.703e-01	3.585e-01	3.736e-01	3.709e-01	3.588e-01	3.782e-01
2.900e+04	3.930e-01	3.709e-01	4.170e-01	3.961e-01	3.700e-01	4.115e-01	4.027e-01	3.706e-01	4.130e-01	3.712e-01	3.639e-01	3.791e-01	3.709e-01	3.585e-01	3.742e-01	3.709e-01	3.591e-01	3.776e-01
2.910e+04	3.930e-01	3.709e-01	4.176e-01	3.958e-01	3.700e-01	4.115e-01	4.024e-01	3.706e-01	4.133e-01	3.718e-01	3.639e-01	3.791e-01	3.703e-01	3.585e-01	3.742e-01	3.709e-01	3.591e-01	3.776e-01
2.920e+04	3.930e-01	3.709e-01	4.170e-01	3.961e-01	3.700e-01	4.112e-01	4.024e-01	3.706e-01	4.133e-01	3.715e-01	3.639e-01	3.788e-01	3.703e-01	3.594e-01	3.742e-01	3.709e-01	3.585e-01	3.776e-01
2.930e+04	3.930e-01	3.709e-01	4.170e-01	3.964e-01	3.700e-01	4.112e-01	4.015e-01	3.709e-01	4.133e-01	3.712e-01	3.645e-01	3.788e-01	3.703e-01	3.594e-01	3.748e-01	3.709e-01	3.570e-01	3.776e-01
2.940e+04	3.927e-01	3.709e-01	4.167e-01	3.961e-01	3.700e-01	4.112e-01	4.027e-01	3.718e-01	4.133e-01	3.706e-01	3.645e-01	3.788e-01	3.703e-01	3.600e-01	3.748e-01	3.709e-01	3.570e-01	3.776e-01
2.950e+04	3.927e-01	3.715e-01	4.167e-01	3.961e-01	3.706e-01	4.118e-01	4.027e-01	3.718e-01	4.133e-01	3.706e-01	3.639e-01	3.794e-01	3.700e-01	3.600e-01	3.748e-01	3.709e-01	3.570e-01	3.776e-01
2.960e+04	3.927e-01	3.715e-01	4.161e-01	3.961e-01	3.712e-01	4.118e-01	4.018e-01	3.718e-01	4.145e-01	3.706e-01	3.633e-01	3.794e-01	3.700e-01	3.600e-01	3.748e-01	3.700e-01	3.570e-01	3.776e-01
2.970e+04	3.927e-01	3.712e-01	4.152e-01	3.952e-01	3.712e-01	4.118e-01	4.018e-01	3.718e-01	4.145e-01	3.709e-01	3.633e-01	3.794e-01	3.703e-01	3.600e-01	3.742e-01	3.700e-01	3.570e-01	3.776e-01
2.980e+04	3.927e-01	3.724e-01	4.152e-01	3.952e-01	3.712e-01	4.118e-01	4.018e-01	3.718e-01	4.164e-01	3.712e-01	3.642e-01	3.800e-01	3.703e-01	3.600e-01	3.742e-01	3.700e-01	3.570e-01	3.776e-01
2.990e+04	3.927e-01	3.739e-01	4.167e-01	3.952e-01	3.712e-01	4.118e-01	4.024e-01	3.721e-01	4.164e-01	3.712e-01	3.642e-01	3.800e-01	3.706e-01	3.600e-01	3.742e-01	3.700e-01	3.567e-01	3.794e-01
3.000e+04	3.927e-01	3.739e-01	4.179e-01	3.955e-01	3.712e-01	4.124e-01	4.024e-01	3.715e-01	4.164e-01	3.712e-01	3.645e-01	3.785e-01	3.709e-01	3.600e-01	3.742e-01	3.700e-01	3.567e-01	3.794e-01
3.010e+04	3.927e-01	3.739e-01	4.179e-01	3.961e-01	3.718e-01	4.124e-01	4.024e-01	3.715e-01	4.170e-01	3.712e-01	3.645e-01	3.791e-01	3.709e-01	3.600e-01	3.742e-01	3.700e-01	3.567e-01	3.782e-01
3.020e+04	3.927e-01	3.739e-01	4.179e-01	3.961e-01	3.718e-01	4.127e-01	4.036e-01	3.709e-01	4.170e-01	3.712e-01	3.648e-01	3.791e-01	3.709e-01	3.603e-01	3.742e-01	3.700e-01	3.567e-01	3.782e-01
3.030e+04	3.927e-01	3.739e-01	4.179e-01	3.961e-01	3.718e-01	4.130e-01	4.033e-01	3.694e-01	4.173e-01	3.718e-01	3.648e-01	3.791e-01	3.706e-01	3.603e-01	3.745e-01	3.703e-01	3.567e-01	3.782e-01
3.040e+04	3.927e-01	3.742e-01	4.200e-01	3.961e-01	3.715e-01	4.130e-01	4.033e-01	3.694e-01	4.173e-01	3.721e-01	3.664e-01	3.791e-01	3.703e-01	3.603e-01	3.745e-01	3.703e-01	3.567e-01	3.782e-01
3.050e+04	3.927e-01	3.742e-01	4.200e-01	3.961e-01	3.727e-01	4.130e-01	4.033e-01	3.694e-01	4.173e-01	3.721e-01	3.655e-01	3.791e-01	3.703e-01	3.603e-01	3.745e-01	3.703e-01	3.567e-01	3.782e-01
3.060e+04	3.918e-01	3.718e-01	4.200e-01	3.961e-01	3.730e-01	4.130e-01	4.033e-01	3.709e-01	4.173e-01	3.724e-01	3.658e-01	3.791e-01	3.709e-01	3.594e-01	3.745e-01	3.703e-01	3.567e-01	3.782e-01
3.070e+04	3.921e-01	3.718e-01	4.200e-01	3.961e-01	3.730e-01	4.130e-01	4.033e-01	3.709e-01	4.182e-01	3.715e-01	3.658e-01	3.791e-01	3.712e-01	3.594e-01	3.745e-01	3.703e-01	3.573e-01	3.782e-01
3.080e+04	3.915e-01	3.724e-01	4.200e-01	3.961e-01	3.730e-01	4.130e-01	4.033e-01	3.709e-01	4.176e-01	3.715e-01	3.658e-01	3.791e-01	3.712e-01	3.594e-01	3.755e-01	3.706e-01	3.570e-01	3.782e-01
3.090e+04	3.915e-01	3.733e-01	4.200e-01	3.961e-01	3.730e-01	4.130e-01	4.033e-01	3.709e-01	4.176e-01	3.715e-01	3.658e-01	3.791e-01	3.712e-01	3.594e-01	3.752e-01	3.706e-01	3.558e-01	3.782e-01
3.100e+04	3.915e-01	3.730e-01	4.200e-01	3.961e-01	3.733e-01	4.130e-01	4.033e-01	3.709e-01	4.176e-01	3.715e-01	3.658e-01	3.791e-01	3.712e-01	3.594e-01	3.752e-01	3.715e-01	3.558e-01	3.782e-01
3.110e+04	3.915e-01	3.733e-01	4.194e-01	3.955e-01	3.727e-01	4.121e-01	4.033e-01	3.715e-01	4.176e-01	3.715e-01	3.658e-01	3.800e-01	3.712e-01	3.585e-01	3.752e-01	3.715e-01	3.558e-01	3.782e-01
3.120e+04	3.915e-01	3.733e-01	4.206e-01	3.955e-01	3.727e-01	4.121e-01	4.036e-01	3.703e-01	4.176e-01	3.712e-01	3.661e-01	3.821e-01	3.712e-01	3.594e-01	3.752e-01	3.706e-01	3.558e-01	3.782e-01
3.130e+04	3.930e-01	3.733e-01	4.203e-01	3.952e-01	3.733e-01	4.121e-01	4.055e-01	3.709e-01	4.176e-01	3.712e-01	3.661e-01	3.818e-01	3.712e-01	3.594e-01	3.752e-01	3.706e-01	3.558e-01	3.782e-01
3.140e+04	3.942e-01	3.733e-01	4.206e-01	3.952e-01	3.733e-01	4.121e-01	4.045e-01	3.709e-01	4.179e-01	3.721e-01	3.661e-01	3.806e-01	3.709e-01	3.594e-01	3.752e-01	3.706e-01	3.558e-01	3.773e-01
3.150e+04	3.948e-01	3.733e-01	4.206e-01	3.952e-01	3.739e-01	4.133e-01	4.045e-01	3.718e-01	4.194e-01	3.715e-01	3.652e-01	3.806e-01	3.709e-01	3.594e-01	3.752e-01	3.706e-01	3.570e-01	3.773e-01
3.160e+04	3.948e-01	3.733e-01	4.212e-01	3.952e-01	3.733e-01	4.127e-01	4.045e-01	3.718e-01	4.194e-01	3.715e-01	3.652e-01	3.803e-01	3.709e-01	3.594e-01	3.758e-01	3.706e-01	3.570e-01	3.779e-01
3.170e+04	3.955e-01	3.733e-01	4.212e-01	3.952e-01	3.733e-01	4.127e-01	4.045e-01	3.706e-01	4.200e-01	3.715e-01	3.652e-01	3.806e-01	3.709e-01	3.594e-01	3.764e-01	3.706e-01	3.570e-01	3.773e-01
3.180e+04	3.955e-01	3.736e-01	4.209e-01	3.955e-01	3.733e-01	4.112e-01	4.064e-01	3.706e-01	4.191e-01	3.715e-01	3.658e-01	3.806e-01	3.709e-01	3.591e-01	3.758e-01	3.706e-01	3.570e-01	3.773e-01
3.190e+04	3.961e-01	3.736e-01	4.209e-01	3.964e-01	3.733e-01	4.112e-01	4.070e-01	3.706e-01	4.185e-01	3.715e-01	3.658e-01	3.806e-01	3.709e-01	3.591e-01	3.758e-01	3.709e-01	3.570e-01	3.773e-01
3.200e+04	3.964e-01	3.736e-01	4.209e-01	3.964e-01	3.733e-01	4.112e-01	4.070e-01	3.706e-01	4.185e-01	3.715e-01	3.658e-01	3.806e-01	3.709e-01	3.591e-01	3.758e-01	3.706e-01	3.570e-01	3.776e-01
3.210e+04	3.964e-01	3.736e-01	4.215e-01	3.967e-01	3.733e-01	4.112e-01	4.070e-01	3.706e-01	4.185e-01	3.715e-01	3.658e-01	3.806e-01	3.709e-01	3.591e-01	3.758e-01	3.706e-01	3.570e-01	3.776e-01
3.220e+04	3.973e-01	3.748e-01	4.215e-01	3.973e-01	3.733e-01	4.112e-01	4.070e-01	3.706e-01	4.197e-01	3.715e-01	3.658e-01	3.812e-01	3.712e-01	3.591e-01	3.761e-01	3.706e-01	3.570e-01	3.776e-01
3.230e+04	3.997e-01	3.755e-01	4.215e-01	3.970e-01	3.733e-01	4.112e-01	4.070e-01	3.706e-01	4.185e-01	3.715e-01	3.658e-01	3.827e-01	3.712e-01	3.594e-01	3.761e-01	3.706e-01	3.570e-01	3.776e-01
3.240e+04	3.997e-01	3.767e-01	4.221e-01	3.970e-01	3.733e-01	4.115e-01	4.070e-01	3.715e-01	4.179e-01	3.724e-01	3.661e-01	3.827e-01	3.709e-01	3.591e-01	3.764e-01	3.706e-01	3.570e-01	3.776e-01
3.250e+04	4.018e-01	3.767e-01	4.224e-01	3.973e-01	3.736e-01	4.115e-01	4.070e-01	3.727e-01	4.179e-01	3.718e-01	3.655e-01	3.827e-01	3.709e-01	3.591e-01	3.764e-01	3.706e-01	3.570e-01	3.767e-01
3.260e+04	4.018e-01	3.767e-01	4.227e-01	3.979e-01	3.736e-01	4.115e-01	4.082e-01	3.727e-01	4.179e-01	3.718e-01	3.655e-01	3.836e-01	3.706e-01	3.591e-01	3.764e-01	3.706e-01	3.570e-01	3.785e-01
3.270e+04	4.018e-01	3.770e-01	4.224e-01	3.979e-01	3.736e-01	4.115e-01	4.082e-01	3.724e-01	4.179e-01	3.715e-01	3.655e-01	3.836e-01	3.706e-01	3.591e-01	3.764e-01	3.712e-01	3.570e-01	3.785e-01
3.280e+04	4.018e-01	3.770e-01	4.227e-01	3.976e-01	3.736e-01	4.115e-01	4.082e-01	3.736e-01	4.179e-01	3.706e-01	3.655e-01	3.836e-01	3.706e-01	3.588e-01	3.764e-01	3.712e-01	3.570e-01	3.785e-01
3.290e+04	4.018e-01	3.767e-01	4.224e-01	3.976e-01	3.736e-01	4.124e-01	4.085e-01	3.748e-01	4.179e-01	3.706e-01	3.655e-01	3.836e-01	3.706e-01	3.588e-01	3.764e-01	3.703e-01	3.570e-01	3.785e-01
3.300e+04	4.024e-01	3.767e-01	4.227e-01	3.976e-01	3.736e-01	4.124e-01	4.085e-01	3.748e-01	4.179e-01	3.706e-01	3.648e-01	3.824e-01	3.706e-01	3.588e-01	3.764e-01	3.703e-01	3.564e-01	3.791e-01
3.310e+04	4.024e-01	3.776e-01	4.227e-01	3.982e-01	3.736e-01	4.124e-01	4.085e-01	3.748e-01	4.179e-01	3.712e-01	3.648e-01	3.812e-01	3.706e-01	3.591e-01	3.764e-01	3.703e-01	3.564e-01	3.791e-01
3.320e+04	4.024e-01	3.776e-01	4.242e-01	3.982e-01	3.739e-01	4.124e-01	4.085e-01	3.752e-01	4.179e-01	3.712e-01	3.648e-01	3.818e-01	3.715e-01	3.591e-01	3.755e-01	3.703e-01	3.564e-01	3.788e-01
3.330e+04	4.024e-01	3.776e-01	4.255e-01	3.991e-01	3.739e-01	4.124e-01	4.085e-01	3.752e-01	4.179e-01	3.712e-01	3.648e-01	3.818e-01	3.715e-01	3.588e-01	3.755e-01	3.703e-01	3.564e-01	3.794e-01
3.340e+04	4.024e-01	3.776e-01	4.252e-01	3.991e-01	3.736e-01	4.124e-01	4.088e-01	3.764e-01	4.185e-01	3.712e-01	3.648e-01	3.818e-01	3.709e-01	3.588e-01	3.755e-01	3.703e-01	3.558e-01	3.800e-01
3.350e+04	4.024e-01	3.776e-01	4.245e-01	3.991e-01	3.733e-01	4.121e-01	4.088e-01	3.764e-01	4.200e-01	3.724e-01	3.639e-01	3.818e-01	3.715e-01	3.588e-01	3.758e-01	3.709e-01	3.561e-01	3.800e-01
3.360e+04	4.018e-01	3.761e-01	4.245e-01	3.997e-01	3.733e-01	4.109e-01	4.088e-01	3.773e-01	4.209e-01	3.712e-01	3.648e-01	3.818e-01	3.715e-01	3.588e-01	3.758e-01	3.709e-01	3.561e-01	3.800e-01
3.370e+04	4.033e-01	3.761e-01	4.245e-01	3.997e-01	3.739e-01	4.109e-01	4.088e-01	3.773e-01	4.209e-01	3.712e-01	3.648e-01	3.818e-01	3.715e-01	3.606e-01	3.758e-01	3.709e-01	3.564e-01	3.800e-01
3.380e+04	4.033e-01	3.761e-01	4.245e-01	4.009e-01	3.739e-01	4.115e-01	4.088e-01	3.779e-01	4.230e-01	3.715e-01	3.648e-01	3.818e-01	3.715e-01	3.606e-01	3.764e-01	3.703e-01	3.564e-01	3.806e-01
3.390e+04	4.045e-01	3.761e-01	4.245e-01	4.009e-01	3.745e-01	4.115e-01	4.088e-01	3.779e-01	4.233e-01	3.715e-01	3.648e-01	3.818e-01	3.715e-01	3.606e-01	3.764e-01	3.700e-01	3.570e-01	3.806e-01
3.400e+04	4.045e-01	3.761e-01	4.245e-01	4.009e-01	3.745e-01	4.115e-01	4.088e-01	3.779e-01	4.230e-01	3.715e-01	3.648e-01	3.818e-01	3.709e-01	3.597e-01	3.764e-01	3.700e-01	3.573e-01	3.806e-01
3.410e+04	4.039e-01	3.752e-01	4.248e-01	4.009e-01	3.745e-01	4.115e-01	4.082e-01	3.776e-01	4.230e-01	3.715e-01	3.648e-01	3.818e-01	3.703e-01	3.582e-01	3.764e-01	3.703e-01	3.567e-01	3.812e-01
3.420e+04	4.039e-01	3.752e-01	4.252e-01	4.012e-01	3.745e-01	4.115e-01	4.085e-01	3.776e-01	4.230e-01	3.727e-01	3.648e-01	3.818e-01	3.703e-01	3.582e-01	3.764e-01	3.703e-01	3.564e-01	3.806e-01
3.430e+04	4.039e-01	3.755e-01	4.252e-01	4.012e-01	3.745e-01	4.106e-01	4.085e-01	3.782e-01	4.230e-01	3.727e-01	3.648e-01	3.827e-01	3.703e-01	3.594e-01	3.764e-01	3.703e-01	3.564e-01	3.806e-01
3.440e+04	4.039e-01	3.764e-01	4.242e-01	4.012e-01	3.745e-01	4.106e-01	4.085e-01	3.779e-01	4.230e-01	3.715e-01	3.648e-01	3.833e-01	3.703e-01	3.594e-01	3.764e-01	3.703e-01	3.564e-01	3.806e-01
3.450e+04	4.036e-01	3.764e-01	4.239e-01	4.030e-01	3.745e-01	4.106e-01	4.085e-01	3.779e-01	4.230e-01	3.721e-01	3.648e-01	3.833e-01	3.703e-01	3.594e-01	3.767e-01	3.703e-01	3.567e-01	3.806e-01
3.460e+04	4.024e-01	3.764e-01	4.239e-01	4.030e-01	3.758e-01	4.121e-01	4.085e-01	3.779e-01	4.233e-01	3.721e-01	3.655e-01	3.818e-01	3.706e-01	3.585e-01	3.767e-01	3.703e-01	3.570e-01	3.806e-01
3.470e+04	4.024e-01	3.764e-01	4.242e-01	4.030e-01	3.758e-01	4.118e-01	4.070e-01	3.758e-01	4.236e-01	3.721e-01	3.658e-01	3.815e-01	3.706e-01	3.585e-01	3.767e-01	3.697e-01	3.573e-01	3.806e-01
3.480e+04	4.033e-01	3.770e-01	4.242e-01	4.030e-01	3.758e-01	4.103e-01	4.070e-01	3.764e-01	4.236e-01	3.721e-01	3.658e-01	3.815e-01	3.712e-01	3.585e-01	3.779e-01	3.697e-01	3.573e-01	3.806e-01
3.490e+04	4.048e-01	3.770e-01	4.258e-01	4.030e-01	3.758e-01	4.103e-01	4.073e-01	3.764e-01	4.236e-01	3.721e-01	3.658e-01	3.812e-01	3.715e-01	3.585e-01	3.764e-01	3.691e-01	3.576e-01	3.806e-01
3.500e+04	4.048e-01	3.770e-01	4.258e-01	4.030e-01	3.758e-01	4.106e-01	4.073e-01	3.773e-01	4.236e-01	3.724e-01	3.658e-01	3.800e-01	3.703e-01	3.585e-01	3.764e-01	3.694e-01	3.576e-01	3.809e-01
3.510e+04	4.055e-01	3.773e-01	4.258e-01	4.030e-01	3.758e-01	4.106e-01	4.070e-01	3.773e-01	4.242e-01	3.724e-01	3.658e-01	3.800e-01	3.700e-01	3.609e-01	3.767e-01	3.691e-01	3.576e-01	3.806e-01
3.520e+04	4.055e-01	3.779e-01	4.261e-01	4.030e-01	3.776e-01	4.109e-01	4.070e-01	3.773e-01	4.242e-01	3.727e-01	3.658e-01	3.800e-01	3.700e-01	3.618e-01	3.770e-01	3.691e-01	3.573e-01	3.806e-01
3.530e+04	4.061e-01	3.779e-01	4.255e-01	4.030e-01	3.788e-01	4.109e-01	4.070e-01	3.773e-01	4.245e-01	3.727e-01	3.658e-01	3.800e-01	3.700e-01	3.618e-01	3.770e-01	3.691e-01	3.573e-01	3.809e-01
3.540e+04	4.082e-01	3.779e-01	4.255e-01	4.030e-01	3.788e-01	4.109e-01	4.052e-01	3.773e-01	4.248e-01	3.733e-01	3.658e-01	3.800e-01	3.700e-01	3.618e-01	3.770e-01	3.691e-01	3.573e-01	3.809e-01
3.550e+04	4.082e-01	3.788e-01	4.255e-01	4.030e-01	3.788e-01	4.112e-01	4.052e-01	3.773e-01	4.248e-01	3.733e-01	3.639e-01	3.800e-01	3.700e-01	3.618e-01	3.770e-01	3.703e-01	3.573e-01	3.809e-01
3.560e+04	4.067e-01	3.797e-01	4.239e-01	4.030e-01	3.788e-01	4.112e-01	4.052e-01	3.776e-01	4.248e-01	3.733e-01	3.639e-01	3.800e-01	3.700e-01	3.618e-01	3.764e-01	3.703e-01	3.570e-01	3.806e-01
3.570e+04	4.067e-01	3.797e-01	4.239e-01	4.033e-01	3.788e-01	4.112e-01	4.052e-01	3.770e-01	4.248e-01	3.733e-01	3.639e-01	3.800e-01	3.709e-01	3.618e-01	3.764e-01	3.703e-01	3.570e-01	3.806e-01
3.580e+04	4.070e-01	3.791e-01	4.239e-01	4.033e-01	3.788e-01	4.118e-01	4.052e-01	3.770e-01	4.248e-01	3.733e-01	3.642e-01	3.800e-01	3.712e-01	3.618e-01	3.770e-01	3.703e-01	3.570e-01	3.806e-01
3.590e+04	4.070e-01	3.797e-01	4.245e-01	4.033e-01	3.803e-01	4.130e-01	4.052e-01	3.770e-01	4.248e-01	3.733e-01	3.639e-01	3.794e-01	3.709e-01	3.621e-01	3.770e-01	3.697e-01	3.570e-01	3.806e-01
3.600e+04	4.082e-01	3.797e-01	4.245e-01	4.033e-01	3.809e-01	4.139e-01	4.052e-01	3.770e-01	4.252e-01	3.733e-01	3.639e-01	3.794e-01	3.709e-01	3.621e-01	3.770e-01	3.697e-01	3.570e-01	3.806e-01
3.610e+04	4.082e-01	3.800e-01	4.245e-01	4.033e-01	3.809e-01	4.139e-01	4.052e-01	3.770e-01	4.252e-01	3.733e-01	3.639e-01	3.788e-01	3.703e-01	3.621e-01	3.770e-01	3.697e-01	3.573e-01	3.803e-01
3.620e+04	4.082e-01	3.791e-01	4.264e-01	4.042e-01	3.809e-01	4.145e-01	4.052e-01	3.770e-01	4.252e-01	3.727e-01	3.636e-01	3.788e-01	3.703e-01	3.633e-01	3.767e-01	3.694e-01	3.573e-01	3.791e-01
3.630e+04	4.079e-01	3.779e-01	4.282e-01	4.042e-01	3.812e-01	4.145e-01	4.048e-01	3.764e-01	4.255e-01	3.730e-01	3.642e-01	3.785e-01	3.703e-01	3.633e-01	3.767e-01	3.706e-01	3.573e-01	3.791e-01
3.640e+04	4.079e-01	3.779e-01	4.282e-01	4.042e-01	3.812e-01	4.164e-01	4.048e-01	3.764e-01	4.258e-01	3.730e-01	3.642e-01	3.785e-01	3.703e-01	3.630e-01	3.767e-01	3.706e-01	3.573e-01	3.791e-01
3.650e+04	4.079e-01	3.776e-01	4.297e-01	4.052e-01	3.806e-01	4.164e-01	4.048e-01	3.764e-01	4.258e-01	3.733e-01	3.652e-01	3.785e-01	3.703e-01	3.630e-01	3.779e-01	3.706e-01	3.570e-01	3.791e-01
3.660e+04	4.094e-01	3.776e-01	4.297e-01	4.045e-01	3.806e-01	4.164e-01	4.048e-01	3.764e-01	4.258e-01	3.733e-01	3.652e-01	3.785e-01	3.700e-01	3.630e-01	3.779e-01	3.718e-01	3.570e-01	3.791e-01
3.670e+04	4.094e-01	3.782e-01	4.297e-01	4.045e-01	3.806e-01	4.164e-01	4.048e-01	3.764e-01	4.264e-01	3.733e-01	3.652e-01	3.785e-01	3.700e-01	3.630e-01	3.779e-01	3.715e-01	3.570e-01	3.776e-01
3.680e+04	4.094e-01	3.782e-01	4.297e-01	4.045e-01	3.806e-01	4.164e-01	4.048e-01	3.764e-01	4.264e-01	3.733e-01	3.652e-01	3.785e-01	3.700e-01	3.630e-01	3.782e-01	3.715e-01	3.576e-01	3.776e-01
3.690e+04	4.094e-01	3.767e-01	4.297e-01	4.045e-01	3.806e-01	4.164e-01	4.042e-01	3.758e-01	4.267e-01	3.733e-01	3.652e-01	3.785e-01	3.700e-01	3.630e-01	3.782e-01	3.718e-01	3.576e-01	3.776e-01
3.700e+04	4.094e-01	3.764e-01	4.297e-01	4.045e-01	3.806e-01	4.170e-01	4.045e-01	3.758e-01	4.267e-01	3.733e-01	3.652e-01	3.785e-01	3.700e-01	3.630e-01	3.767e-01	3.718e-01	3.576e-01	3.785e-01
3.710e+04	4.094e-01	3.758e-01	4.297e-01	4.045e-01	3.806e-01	4.170e-01	4.045e-01	3.758e-01	4.267e-01	3.733e-01	3.655e-01	3.785e-01	3.709e-01	3.630e-01	3.767e-01	3.718e-01	3.576e-01	3.785e-01
3.720e+04	4.094e-01	3.758e-01	4.297e-01	4.042e-01	3.806e-01	4.170e-01	4.045e-01	3.773e-01	4.267e-01	3.733e-01	3.655e-01	3.785e-01	3.709e-01	3.630e-01	3.767e-01	3.718e-01	3.576e-01	3.785e-01
3.730e+04	4.082e-01	3.758e-01	4.297e-01	4.042e-01	3.806e-01	4.194e-01	4.045e-01	3.770e-01	4.267e-01	3.730e-01	3.655e-01	3.797e-01	3.706e-01	3.630e-01	3.767e-01	3.715e-01	3.576e-01	3.785e-01
3.740e+04	4.067e-01	3.758e-01	4.297e-01	4.033e-01	3.806e-01	4.194e-01	4.042e-01	3.767e-01	4.267e-01	3.730e-01	3.655e-01	3.797e-01	3.706e-01	3.630e-01	3.770e-01	3.715e-01	3.576e-01	3.785e-01
3.750e+04	4.067e-01	3.755e-01	4.285e-01	4.039e-01	3.803e-01	4.203e-01	4.036e-01	3.764e-01	4.267e-01	3.730e-01	3.655e-01	3.797e-01	3.706e-01	3.630e-01	3.770e-01	3.715e-01	3.576e-01	3.785e-01
3.760e+04	4.067e-01	3.755e-01	4.291e-01	4.039e-01	3.809e-01	4.203e-01	4.030e-01	3.770e-01	4.267e-01	3.730e-01	3.655e-01	3.797e-01	3.706e-01	3.630e-01	3.770e-01	3.715e-01	3.573e-01	3.785e-01
3.770e+04	4.052e-01	3.755e-01	4.291e-01	4.039e-01	3.809e-01	4.206e-01	4.021e-01	3.770e-01	4.267e-01	3.733e-01	3.658e-01	3.794e-01	3.706e-01	3.609e-01	3.770e-01	3.727e-01	3.573e-01	3.797e-01
3.780e+04	4.045e-01	3.755e-01	4.291e-01	4.039e-01	3.809e-01	4.209e-01	4.021e-01	3.770e-01	4.276e-01	3.730e-01	3.658e-01	3.794e-01	3.703e-01	3.609e-01	3.770e-01	3.724e-01	3.573e-01	3.797e-01
3.790e+04	4.048e-01	3.755e-01	4.291e-01	4.039e-01	3.800e-01	4.218e-01	4.027e-01	3.764e-01	4.276e-01	3.730e-01	3.658e-01	3.794e-01	3.700e-01	3.618e-01	3.770e-01	3.718e-01	3.579e-01	3.806e-01
3.800e+04	4.045e-01	3.755e-01	4.318e-01	4.048e-01	3.800e-01	4.218e-01	4.033e-01	3.764e-01	4.279e-01	3.736e-01	3.664e-01	3.794e-01	3.700e-01	3.618e-01	3.767e-01	3.724e-01	3.579e-01	3.806e-01
3.810e+04	4.045e-01	3.755e-01	4.321e-01	4.048e-01	3.800e-01	4.227e-01	4.033e-01	3.755e-01	4.276e-01	3.739e-01	3.664e-01	3.794e-01	3.700e-01	3.618e-01	3.767e-01	3.724e-01	3.579e-01	3.806e-01
3.820e+04	4.045e-01	3.755e-01	4.321e-01	4.042e-01	3.800e-01	4.230e-01	4.033e-01	3.758e-01	4.276e-01	3.739e-01	3.664e-01	3.794e-01	3.700e-01	3.618e-01	3.770e-01	3.727e-01	3.579e-01	3.806e-01
3.830e+04	4.048e-01	3.755e-01	4.324e-01	4.045e-01	3.800e-01	4.230e-01	4.036e-01	3.748e-01	4.276e-01	3.745e-01	3.664e-01	3.794e-01	3.700e-01	3.621e-01	3.770e-01	3.727e-01	3.579e-01	3.806e-01
3.840e+04	4.048e-01	3.755e-01	4.324e-01	4.045e-01	3.800e-01	4.230e-01	4.036e-01	3.748e-01	4.276e-01	3.752e-01	3.664e-01	3.803e-01	3.700e-01	3.621e-01	3.770e-01	3.727e-01	3.579e-01	3.809e-01
3.850e+04	4.052e-01	3.752e-01	4.315e-01	4.045e-01	3.803e-01	4.230e-01	4.036e-01	3.748e-01	4.270e-01	3.752e-01	3.673e-01	3.794e-01	3.700e-01	3.621e-01	3.782e-01	3.715e-01	3.579e-01	3.809e-01
3.860e+04	4.052e-01	3.752e-01	4.315e-01	4.045e-01	3.803e-01	4.230e-01	4.039e-01	3.733e-01	4.273e-01	3.752e-01	3.664e-01	3.800e-01	3.700e-01	3.621e-01	3.779e-01	3.715e-01	3.579e-01	3.809e-01
3.870e+04	4.055e-01	3.752e-01	4.291e-01	4.042e-01	3.818e-01	4.230e-01	4.042e-01	3.733e-01	4.273e-01	3.752e-01	3.664e-01	3.800e-01	3.700e-01	3.621e-01	3.779e-01	3.715e-01	3.576e-01	3.812e-01
3.880e+04	4.055e-01	3.752e-01	4.291e-01	4.042e-01	3.818e-01	4.230e-01	4.033e-01	3.736e-01	4.273e-01	3.752e-01	3.673e-01	3.800e-01	3.697e-01	3.621e-01	3.779e-01	3.727e-01	3.576e-01	3.812e-01
3.890e+04	4.058e-01	3.752e-01	4.291e-01	4.042e-01	3.818e-01	4.230e-01	4.018e-01	3.736e-01	4.279e-01	3.748e-01	3.673e-01	3.785e-01	3.697e-01	3.621e-01	3.779e-01	3.727e-01	3.576e-01	3.803e-01
3.900e+04	4.061e-01	3.752e-01	4.300e-01	4.042e-01	3.821e-01	4.230e-01	4.012e-01	3.736e-01	4.279e-01	3.748e-01	3.664e-01	3.797e-01	3.697e-01	3.606e-01	3.779e-01	3.727e-01	3.576e-01	3.809e-01
3.910e+04	4.061e-01	3.755e-01	4.300e-01	4.042e-01	3.821e-01	4.230e-01	4.030e-01	3.739e-01	4.279e-01	3.748e-01	3.664e-01	3.797e-01	3.703e-01	3.624e-01	3.779e-01	3.727e-01	3.576e-01	3.803e-01
3.920e+04	4.061e-01	3.755e-01	4.300e-01	4.055e-01	3.821e-01	4.230e-01	4.036e-01	3.739e-01	4.279e-01	3.748e-01	3.664e-01	3.797e-01	3.697e-01	3.624e-01	3.779e-01	3.727e-01	3.576e-01	3.803e-01
3.930e+04	4.061e-01	3.742e-01	4.294e-01	4.055e-01	3.821e-01	4.230e-01	4.039e-01	3.742e-01	4.279e-01	3.752e-01	3.664e-01	3.791e-01	3.700e-01	3.624e-01	3.779e-01	3.727e-01	3.576e-01	3.803e-01
3.940e+04	4.061e-01	3.742e-01	4.285e-01	4.055e-01	3.821e-01	4.230e-01	4.039e-01	3.748e-01	4.279e-01	3.745e-01	3.664e-01	3.791e-01	3.697e-01	3.624e-01	3.779e-01	3.727e-01	3.576e-01	3.803e-01
3.950e+04	4.061e-01	3.742e-01	4.285e-01	4.055e-01	3.821e-01	4.230e-01	4.033e-01	3.748e-01	4.279e-01	3.745e-01	3.664e-01	3.791e-01	3.697e-01	3.624e-01	3.770e-01	3.730e-01	3.576e-01	3.803e-01
3.960e+04	4.061e-01	3.736e-01	4.285e-01	4.070e-01	3.821e-01	4.230e-01	4.033e-01	3.748e-01	4.279e-01	3.745e-01	3.664e-01	3.791e-01	3.700e-01	3.624e-01	3.773e-01	3.730e-01	3.576e-01	3.803e-01
3.970e+04	4.061e-01	3.727e-01	4.279e-01	4.067e-01	3.821e-01	4.233e-01	4.027e-01	3.748e-01	4.279e-01	3.761e-01	3.664e-01	3.791e-01	3.700e-01	3.624e-01	3.773e-01	3.730e-01	3.576e-01	3.800e-01
3.980e+04	4.061e-01	3.733e-01	4.279e-01	4.067e-01	3.824e-01	4.227e-01	4.021e-01	3.748e-01	4.279e-01	3.761e-01	3.664e-01	3.791e-01	3.700e-01	3.624e-01	3.773e-01	3.730e-01	3.585e-01	3.800e-01
3.990e+04	4.061e-01	3.755e-01	4.279e-01	4.067e-01	3.824e-01	4.224e-01	4.012e-01	3.748e-01	4.279e-01	3.770e-01	3.664e-01	3.791e-01	3.700e-01	3.630e-01	3.773e-01	3.730e-01	3.585e-01	3.797e-01
4.000e+04	4.061e-01	3.782e-01	4.270e-01	4.076e-01	3.824e-01	4.224e-01	4.012e-01	3.748e-01	4.279e-01	3.770e-01	3.664e-01	3.800e-01	3.709e-01	3.630e-01	3.788e-01	3.730e-01	3.585e-01	3.797e-01
4.010e+04	4.058e-01	3.782e-01	4.270e-01	4.076e-01	3.827e-01	4.224e-01	4.009e-01	3.752e-01	4.273e-01	3.767e-01	3.664e-01	3.800e-01	3.706e-01	3.639e-01	3.788e-01	3.730e-01	3.585e-01	3.794e-01
4.020e+04	4.058e-01	3.782e-01	4.270e-01	4.076e-01	3.827e-01	4.224e-01	4.009e-01	3.752e-01	4.273e-01	3.767e-01	3.664e-01	3.800e-01	3.712e-01	3.639e-01	3.788e-01	3.730e-01	3.597e-01	3.794e-01
4.030e+04	4.055e-01	3.782e-01	4.270e-01	4.076e-01	3.827e-01	4.224e-01	4.009e-01	3.752e-01	4.273e-01	3.767e-01	3.664e-01	3.800e-01	3.712e-01	3.639e-01	3.788e-01	3.712e-01	3.594e-01	3.794e-01
4.040e+04	4.055e-01	3.782e-01	4.270e-01	4.079e-01	3.827e-01	4.224e-01	4.003e-01	3.758e-01	4.273e-01	3.767e-01	3.661e-01	3.812e-01	3.712e-01	3.639e-01	3.788e-01	3.712e-01	3.594e-01	3.797e-01
4.050e+04	4.061e-01	3.782e-01	4.270e-01	4.076e-01	3.827e-01	4.224e-01	4.012e-01	3.758e-01	4.273e-01	3.767e-01	3.658e-01	3.812e-01	3.712e-01	3.639e-01	3.788e-01	3.712e-01	3.591e-01	3.797e-01
4.060e+04	4.061e-01	3.782e-01	4.270e-01	4.070e-01	3.827e-01	4.224e-01	4.012e-01	3.755e-01	4.273e-01	3.767e-01	3.658e-01	3.812e-01	3.712e-01	3.642e-01	3.788e-01	3.712e-01	3.612e-01	3.797e-01
4.070e+04	4.061e-01	3.782e-01	4.270e-01	4.070e-01	3.827e-01	4.230e-01	4.015e-01	3.745e-01	4.273e-01	3.767e-01	3.658e-01	3.812e-01	3.718e-01	3.642e-01	3.788e-01	3.724e-01	3.612e-01	3.797e-01
4.080e+04	4.061e-01	3.782e-01	4.267e-01	4.070e-01	3.827e-01	4.230e-01	4.015e-01	3.742e-01	4.273e-01	3.767e-01	3.658e-01	3.800e-01	3.718e-01	3.642e-01	3.788e-01	3.736e-01	3.612e-01	3.788e-01
4.090e+04	4.061e-01	3.791e-01	4.267e-01	4.070e-01	3.827e-01	4.221e-01	4.015e-01	3.742e-01	4.273e-01	3.767e-01	3.658e-01	3.806e-01	3.718e-01	3.642e-01	3.788e-01	3.736e-01	3.600e-01	3.791e-01
4.100e+04	4.064e-01	3.791e-01	4.267e-01	4.070e-01	3.830e-01	4.221e-01	4.021e-01	3.742e-01	4.273e-01	3.767e-01	3.652e-01	3.806e-01	3.718e-01	3.642e-01	3.788e-01	3.736e-01	3.600e-01	3.788e-01
4.110e+04	4.070e-01	3.797e-01	4.267e-01	4.070e-01	3.830e-01	4.209e-01	4.021e-01	3.742e-01	4.273e-01	3.767e-01	3.652e-01	3.806e-01	3.715e-01	3.658e-01	3.788e-01	3.736e-01	3.600e-01	3.788e-01
4.120e+04	4.070e-01	3.797e-01	4.270e-01	4.070e-01	3.830e-01	4.209e-01	4.015e-01	3.742e-01	4.273e-01	3.767e-01	3.652e-01	3.806e-01	3.715e-01	3.658e-01	3.782e-01	3.736e-01	3.609e-01	3.791e-01
4.130e+04	4.073e-01	3.797e-01	4.270e-01	4.070e-01	3.830e-01	4.209e-01	4.015e-01	3.742e-01	4.273e-01	3.767e-01	3.652e-01	3.809e-01	3.715e-01	3.658e-01	3.776e-01	3.730e-01	3.609e-01	3.806e-01
4.140e+04	4.073e-01	3.797e-01	4.267e-01	4.070e-01	3.836e-01	4.209e-01	4.012e-01	3.742e-01	4.273e-01	3.770e-01	3.652e-01	3.809e-01	3.715e-01	3.658e-01	3.776e-01	3.730e-01	3.609e-01	3.806e-01
4.150e+04	4.073e-01	3.776e-01	4.267e-01	4.070e-01	3.836e-01	4.209e-01	4.009e-01	3.742e-01	4.273e-01	3.767e-01	3.652e-01	3.809e-01	3.715e-01	3.658e-01	3.776e-01	3.730e-01	3.609e-01	3.806e-01
4.160e+04	4.073e-01	3.776e-01	4.255e-01	4.070e-01	3.836e-01	4.209e-01	4.009e-01	3.742e-01	4.273e-01	3.770e-01	3.652e-01	3.818e-01	3.721e-01	3.658e-01	3.776e-01	3.730e-01	3.609e-01	3.806e-01
4.170e+04	4.067e-01	3.767e-01	4.258e-01	4.070e-01	3.836e-01	4.209e-01	4.009e-01	3.742e-01	4.273e-01	3.770e-01	3.652e-01	3.818e-01	3.721e-01	3.658e-01	3.770e-01	3.730e-01	3.609e-01	3.806e-01
4.180e+04	4.064e-01	3.767e-01	4.264e-01	4.073e-01	3.836e-01	4.209e-01	4.009e-01	3.742e-01	4.273e-01	3.770e-01	3.652e-01	3.818e-01	3.715e-01	3.658e-01	3.770e-01	3.730e-01	3.606e-01	3.818e-01
4.190e+04	4.064e-01	3.742e-01	4.264e-01	4.076e-01	3.836e-01	4.212e-01	4.009e-01	3.742e-01	4.273e-01	3.770e-01	3.652e-01	3.821e-01	3.715e-01	3.639e-01	3.770e-01	3.730e-01	3.606e-01	3.818e-01
4.200e+04	4.070e-01	3.742e-01	4.264e-01	4.076e-01	3.845e-01	4.212e-01	4.003e-01	3.733e-01	4.273e-01	3.770e-01	3.652e-01	3.821e-01	3.715e-01	3.639e-01	3.770e-01	3.718e-01	3.606e-01	3.812e-01
4.210e+04	4.070e-01	3.736e-01	4.264e-01	4.076e-01	3.845e-01	4.212e-01	4.006e-01	3.733e-01	4.273e-01	3.770e-01	3.652e-01	3.821e-01	3.721e-01	3.636e-01	3.770e-01	3.736e-01	3.606e-01	3.812e-01
4.220e+04	4.070e-01	3.742e-01	4.264e-01	4.073e-01	3.845e-01	4.212e-01	4.006e-01	3.733e-01	4.273e-01	3.776e-01	3.648e-01	3.821e-01	3.721e-01	3.636e-01	3.770e-01	3.736e-01	3.606e-01	3.800e-01
4.230e+04	4.079e-01	3.742e-01	4.264e-01	4.073e-01	3.845e-01	4.212e-01	4.000e-01	3.730e-01	4.276e-01	3.776e-01	3.648e-01	3.821e-01	3.721e-01	3.636e-01	3.770e-01	3.736e-01	3.612e-01	3.797e-01
4.240e+04	4.088e-01	3.742e-01	4.264e-01	4.073e-01	3.836e-01	4.209e-01	4.000e-01	3.718e-01	4.279e-01	3.782e-01	3.648e-01	3.821e-01	3.721e-01	3.636e-01	3.758e-01	3.730e-01	3.612e-01	3.791e-01
4.250e+04	4.088e-01	3.742e-01	4.273e-01	4.070e-01	3.836e-01	4.212e-01	4.000e-01	3.721e-01	4.279e-01	3.782e-01	3.642e-01	3.827e-01	3.715e-01	3.636e-01	3.758e-01	3.730e-01	3.612e-01	3.791e-01
4.260e+04	4.094e-01	3.742e-01	4.273e-01	4.070e-01	3.836e-01	4.212e-01	4.000e-01	3.721e-01	4.279e-01	3.773e-01	3.642e-01	3.827e-01	3.715e-01	3.655e-01	3.758e-01	3.730e-01	3.612e-01	3.791e-01
4.270e+04	4.094e-01	3.742e-01	4.273e-01	4.070e-01	3.836e-01	4.218e-01	4.003e-01	3.721e-01	4.279e-01	3.773e-01	3.642e-01	3.827e-01	3.715e-01	3.655e-01	3.758e-01	3.730e-01	3.612e-01	3.803e-01
4.280e+04	4.112e-01	3.742e-01	4.273e-01	4.070e-01	3.839e-01	4.200e-01	4.006e-01	3.721e-01	4.279e-01	3.773e-01	3.642e-01	3.821e-01	3.715e-01	3.645e-01	3.755e-01	3.730e-01	3.612e-01	3.803e-01
4.290e+04	4.112e-01	3.742e-01	4.273e-01	4.070e-01	3.842e-01	4.200e-01	4.000e-01	3.721e-01	4.279e-01	3.773e-01	3.645e-01	3.821e-01	3.715e-01	3.645e-01	3.764e-01	3.730e-01	3.612e-01	3.803e-01
4.300e+04	4.112e-01	3.742e-01	4.273e-01	4.067e-01	3.842e-01	4.221e-01	4.000e-01	3.721e-01	4.279e-01	3.773e-01	3.645e-01	3.821e-01	3.718e-01	3.639e-01	3.764e-01	3.730e-01	3.609e-01	3.812e-01
4.310e+04	4.115e-01	3.742e-01	4.273e-01	4.067e-01	3.842e-01	4.218e-01	3.997e-01	3.721e-01	4.279e-01	3.773e-01	3.642e-01	3.821e-01	3.715e-01	3.639e-01	3.764e-01	3.736e-01	3.609e-01	3.812e-01
4.320e+04	4.109e-01	3.742e-01	4.273e-01	4.067e-01	3.842e-01	4.218e-01	3.997e-01	3.718e-01	4.279e-01	3.773e-01	3.642e-01	3.827e-01	3.718e-01	3.639e-01	3.764e-01	3.736e-01	3.609e-01	3.815e-01
4.330e+04	4.109e-01	3.742e-01	4.273e-01	4.067e-01	3.839e-01	4.221e-01	4.006e-01	3.718e-01	4.279e-01	3.773e-01	3.642e-01	3.827e-01	3.718e-01	3.642e-01	3.764e-01	3.736e-01	3.609e-01	3.827e-01
4.340e+04	4.106e-01	3.745e-01	4.282e-01	4.067e-01	3.839e-01	4.221e-01	4.006e-01	3.718e-01	4.279e-01	3.770e-01	3.642e-01	3.821e-01	3.721e-01	3.642e-01	3.764e-01	3.733e-01	3.609e-01	3.824e-01
4.350e+04	4.106e-01	3.745e-01	4.288e-01	4.067e-01	3.842e-01	4.248e-01	4.006e-01	3.739e-01	4.279e-01	3.770e-01	3.642e-01	3.821e-01	3.721e-01	3.642e-01	3.764e-01	3.733e-01	3.615e-01	3.824e-01
4.360e+04	4.106e-01	3.745e-01	4.291e-01	4.076e-01	3.842e-01	4.267e-01	4.006e-01	3.739e-01	4.279e-01	3.770e-01	3.645e-01	3.821e-01	3.724e-01	3.642e-01	3.764e-01	3.733e-01	3.615e-01	3.824e-01
4.370e+04	4.106e-01	3.745e-01	4.297e-01	4.076e-01	3.842e-01	4.270e-01	4.006e-01	3.739e-01	4.279e-01	3.770e-01	3.636e-01	3.821e-01	3.724e-01	3.645e-01	3.761e-01	3.733e-01	3.612e-01	3.824e-01
4.380e+04	4.109e-01	3.745e-01	4.306e-01	4.076e-01	3.842e-01	4.267e-01	4.018e-01	3.739e-01	4.282e-01	3.770e-01	3.639e-01	3.830e-01	3.724e-01	3.645e-01	3.761e-01	3.733e-01	3.612e-01	3.824e-01
4.390e+04	4.109e-01	3.748e-01	4.312e-01	4.076e-01	3.842e-01	4.267e-01	4.027e-01	3.739e-01	4.282e-01	3.761e-01	3.639e-01	3.830e-01	3.724e-01	3.645e-01	3.761e-01	3.748e-01	3.612e-01	3.830e-01
4.400e+04	4.109e-01	3.748e-01	4.312e-01	4.076e-01	3.848e-01	4.267e-01	4.027e-01	3.739e-01	4.282e-01	3.758e-01	3.636e-01	3.830e-01	3.724e-01	3.645e-01	3.761e-01	3.748e-01	3.612e-01	3.824e-01
4.410e+04	4.118e-01	3.748e-01	4.336e-01	4.076e-01	3.848e-01	4.267e-01	4.033e-01	3.739e-01	4.282e-01	3.770e-01	3.636e-01	3.830e-01	3.724e-01	3.645e-01	3.767e-01	3.748e-01	3.612e-01	3.824e-01
4.420e+04	4.118e-01	3.755e-01	4.336e-01	4.082e-01	3.848e-01	4.267e-01	4.033e-01	3.739e-01	4.282e-01	3.770e-01	3.648e-01	3.830e-01	3.724e-01	3.645e-01	3.767e-01	3.748e-01	3.612e-01	3.824e-01
4.430e+04	4.118e-01	3.755e-01	4.352e-01	4.082e-01	3.848e-01	4.267e-01	4.033e-01	3.745e-01	4.282e-01	3.770e-01	3.648e-01	3.836e-01	3.724e-01	3.645e-01	3.767e-01	3.739e-01	3.612e-01	3.824e-01
4.440e+04	4.118e-01	3.755e-01	4.352e-01	4.082e-01	3.848e-01	4.279e-01	4.033e-01	3.755e-01	4.282e-01	3.770e-01	3.655e-01	3.836e-01	3.724e-01	3.639e-01	3.767e-01	3.736e-01	3.615e-01	3.824e-01
4.450e+04	4.118e-01	3.752e-01	4.352e-01	4.088e-01	3.848e-01	4.282e-01	4.042e-01	3.755e-01	4.285e-01	3.770e-01	3.655e-01	3.827e-01	3.724e-01	3.639e-01	3.767e-01	3.736e-01	3.615e-01	3.824e-01
4.460e+04	4.130e-01	3.758e-01	4.352e-01	4.088e-01	3.848e-01	4.297e-01	4.042e-01	3.770e-01	4.285e-01	3.770e-01	3.655e-01	3.827e-01	3.730e-01	3.639e-01	3.767e-01	3.736e-01	3.615e-01	3.821e-01
4.470e+04	4.130e-01	3.758e-01	4.352e-01	4.088e-01	3.852e-01	4.297e-01	4.048e-01	3.770e-01	4.285e-01	3.767e-01	3.655e-01	3.827e-01	3.724e-01	3.630e-01	3.770e-01	3.742e-01	3.615e-01	3.821e-01
4.480e+04	4.130e-01	3.758e-01	4.361e-01	4.088e-01	3.852e-01	4.297e-01	4.048e-01	3.770e-01	4.282e-01	3.767e-01	3.655e-01	3.827e-01	3.724e-01	3.630e-01	3.767e-01	3.742e-01	3.615e-01	3.821e-01
4.490e+04	4.130e-01	3.758e-01	4.370e-01	4.088e-01	3.867e-01	4.297e-01	4.048e-01	3.764e-01	4.276e-01	3.767e-01	3.655e-01	3.827e-01	3.724e-01	3.630e-01	3.773e-01	3.742e-01	3.615e-01	3.818e-01
4.500e+04	4.130e-01	3.758e-01	4.370e-01	4.085e-01	3.879e-01	4.294e-01	4.048e-01	3.764e-01	4.285e-01	3.767e-01	3.655e-01	3.827e-01	3.724e-01	3.630e-01	3.773e-01	3.739e-01	3.615e-01	3.818e-01
4.510e+04	4.133e-01	3.758e-01	4.370e-01	4.085e-01	3.879e-01	4.294e-01	4.048e-01	3.752e-01	4.285e-01	3.767e-01	3.655e-01	3.827e-01	3.724e-01	3.630e-01	3.773e-01	3.739e-01	3.618e-01	3.818e-01
4.520e+04	4.127e-01	3.758e-01	4.367e-01	4.085e-01	3.891e-01	4.294e-01	4.048e-01	3.752e-01	4.285e-01	3.767e-01	3.655e-01	3.833e-01	3.727e-01	3.630e-01	3.776e-01	3.739e-01	3.618e-01	3.824e-01
4.530e+04	4.127e-01	3.755e-01	4.367e-01	4.085e-01	3.900e-01	4.294e-01	4.064e-01	3.752e-01	4.297e-01	3.767e-01	3.655e-01	3.836e-01	3.733e-01	3.630e-01	3.776e-01	3.739e-01	3.618e-01	3.824e-01
4.540e+04	4.127e-01	3.755e-01	4.364e-01	4.085e-01	3.903e-01	4.294e-01	4.061e-01	3.764e-01	4.300e-01	3.767e-01	3.670e-01	3.836e-01	3.733e-01	3.630e-01	3.776e-01	3.739e-01	3.618e-01	3.824e-01
4.550e+04	4.127e-01	3.764e-01	4.367e-01	4.091e-01	3.897e-01	4.294e-01	4.070e-01	3.764e-01	4.315e-01	3.767e-01	3.670e-01	3.836e-01	3.736e-01	3.630e-01	3.776e-01	3.739e-01	3.618e-01	3.821e-01
4.560e+04	4.127e-01	3.764e-01	4.367e-01	4.091e-01	3.900e-01	4.294e-01	4.073e-01	3.770e-01	4.315e-01	3.767e-01	3.670e-01	3.836e-01	3.736e-01	3.630e-01	3.776e-01	3.739e-01	3.618e-01	3.824e-01
4.570e+04	4.127e-01	3.761e-01	4.367e-01	4.088e-01	3.900e-01	4.294e-01	4.073e-01	3.770e-01	4.315e-01	3.767e-01	3.670e-01	3.836e-01	3.736e-01	3.630e-01	3.782e-01	3.739e-01	3.618e-01	3.824e-01
4.580e+04	4.127e-01	3.761e-01	4.367e-01	4.088e-01	3.894e-01	4.294e-01	4.073e-01	3.770e-01	4.315e-01	3.767e-01	3.670e-01	3.836e-01	3.736e-01	3.630e-01	3.782e-01	3.739e-01	3.618e-01	3.815e-01
4.590e+04	4.127e-01	3.761e-01	4.367e-01	4.088e-01	3.894e-01	4.294e-01	4.073e-01	3.764e-01	4.315e-01	3.758e-01	3.670e-01	3.836e-01	3.736e-01	3.630e-01	3.779e-01	3.739e-01	3.618e-01	3.815e-01
4.600e+04	4.124e-01	3.767e-01	4.364e-01	4.091e-01	3.894e-01	4.294e-01	4.076e-01	3.764e-01	4.315e-01	3.755e-01	3.670e-01	3.836e-01	3.736e-01	3.630e-01	3.779e-01	3.739e-01	3.618e-01	3.815e-01
4.610e+04	4.127e-01	3.767e-01	4.364e-01	4.091e-01	3.894e-01	4.294e-01	4.076e-01	3.764e-01	4.315e-01	3.755e-01	3.670e-01	3.836e-01	3.736e-01	3.630e-01	3.782e-01	3.739e-01	3.624e-01	3.815e-01
4.620e+04	4.127e-01	3.767e-01	4.364e-01	4.091e-01	3.897e-01	4.294e-01	4.076e-01	3.755e-01	4.315e-01	3.755e-01	3.670e-01	3.852e-01	3.724e-01	3.630e-01	3.782e-01	3.736e-01	3.618e-01	3.815e-01
4.630e+04	4.127e-01	3.776e-01	4.364e-01	4.091e-01	3.897e-01	4.294e-01	4.076e-01	3.773e-01	4.315e-01	3.755e-01	3.670e-01	3.852e-01	3.727e-01	3.642e-01	3.782e-01	3.736e-01	3.627e-01	3.803e-01
4.640e+04	4.127e-01	3.776e-01	4.364e-01	4.091e-01	3.900e-01	4.300e-01	4.085e-01	3.773e-01	4.318e-01	3.761e-01	3.670e-01	3.852e-01	3.721e-01	3.633e-01	3.782e-01	3.733e-01	3.627e-01	3.803e-01
4.650e+04	4.127e-01	3.776e-01	4.361e-01	4.091e-01	3.900e-01	4.300e-01	4.094e-01	3.773e-01	4.318e-01	3.761e-01	3.667e-01	3.852e-01	3.721e-01	3.633e-01	3.782e-01	3.733e-01	3.627e-01	3.803e-01
4.660e+04	4.127e-01	3.785e-01	4.361e-01	4.091e-01	3.903e-01	4.300e-01	4.094e-01	3.773e-01	4.318e-01	3.761e-01	3.667e-01	3.852e-01	3.721e-01	3.633e-01	3.782e-01	3.733e-01	3.618e-01	3.803e-01
4.670e+04	4.127e-01	3.785e-01	4.361e-01	4.091e-01	3.903e-01	4.300e-01	4.094e-01	3.773e-01	4.321e-01	3.767e-01	3.667e-01	3.852e-01	3.721e-01	3.633e-01	3.779e-01	3.733e-01	3.618e-01	3.812e-01
4.680e+04	4.127e-01	3.785e-01	4.391e-01	4.091e-01	3.903e-01	4.300e-01	4.094e-01	3.773e-01	4.321e-01	3.767e-01	3.670e-01	3.852e-01	3.721e-01	3.630e-01	3.779e-01	3.727e-01	3.618e-01	3.812e-01
4.690e+04	4.127e-01	3.785e-01	4.403e-01	4.091e-01	3.903e-01	4.300e-01	4.088e-01	3.773e-01	4.318e-01	3.767e-01	3.670e-01	3.852e-01	3.721e-01	3.627e-01	3.779e-01	3.727e-01	3.618e-01	3.824e-01
4.700e+04	4.127e-01	3.785e-01	4.406e-01	4.091e-01	3.903e-01	4.300e-01	4.085e-01	3.773e-01	4.318e-01	3.770e-01	3.670e-01	3.852e-01	3.721e-01	3.627e-01	3.785e-01	3.733e-01	3.618e-01	3.824e-01
4.710e+04	4.130e-01	3.785e-01	4.403e-01	4.091e-01	3.903e-01	4.300e-01	4.085e-01	3.773e-01	4.324e-01	3.770e-01	3.667e-01	3.845e-01	3.721e-01	3.627e-01	3.785e-01	3.733e-01	3.618e-01	3.824e-01
4.720e+04	4.130e-01	3.794e-01	4.403e-01	4.088e-01	3.903e-01	4.300e-01	4.085e-01	3.785e-01	4.321e-01	3.770e-01	3.667e-01	3.845e-01	3.733e-01	3.627e-01	3.785e-01	3.733e-01	3.627e-01	3.824e-01
4.730e+04	4.127e-01	3.794e-01	4.409e-01	4.088e-01	3.903e-01	4.300e-01	4.085e-01	3.785e-01	4.321e-01	3.770e-01	3.667e-01	3.848e-01	3.724e-01	3.627e-01	3.785e-01	3.733e-01	3.627e-01	3.815e-01
4.740e+04	4.127e-01	3.794e-01	4.412e-01	4.091e-01	3.906e-01	4.300e-01	4.073e-01	3.785e-01	4.321e-01	3.770e-01	3.667e-01	3.848e-01	3.730e-01	3.630e-01	3.785e-01	3.733e-01	3.627e-01	3.827e-01
4.750e+04	4.127e-01	3.794e-01	4.409e-01	4.088e-01	3.906e-01	4.300e-01	4.073e-01	3.794e-01	4.321e-01	3.770e-01	3.661e-01	3.848e-01	3.730e-01	3.633e-01	3.788e-01	3.733e-01	3.627e-01	3.827e-01
4.760e+04	4.127e-01	3.800e-01	4.409e-01	4.088e-01	3.906e-01	4.300e-01	4.079e-01	3.794e-01	4.321e-01	3.770e-01	3.661e-01	3.858e-01	3.730e-01	3.642e-01	3.788e-01	3.733e-01	3.627e-01	3.827e-01
4.770e+04	4.127e-01	3.800e-01	4.415e-01	4.094e-01	3.900e-01	4.300e-01	4.079e-01	3.794e-01	4.324e-01	3.770e-01	3.664e-01	3.848e-01	3.730e-01	3.642e-01	3.788e-01	3.733e-01	3.627e-01	3.827e-01
4.780e+04	4.127e-01	3.809e-01	4.415e-01	4.094e-01	3.900e-01	4.300e-01	4.082e-01	3.794e-01	4.324e-01	3.764e-01	3.661e-01	3.848e-01	3.727e-01	3.642e-01	3.788e-01	3.733e-01	3.627e-01	3.815e-01
4.790e+04	4.127e-01	3.812e-01	4.415e-01	4.094e-01	3.909e-01	4.300e-01	4.082e-01	3.794e-01	4.324e-01	3.764e-01	3.661e-01	3.848e-01	3.724e-01	3.642e-01	3.788e-01	3.733e-01	3.627e-01	3.815e-01
4.800e+04	4.127e-01	3.815e-01	4.406e-01	4.094e-01	3.900e-01	4.300e-01	4.085e-01	3.794e-01	4.327e-01	3.764e-01	3.661e-01	3.855e-01	3.724e-01	3.642e-01	3.788e-01	3.733e-01	3.627e-01	3.815e-01
4.810e+04	4.130e-01	3.821e-01	4.400e-01	4.097e-01	3.915e-01	4.300e-01	4.079e-01	3.794e-01	4.327e-01	3.773e-01	3.661e-01	3.855e-01	3.724e-01	3.636e-01	3.788e-01	3.733e-01	3.639e-01	3.815e-01
4.820e+04	4.130e-01	3.818e-01	4.400e-01	4.097e-01	3.918e-01	4.300e-01	4.076e-01	3.794e-01	4.330e-01	3.773e-01	3.661e-01	3.855e-01	3.724e-01	3.636e-01	3.788e-01	3.733e-01	3.639e-01	3.815e-01
4.830e+04	4.130e-01	3.824e-01	4.406e-01	4.097e-01	3.918e-01	4.300e-01	4.085e-01	3.800e-01	4.330e-01	3.767e-01	3.664e-01	3.855e-01	3.724e-01	3.636e-01	3.788e-01	3.733e-01	3.639e-01	3.821e-01
4.840e+04	4.139e-01	3.824e-01	4.406e-01	4.097e-01	3.915e-01	4.300e-01	4.082e-01	3.800e-01	4.330e-01	3.767e-01	3.664e-01	3.858e-01	3.724e-01	3.636e-01	3.788e-01	3.733e-01	3.639e-01	3.815e-01
4.850e+04	4.136e-01	3.824e-01	4.400e-01	4.097e-01	3.915e-01	4.300e-01	4.082e-01	3.800e-01	4.339e-01	3.779e-01	3.664e-01	3.845e-01	3.724e-01	3.633e-01	3.788e-01	3.733e-01	3.639e-01	3.812e-01
4.860e+04	4.136e-01	3.824e-01	4.418e-01	4.097e-01	3.915e-01	4.288e-01	4.082e-01	3.800e-01	4.339e-01	3.779e-01	3.664e-01	3.842e-01	3.724e-01	3.633e-01	3.788e-01	3.733e-01	3.639e-01	3.824e-01
4.870e+04	4.136e-01	3.824e-01	4.430e-01	4.097e-01	3.915e-01	4.288e-01	4.082e-01	3.800e-01	4.345e-01	3.779e-01	3.664e-01	3.842e-01	3.724e-01	3.633e-01	3.788e-01	3.733e-01	3.639e-01	3.809e-01
4.880e+04	4.136e-01	3.821e-01	4.430e-01	4.097e-01	3.915e-01	4.288e-01	4.082e-01	3.809e-01	4.345e-01	3.779e-01	3.664e-01	3.842e-01	3.724e-01	3.630e-01	3.794e-01	3.736e-01	3.639e-01	3.803e-01
4.890e+04	4.145e-01	3.821e-01	4.430e-01	4.097e-01	3.930e-01	4.288e-01	4.070e-01	3.809e-01	4.345e-01	3.779e-01	3.664e-01	3.845e-01	3.724e-01	3.630e-01	3.791e-01	3.736e-01	3.639e-01	3.803e-01
4.900e+04	4.142e-01	3.821e-01	4.427e-01	4.097e-01	3.927e-01	4.291e-01	4.070e-01	3.806e-01	4.345e-01	3.779e-01	3.664e-01	3.842e-01	3.736e-01	3.630e-01	3.788e-01	3.736e-01	3.639e-01	3.803e-01
4.910e+04	4.142e-01	3.821e-01	4.433e-01	4.097e-01	3.930e-01	4.291e-01	4.070e-01	3.806e-01	4.345e-01	3.779e-01	3.664e-01	3.842e-01	3.727e-01	3.630e-01	3.788e-01	3.736e-01	3.639e-01	3.803e-01
4.920e+04	4.142e-01	3.821e-01	4.433e-01	4.097e-01	3.939e-01	4.291e-01	4.070e-01	3.806e-01	4.345e-01	3.782e-01	3.667e-01	3.839e-01	3.727e-01	3.624e-01	3.788e-01	3.736e-01	3.639e-01	3.803e-01
4.930e+04	4.142e-01	3.821e-01	4.452e-01	4.103e-01	3.939e-01	4.291e-01	4.070e-01	3.806e-01	4.355e-01	3.782e-01	3.667e-01	3.839e-01	3.727e-01	3.627e-01	3.788e-01	3.739e-01	3.633e-01	3.803e-01
4.940e+04	4.142e-01	3.821e-01	4.461e-01	4.103e-01	3.942e-01	4.291e-01	4.070e-01	3.809e-01	4.355e-01	3.782e-01	3.670e-01	3.839e-01	3.730e-01	3.627e-01	3.788e-01	3.742e-01	3.633e-01	3.806e-01
4.950e+04	4.152e-01	3.821e-01	4.461e-01	4.103e-01	3.942e-01	4.291e-01	4.070e-01	3.809e-01	4.355e-01	3.782e-01	3.670e-01	3.839e-01	3.730e-01	3.627e-01	3.788e-01	3.742e-01	3.633e-01	3.806e-01
4.960e+04	4.152e-01	3.824e-01	4.467e-01	4.109e-01	3.939e-01	4.291e-01	4.070e-01	3.809e-01	4.355e-01	3.779e-01	3.670e-01	3.839e-01	3.730e-01	3.627e-01	3.788e-01	3.742e-01	3.621e-01	3.806e-01
4.970e+04	4.152e-01	3.827e-01	4.467e-01	4.118e-01	3.939e-01	4.291e-01	4.070e-01	3.824e-01	4.361e-01	3.779e-01	3.670e-01	3.839e-01	3.730e-01	3.627e-01	3.800e-01	3.742e-01	3.624e-01	3.806e-01
4.980e+04	4.152e-01	3.827e-01	4.467e-01	4.118e-01	3.939e-01	4.291e-01	4.070e-01	3.809e-01	4.361e-01	3.779e-01	3.670e-01	3.836e-01	3.727e-01	3.627e-01	3.800e-01	3.742e-01	3.630e-01	3.818e-01
4.990e+04	4.152e-01	3.827e-01	4.464e-01	4.118e-01	3.945e-01	4.291e-01	4.070e-01	3.809e-01	4.361e-01	3.779e-01	3.670e-01	3.836e-01	3.727e-01	3.627e-01	3.797e-01	3.742e-01	3.630e-01	3.818e-01
5.000e+04	4.152e-01	3.827e-01	4.464e-01	4.118e-01	3.948e-01	4.291e-01	4.070e-01	3.809e-01	4.361e-01	3.779e-01	3.673e-01	3.839e-01	3.727e-01	3.627e-01	3.797e-01	3.730e-01	3.630e-01	3.818e-01
