n.evals.q.1.0.	_.vs.4.nav.e_maze.ga.pleiotropy.1.0.all.each.brain.pleiotropy.avg	_.vs.4.nav.e_maze.ga.pleiotropy.1.0.all.each.brain.pleiotropy.avg.min	_.vs.4.nav.e_maze.ga.pleiotropy.1.0.all.each.brain.pleiotropy.avg.max	_.vs.4.nav.e_maze.ga.pleiotropy.1.0.unique.all.each.brain.pleiotropy.avg	_.vs.4.nav.e_maze.ga.pleiotropy.1.0.unique.all.each.brain.pleiotropy.avg.min	_.vs.4.nav.e_maze.ga.pleiotropy.1.0.unique.all.each.brain.pleiotropy.avg.max	_.vs.4.nav.e_maze.ga.pleiotropy.1.0.sequential.all.each.brain.pleiotropy.avg	_.vs.4.nav.e_maze.ga.pleiotropy.1.0.sequential.all.each.brain.pleiotropy.avg.min	_.vs.4.nav.e_maze.ga.pleiotropy.1.0.sequential.all.each.brain.pleiotropy.avg.max	_.vs.4.nav.y_maze.ga.pleiotropy.1.0.all.each.brain.pleiotropy.avg	_.vs.4.nav.y_maze.ga.pleiotropy.1.0.all.each.brain.pleiotropy.avg.min	_.vs.4.nav.y_maze.ga.pleiotropy.1.0.all.each.brain.pleiotropy.avg.max	_.vs.4.nav.y_maze.ga.pleiotropy.1.0.unique.all.each.brain.pleiotropy.avg	_.vs.4.nav.y_maze.ga.pleiotropy.1.0.unique.all.each.brain.pleiotropy.avg.min	_.vs.4.nav.y_maze.ga.pleiotropy.1.0.unique.all.each.brain.pleiotropy.avg.max	_.vs.4.nav.y_maze.ga.pleiotropy.1.0.sequential.all.each.brain.pleiotropy.avg	_.vs.4.nav.y_maze.ga.pleiotropy.1.0.sequential.all.each.brain.pleiotropy.avg.min	_.vs.4.nav.y_maze.ga.pleiotropy.1.0.sequential.all.each.brain.pleiotropy.avg.max
1.000e+02	3.293e-01	3.241e-01	3.331e-01	0.000e+00	0.000e+00	0.000e+00	0.000e+00	0.000e+00	0.000e+00	3.293e-01	3.241e-01	3.331e-01	0.000e+00	0.000e+00	0.000e+00	0.000e+00	0.000e+00	0.000e+00
2.000e+02	3.283e-01	3.252e-01	3.310e-01	1.434e-01	1.348e-01	1.531e-01	1.503e-01	1.441e-01	1.645e-01	3.293e-01	3.266e-01	3.338e-01	1.521e-01	1.428e-01	1.600e-01	1.476e-01	1.414e-01	1.548e-01
3.000e+02	3.297e-01	3.228e-01	3.331e-01	2.048e-01	1.852e-01	2.138e-01	2.072e-01	1.903e-01	2.179e-01	3.314e-01	3.262e-01	3.355e-01	2.066e-01	1.966e-01	2.162e-01	2.014e-01	1.924e-01	2.186e-01
4.000e+02	3.262e-01	3.234e-01	3.352e-01	2.303e-01	2.179e-01	2.393e-01	2.397e-01	2.207e-01	2.459e-01	3.303e-01	3.259e-01	3.348e-01	2.341e-01	2.228e-01	2.445e-01	2.338e-01	2.241e-01	2.472e-01
5.000e+02	3.272e-01	3.238e-01	3.317e-01	2.483e-01	2.369e-01	2.566e-01	2.493e-01	2.359e-01	2.614e-01	3.293e-01	3.248e-01	3.345e-01	2.514e-01	2.431e-01	2.572e-01	2.507e-01	2.424e-01	2.607e-01
6.000e+02	3.293e-01	3.234e-01	3.345e-01	2.600e-01	2.500e-01	2.690e-01	2.645e-01	2.462e-01	2.741e-01	3.314e-01	3.245e-01	3.348e-01	2.624e-01	2.531e-01	2.700e-01	2.621e-01	2.552e-01	2.700e-01
7.000e+02	3.290e-01	3.234e-01	3.338e-01	2.693e-01	2.597e-01	2.745e-01	2.697e-01	2.583e-01	2.786e-01	3.293e-01	3.262e-01	3.345e-01	2.710e-01	2.576e-01	2.814e-01	2.703e-01	2.610e-01	2.803e-01
8.000e+02	3.307e-01	3.245e-01	3.345e-01	2.734e-01	2.679e-01	2.828e-01	2.772e-01	2.659e-01	2.862e-01	3.300e-01	3.252e-01	3.348e-01	2.779e-01	2.672e-01	2.883e-01	2.807e-01	2.707e-01	2.890e-01
9.000e+02	3.293e-01	3.245e-01	3.328e-01	2.821e-01	2.717e-01	2.917e-01	2.772e-01	2.707e-01	2.931e-01	3.317e-01	3.255e-01	3.352e-01	2.852e-01	2.703e-01	2.910e-01	2.824e-01	2.772e-01	2.897e-01
1.000e+03	3.303e-01	3.238e-01	3.338e-01	2.852e-01	2.759e-01	2.938e-01	2.869e-01	2.728e-01	2.955e-01	3.317e-01	3.255e-01	3.345e-01	2.897e-01	2.752e-01	2.941e-01	2.872e-01	2.803e-01	2.931e-01
1.100e+03	3.279e-01	3.234e-01	3.338e-01	2.900e-01	2.828e-01	2.986e-01	2.934e-01	2.790e-01	2.997e-01	3.307e-01	3.252e-01	3.341e-01	2.941e-01	2.772e-01	3.034e-01	2.907e-01	2.838e-01	2.955e-01
1.200e+03	3.290e-01	3.255e-01	3.321e-01	2.948e-01	2.862e-01	3.014e-01	2.931e-01	2.834e-01	3.038e-01	3.307e-01	3.262e-01	3.341e-01	2.969e-01	2.841e-01	3.052e-01	2.928e-01	2.869e-01	3.017e-01
1.300e+03	3.297e-01	3.252e-01	3.314e-01	2.990e-01	2.872e-01	3.072e-01	2.990e-01	2.855e-01	3.079e-01	3.310e-01	3.276e-01	3.345e-01	3.010e-01	2.893e-01	3.086e-01	2.969e-01	2.883e-01	3.014e-01
1.400e+03	3.297e-01	3.245e-01	3.324e-01	3.031e-01	2.879e-01	3.124e-01	3.014e-01	2.852e-01	3.090e-01	3.310e-01	3.262e-01	3.352e-01	3.041e-01	2.852e-01	3.141e-01	2.986e-01	2.917e-01	3.031e-01
1.500e+03	3.300e-01	3.259e-01	3.334e-01	3.055e-01	2.924e-01	3.131e-01	3.014e-01	2.866e-01	3.121e-01	3.300e-01	3.259e-01	3.359e-01	3.059e-01	2.900e-01	3.172e-01	3.017e-01	2.931e-01	3.079e-01
1.600e+03	3.303e-01	3.259e-01	3.341e-01	3.045e-01	3.017e-01	3.152e-01	3.038e-01	2.872e-01	3.128e-01	3.307e-01	3.245e-01	3.341e-01	3.076e-01	2.917e-01	3.155e-01	3.041e-01	2.952e-01	3.090e-01
1.700e+03	3.303e-01	3.245e-01	3.341e-01	3.083e-01	3.010e-01	3.159e-01	3.055e-01	2.879e-01	3.145e-01	3.297e-01	3.259e-01	3.345e-01	3.093e-01	2.897e-01	3.152e-01	3.041e-01	2.972e-01	3.114e-01
1.800e+03	3.310e-01	3.255e-01	3.359e-01	3.079e-01	3.014e-01	3.176e-01	3.079e-01	2.897e-01	3.186e-01	3.297e-01	3.252e-01	3.328e-01	3.110e-01	2.945e-01	3.169e-01	3.034e-01	2.986e-01	3.145e-01
1.900e+03	3.321e-01	3.269e-01	3.355e-01	3.093e-01	3.021e-01	3.186e-01	3.045e-01	2.897e-01	3.193e-01	3.300e-01	3.259e-01	3.334e-01	3.110e-01	2.928e-01	3.179e-01	3.059e-01	2.997e-01	3.148e-01
2.000e+03	3.321e-01	3.272e-01	3.345e-01	3.117e-01	3.052e-01	3.183e-01	3.052e-01	2.934e-01	3.221e-01	3.314e-01	3.276e-01	3.334e-01	3.103e-01	2.986e-01	3.203e-01	3.076e-01	2.997e-01	3.148e-01
2.100e+03	3.310e-01	3.255e-01	3.372e-01	3.138e-01	3.083e-01	3.176e-01	3.083e-01	2.976e-01	3.221e-01	3.310e-01	3.276e-01	3.334e-01	3.107e-01	2.990e-01	3.193e-01	3.100e-01	3.038e-01	3.166e-01
2.200e+03	3.331e-01	3.262e-01	3.362e-01	3.152e-01	3.086e-01	3.203e-01	3.103e-01	2.976e-01	3.234e-01	3.307e-01	3.266e-01	3.341e-01	3.110e-01	2.986e-01	3.234e-01	3.100e-01	3.038e-01	3.152e-01
2.300e+03	3.321e-01	3.272e-01	3.372e-01	3.155e-01	3.107e-01	3.234e-01	3.117e-01	2.969e-01	3.248e-01	3.317e-01	3.252e-01	3.359e-01	3.128e-01	3.034e-01	3.262e-01	3.097e-01	3.041e-01	3.179e-01
2.400e+03	3.328e-01	3.279e-01	3.362e-01	3.166e-01	3.121e-01	3.259e-01	3.131e-01	3.010e-01	3.259e-01	3.328e-01	3.234e-01	3.352e-01	3.131e-01	3.010e-01	3.272e-01	3.114e-01	3.059e-01	3.200e-01
2.500e+03	3.328e-01	3.283e-01	3.386e-01	3.176e-01	3.117e-01	3.272e-01	3.141e-01	3.003e-01	3.266e-01	3.331e-01	3.245e-01	3.355e-01	3.138e-01	3.010e-01	3.266e-01	3.100e-01	3.066e-01	3.190e-01
2.600e+03	3.334e-01	3.283e-01	3.397e-01	3.200e-01	3.121e-01	3.272e-01	3.145e-01	3.017e-01	3.259e-01	3.338e-01	3.245e-01	3.362e-01	3.166e-01	3.031e-01	3.283e-01	3.110e-01	3.059e-01	3.193e-01
2.700e+03	3.355e-01	3.283e-01	3.397e-01	3.197e-01	3.128e-01	3.276e-01	3.162e-01	3.045e-01	3.259e-01	3.317e-01	3.255e-01	3.366e-01	3.186e-01	3.059e-01	3.290e-01	3.114e-01	3.055e-01	3.197e-01
2.800e+03	3.341e-01	3.286e-01	3.403e-01	3.193e-01	3.117e-01	3.272e-01	3.172e-01	3.041e-01	3.293e-01	3.334e-01	3.262e-01	3.369e-01	3.159e-01	3.066e-01	3.300e-01	3.114e-01	3.066e-01	3.207e-01
2.900e+03	3.348e-01	3.286e-01	3.403e-01	3.217e-01	3.124e-01	3.259e-01	3.162e-01	3.059e-01	3.297e-01	3.331e-01	3.241e-01	3.369e-01	3.159e-01	3.093e-01	3.279e-01	3.124e-01	3.097e-01	3.203e-01
3.000e+03	3.359e-01	3.283e-01	3.410e-01	3.228e-01	3.145e-01	3.272e-01	3.166e-01	3.072e-01	3.303e-01	3.334e-01	3.248e-01	3.372e-01	3.152e-01	3.100e-01	3.297e-01	3.117e-01	3.090e-01	3.214e-01
3.100e+03	3.376e-01	3.283e-01	3.414e-01	3.231e-01	3.155e-01	3.266e-01	3.172e-01	3.097e-01	3.317e-01	3.328e-01	3.255e-01	3.376e-01	3.203e-01	3.093e-01	3.283e-01	3.124e-01	3.086e-01	3.238e-01
3.200e+03	3.366e-01	3.276e-01	3.424e-01	3.245e-01	3.159e-01	3.279e-01	3.203e-01	3.097e-01	3.317e-01	3.328e-01	3.259e-01	3.372e-01	3.203e-01	3.110e-01	3.293e-01	3.134e-01	3.086e-01	3.238e-01
3.300e+03	3.372e-01	3.283e-01	3.445e-01	3.248e-01	3.155e-01	3.290e-01	3.217e-01	3.093e-01	3.324e-01	3.321e-01	3.269e-01	3.369e-01	3.200e-01	3.117e-01	3.293e-01	3.159e-01	3.086e-01	3.241e-01
3.400e+03	3.359e-01	3.272e-01	3.455e-01	3.248e-01	3.169e-01	3.321e-01	3.221e-01	3.083e-01	3.300e-01	3.317e-01	3.279e-01	3.366e-01	3.197e-01	3.117e-01	3.300e-01	3.162e-01	3.093e-01	3.252e-01
3.500e+03	3.362e-01	3.283e-01	3.448e-01	3.252e-01	3.207e-01	3.324e-01	3.238e-01	3.097e-01	3.338e-01	3.314e-01	3.279e-01	3.372e-01	3.200e-01	3.138e-01	3.297e-01	3.162e-01	3.093e-01	3.255e-01
3.600e+03	3.362e-01	3.283e-01	3.459e-01	3.255e-01	3.217e-01	3.345e-01	3.259e-01	3.097e-01	3.345e-01	3.324e-01	3.283e-01	3.366e-01	3.197e-01	3.128e-01	3.303e-01	3.169e-01	3.097e-01	3.259e-01
3.700e+03	3.366e-01	3.286e-01	3.469e-01	3.272e-01	3.200e-01	3.355e-01	3.248e-01	3.128e-01	3.348e-01	3.321e-01	3.279e-01	3.348e-01	3.203e-01	3.128e-01	3.317e-01	3.176e-01	3.093e-01	3.269e-01
3.800e+03	3.352e-01	3.279e-01	3.472e-01	3.290e-01	3.203e-01	3.390e-01	3.248e-01	3.131e-01	3.362e-01	3.328e-01	3.286e-01	3.348e-01	3.231e-01	3.124e-01	3.345e-01	3.193e-01	3.110e-01	3.262e-01
3.900e+03	3.355e-01	3.269e-01	3.469e-01	3.290e-01	3.217e-01	3.379e-01	3.297e-01	3.148e-01	3.376e-01	3.331e-01	3.279e-01	3.359e-01	3.228e-01	3.114e-01	3.324e-01	3.179e-01	3.103e-01	3.262e-01
4.000e+03	3.366e-01	3.272e-01	3.462e-01	3.303e-01	3.224e-01	3.369e-01	3.297e-01	3.141e-01	3.383e-01	3.317e-01	3.286e-01	3.372e-01	3.224e-01	3.114e-01	3.345e-01	3.210e-01	3.114e-01	3.266e-01
4.100e+03	3.379e-01	3.255e-01	3.483e-01	3.297e-01	3.231e-01	3.372e-01	3.307e-01	3.131e-01	3.386e-01	3.328e-01	3.286e-01	3.379e-01	3.231e-01	3.134e-01	3.345e-01	3.203e-01	3.124e-01	3.259e-01
4.200e+03	3.386e-01	3.255e-01	3.479e-01	3.300e-01	3.228e-01	3.386e-01	3.307e-01	3.138e-01	3.397e-01	3.328e-01	3.272e-01	3.359e-01	3.231e-01	3.117e-01	3.348e-01	3.203e-01	3.138e-01	3.252e-01
4.300e+03	3.372e-01	3.259e-01	3.486e-01	3.314e-01	3.228e-01	3.403e-01	3.279e-01	3.145e-01	3.400e-01	3.321e-01	3.293e-01	3.372e-01	3.234e-01	3.121e-01	3.348e-01	3.203e-01	3.124e-01	3.252e-01
4.400e+03	3.383e-01	3.266e-01	3.490e-01	3.331e-01	3.224e-01	3.393e-01	3.272e-01	3.145e-01	3.438e-01	3.317e-01	3.283e-01	3.372e-01	3.234e-01	3.121e-01	3.334e-01	3.231e-01	3.121e-01	3.276e-01
4.500e+03	3.372e-01	3.266e-01	3.493e-01	3.331e-01	3.214e-01	3.400e-01	3.272e-01	3.134e-01	3.445e-01	3.321e-01	3.283e-01	3.362e-01	3.231e-01	3.131e-01	3.341e-01	3.238e-01	3.110e-01	3.266e-01
4.600e+03	3.372e-01	3.269e-01	3.500e-01	3.334e-01	3.210e-01	3.400e-01	3.272e-01	3.138e-01	3.452e-01	3.334e-01	3.283e-01	3.359e-01	3.259e-01	3.131e-01	3.341e-01	3.238e-01	3.124e-01	3.272e-01
4.700e+03	3.372e-01	3.262e-01	3.493e-01	3.359e-01	3.214e-01	3.410e-01	3.286e-01	3.155e-01	3.462e-01	3.334e-01	3.283e-01	3.359e-01	3.252e-01	3.131e-01	3.348e-01	3.241e-01	3.124e-01	3.266e-01
4.800e+03	3.348e-01	3.269e-01	3.500e-01	3.355e-01	3.210e-01	3.424e-01	3.293e-01	3.183e-01	3.466e-01	3.331e-01	3.286e-01	3.352e-01	3.252e-01	3.145e-01	3.338e-01	3.234e-01	3.121e-01	3.262e-01
4.900e+03	3.366e-01	3.279e-01	3.517e-01	3.352e-01	3.203e-01	3.428e-01	3.297e-01	3.193e-01	3.493e-01	3.331e-01	3.286e-01	3.348e-01	3.245e-01	3.152e-01	3.338e-01	3.231e-01	3.117e-01	3.255e-01
5.000e+03	3.366e-01	3.279e-01	3.541e-01	3.345e-01	3.200e-01	3.428e-01	3.290e-01	3.207e-01	3.493e-01	3.334e-01	3.283e-01	3.348e-01	3.248e-01	3.148e-01	3.334e-01	3.234e-01	3.110e-01	3.272e-01
5.100e+03	3.362e-01	3.272e-01	3.541e-01	3.355e-01	3.193e-01	3.428e-01	3.300e-01	3.207e-01	3.507e-01	3.331e-01	3.297e-01	3.355e-01	3.262e-01	3.148e-01	3.334e-01	3.228e-01	3.110e-01	3.283e-01
5.200e+03	3.369e-01	3.272e-01	3.538e-01	3.338e-01	3.186e-01	3.448e-01	3.303e-01	3.221e-01	3.524e-01	3.331e-01	3.276e-01	3.348e-01	3.228e-01	3.155e-01	3.352e-01	3.231e-01	3.128e-01	3.279e-01
5.300e+03	3.372e-01	3.276e-01	3.538e-01	3.338e-01	3.217e-01	3.445e-01	3.290e-01	3.221e-01	3.510e-01	3.317e-01	3.279e-01	3.352e-01	3.228e-01	3.148e-01	3.348e-01	3.231e-01	3.124e-01	3.276e-01
5.400e+03	3.359e-01	3.286e-01	3.548e-01	3.341e-01	3.203e-01	3.459e-01	3.307e-01	3.231e-01	3.500e-01	3.324e-01	3.272e-01	3.355e-01	3.224e-01	3.145e-01	3.341e-01	3.234e-01	3.138e-01	3.276e-01
5.500e+03	3.369e-01	3.290e-01	3.541e-01	3.345e-01	3.197e-01	3.445e-01	3.297e-01	3.200e-01	3.493e-01	3.334e-01	3.272e-01	3.376e-01	3.231e-01	3.169e-01	3.352e-01	3.241e-01	3.138e-01	3.283e-01
5.600e+03	3.393e-01	3.283e-01	3.538e-01	3.369e-01	3.197e-01	3.466e-01	3.286e-01	3.179e-01	3.500e-01	3.341e-01	3.272e-01	3.369e-01	3.245e-01	3.169e-01	3.359e-01	3.241e-01	3.138e-01	3.293e-01
5.700e+03	3.397e-01	3.262e-01	3.541e-01	3.369e-01	3.203e-01	3.469e-01	3.303e-01	3.186e-01	3.493e-01	3.338e-01	3.269e-01	3.366e-01	3.245e-01	3.172e-01	3.359e-01	3.252e-01	3.148e-01	3.272e-01
5.800e+03	3.403e-01	3.241e-01	3.545e-01	3.359e-01	3.203e-01	3.472e-01	3.310e-01	3.186e-01	3.497e-01	3.338e-01	3.286e-01	3.372e-01	3.245e-01	3.172e-01	3.355e-01	3.238e-01	3.131e-01	3.276e-01
5.900e+03	3.390e-01	3.245e-01	3.555e-01	3.359e-01	3.193e-01	3.472e-01	3.317e-01	3.193e-01	3.510e-01	3.341e-01	3.276e-01	3.369e-01	3.255e-01	3.172e-01	3.317e-01	3.248e-01	3.152e-01	3.279e-01
6.000e+03	3.383e-01	3.255e-01	3.552e-01	3.369e-01	3.193e-01	3.483e-01	3.321e-01	3.190e-01	3.514e-01	3.348e-01	3.269e-01	3.366e-01	3.252e-01	3.172e-01	3.321e-01	3.248e-01	3.138e-01	3.290e-01
6.100e+03	3.407e-01	3.252e-01	3.555e-01	3.355e-01	3.197e-01	3.483e-01	3.321e-01	3.200e-01	3.503e-01	3.328e-01	3.272e-01	3.372e-01	3.245e-01	3.183e-01	3.321e-01	3.252e-01	3.141e-01	3.297e-01
6.200e+03	3.407e-01	3.259e-01	3.552e-01	3.352e-01	3.203e-01	3.472e-01	3.317e-01	3.203e-01	3.517e-01	3.341e-01	3.272e-01	3.366e-01	3.276e-01	3.210e-01	3.321e-01	3.234e-01	3.141e-01	3.307e-01
6.300e+03	3.397e-01	3.248e-01	3.552e-01	3.369e-01	3.210e-01	3.490e-01	3.310e-01	3.210e-01	3.517e-01	3.334e-01	3.283e-01	3.362e-01	3.266e-01	3.210e-01	3.324e-01	3.228e-01	3.166e-01	3.293e-01
6.400e+03	3.397e-01	3.252e-01	3.566e-01	3.366e-01	3.214e-01	3.497e-01	3.310e-01	3.203e-01	3.524e-01	3.334e-01	3.276e-01	3.366e-01	3.262e-01	3.203e-01	3.328e-01	3.252e-01	3.159e-01	3.314e-01
6.500e+03	3.390e-01	3.255e-01	3.562e-01	3.366e-01	3.224e-01	3.490e-01	3.310e-01	3.186e-01	3.531e-01	3.324e-01	3.283e-01	3.362e-01	3.259e-01	3.203e-01	3.321e-01	3.248e-01	3.148e-01	3.314e-01
6.600e+03	3.414e-01	3.262e-01	3.569e-01	3.362e-01	3.221e-01	3.493e-01	3.331e-01	3.179e-01	3.545e-01	3.331e-01	3.283e-01	3.372e-01	3.252e-01	3.207e-01	3.317e-01	3.252e-01	3.148e-01	3.314e-01
6.700e+03	3.417e-01	3.266e-01	3.569e-01	3.376e-01	3.228e-01	3.507e-01	3.331e-01	3.169e-01	3.545e-01	3.328e-01	3.283e-01	3.369e-01	3.269e-01	3.221e-01	3.334e-01	3.248e-01	3.148e-01	3.317e-01
6.800e+03	3.421e-01	3.262e-01	3.579e-01	3.383e-01	3.234e-01	3.524e-01	3.331e-01	3.169e-01	3.552e-01	3.328e-01	3.262e-01	3.366e-01	3.269e-01	3.214e-01	3.334e-01	3.248e-01	3.155e-01	3.317e-01
6.900e+03	3.410e-01	3.262e-01	3.566e-01	3.397e-01	3.224e-01	3.531e-01	3.328e-01	3.169e-01	3.566e-01	3.324e-01	3.269e-01	3.366e-01	3.276e-01	3.224e-01	3.334e-01	3.245e-01	3.162e-01	3.324e-01
7.000e+03	3.428e-01	3.272e-01	3.566e-01	3.397e-01	3.221e-01	3.514e-01	3.328e-01	3.162e-01	3.545e-01	3.321e-01	3.272e-01	3.366e-01	3.269e-01	3.231e-01	3.331e-01	3.248e-01	3.128e-01	3.324e-01
7.100e+03	3.445e-01	3.276e-01	3.583e-01	3.386e-01	3.221e-01	3.524e-01	3.324e-01	3.169e-01	3.569e-01	3.321e-01	3.283e-01	3.362e-01	3.266e-01	3.228e-01	3.334e-01	3.248e-01	3.155e-01	3.317e-01
7.200e+03	3.434e-01	3.262e-01	3.590e-01	3.383e-01	3.221e-01	3.514e-01	3.324e-01	3.169e-01	3.569e-01	3.314e-01	3.283e-01	3.362e-01	3.283e-01	3.228e-01	3.341e-01	3.262e-01	3.155e-01	3.341e-01
7.300e+03	3.448e-01	3.262e-01	3.579e-01	3.400e-01	3.228e-01	3.507e-01	3.338e-01	3.193e-01	3.569e-01	3.314e-01	3.283e-01	3.355e-01	3.283e-01	3.200e-01	3.334e-01	3.262e-01	3.155e-01	3.331e-01
7.400e+03	3.452e-01	3.255e-01	3.576e-01	3.407e-01	3.210e-01	3.507e-01	3.348e-01	3.186e-01	3.576e-01	3.307e-01	3.272e-01	3.366e-01	3.290e-01	3.200e-01	3.338e-01	3.262e-01	3.155e-01	3.331e-01
7.500e+03	3.455e-01	3.262e-01	3.569e-01	3.414e-01	3.221e-01	3.517e-01	3.352e-01	3.172e-01	3.562e-01	3.314e-01	3.255e-01	3.366e-01	3.283e-01	3.197e-01	3.372e-01	3.262e-01	3.152e-01	3.331e-01
7.600e+03	3.466e-01	3.262e-01	3.583e-01	3.414e-01	3.238e-01	3.517e-01	3.359e-01	3.172e-01	3.597e-01	3.307e-01	3.262e-01	3.359e-01	3.276e-01	3.190e-01	3.362e-01	3.259e-01	3.145e-01	3.331e-01
7.700e+03	3.472e-01	3.262e-01	3.600e-01	3.407e-01	3.245e-01	3.521e-01	3.369e-01	3.183e-01	3.600e-01	3.307e-01	3.252e-01	3.355e-01	3.272e-01	3.207e-01	3.372e-01	3.269e-01	3.145e-01	3.362e-01
7.800e+03	3.455e-01	3.279e-01	3.590e-01	3.407e-01	3.245e-01	3.524e-01	3.369e-01	3.190e-01	3.603e-01	3.307e-01	3.266e-01	3.352e-01	3.279e-01	3.224e-01	3.352e-01	3.266e-01	3.152e-01	3.362e-01
7.900e+03	3.452e-01	3.279e-01	3.610e-01	3.414e-01	3.245e-01	3.521e-01	3.376e-01	3.197e-01	3.597e-01	3.307e-01	3.259e-01	3.352e-01	3.283e-01	3.217e-01	3.345e-01	3.266e-01	3.159e-01	3.362e-01
8.000e+03	3.462e-01	3.279e-01	3.614e-01	3.414e-01	3.245e-01	3.521e-01	3.369e-01	3.197e-01	3.597e-01	3.324e-01	3.259e-01	3.345e-01	3.286e-01	3.217e-01	3.352e-01	3.266e-01	3.145e-01	3.369e-01
8.100e+03	3.462e-01	3.276e-01	3.607e-01	3.414e-01	3.248e-01	3.521e-01	3.369e-01	3.217e-01	3.600e-01	3.317e-01	3.248e-01	3.348e-01	3.286e-01	3.207e-01	3.352e-01	3.262e-01	3.141e-01	3.369e-01
8.200e+03	3.472e-01	3.276e-01	3.600e-01	3.414e-01	3.255e-01	3.521e-01	3.352e-01	3.207e-01	3.628e-01	3.317e-01	3.255e-01	3.348e-01	3.286e-01	3.210e-01	3.352e-01	3.269e-01	3.141e-01	3.355e-01
8.300e+03	3.479e-01	3.290e-01	3.600e-01	3.397e-01	3.276e-01	3.524e-01	3.334e-01	3.203e-01	3.621e-01	3.317e-01	3.241e-01	3.352e-01	3.297e-01	3.203e-01	3.355e-01	3.272e-01	3.148e-01	3.352e-01
8.400e+03	3.483e-01	3.300e-01	3.610e-01	3.397e-01	3.286e-01	3.524e-01	3.334e-01	3.203e-01	3.621e-01	3.317e-01	3.255e-01	3.355e-01	3.297e-01	3.197e-01	3.355e-01	3.269e-01	3.148e-01	3.352e-01
8.500e+03	3.486e-01	3.300e-01	3.614e-01	3.410e-01	3.279e-01	3.534e-01	3.366e-01	3.207e-01	3.617e-01	3.324e-01	3.259e-01	3.348e-01	3.300e-01	3.200e-01	3.355e-01	3.272e-01	3.166e-01	3.359e-01
8.600e+03	3.497e-01	3.290e-01	3.621e-01	3.400e-01	3.279e-01	3.559e-01	3.372e-01	3.221e-01	3.631e-01	3.321e-01	3.259e-01	3.362e-01	3.303e-01	3.200e-01	3.355e-01	3.269e-01	3.162e-01	3.348e-01
8.700e+03	3.493e-01	3.283e-01	3.607e-01	3.403e-01	3.276e-01	3.559e-01	3.359e-01	3.234e-01	3.634e-01	3.321e-01	3.259e-01	3.359e-01	3.303e-01	3.200e-01	3.366e-01	3.272e-01	3.169e-01	3.341e-01
8.800e+03	3.500e-01	3.290e-01	3.607e-01	3.400e-01	3.269e-01	3.559e-01	3.359e-01	3.234e-01	3.634e-01	3.314e-01	3.255e-01	3.366e-01	3.300e-01	3.200e-01	3.366e-01	3.269e-01	3.169e-01	3.341e-01
8.900e+03	3.490e-01	3.293e-01	3.621e-01	3.403e-01	3.290e-01	3.583e-01	3.359e-01	3.245e-01	3.645e-01	3.321e-01	3.262e-01	3.366e-01	3.297e-01	3.172e-01	3.369e-01	3.269e-01	3.179e-01	3.348e-01
9.000e+03	3.493e-01	3.286e-01	3.590e-01	3.403e-01	3.290e-01	3.583e-01	3.369e-01	3.248e-01	3.655e-01	3.321e-01	3.255e-01	3.366e-01	3.286e-01	3.172e-01	3.359e-01	3.269e-01	3.183e-01	3.341e-01
9.100e+03	3.497e-01	3.286e-01	3.603e-01	3.410e-01	3.276e-01	3.593e-01	3.386e-01	3.234e-01	3.655e-01	3.317e-01	3.262e-01	3.372e-01	3.290e-01	3.162e-01	3.362e-01	3.283e-01	3.197e-01	3.341e-01
9.200e+03	3.497e-01	3.276e-01	3.597e-01	3.424e-01	3.297e-01	3.600e-01	3.386e-01	3.241e-01	3.676e-01	3.321e-01	3.262e-01	3.359e-01	3.290e-01	3.162e-01	3.372e-01	3.286e-01	3.197e-01	3.341e-01
9.300e+03	3.486e-01	3.272e-01	3.597e-01	3.441e-01	3.314e-01	3.593e-01	3.386e-01	3.245e-01	3.676e-01	3.321e-01	3.262e-01	3.369e-01	3.290e-01	3.162e-01	3.372e-01	3.286e-01	3.193e-01	3.348e-01
9.400e+03	3.490e-01	3.266e-01	3.603e-01	3.441e-01	3.314e-01	3.593e-01	3.376e-01	3.238e-01	3.686e-01	3.321e-01	3.245e-01	3.372e-01	3.293e-01	3.166e-01	3.379e-01	3.286e-01	3.186e-01	3.355e-01
9.500e+03	3.490e-01	3.266e-01	3.607e-01	3.445e-01	3.300e-01	3.603e-01	3.369e-01	3.241e-01	3.693e-01	3.324e-01	3.241e-01	3.376e-01	3.283e-01	3.183e-01	3.379e-01	3.283e-01	3.190e-01	3.352e-01
9.600e+03	3.490e-01	3.269e-01	3.610e-01	3.445e-01	3.307e-01	3.621e-01	3.393e-01	3.241e-01	3.724e-01	3.321e-01	3.241e-01	3.376e-01	3.290e-01	3.172e-01	3.383e-01	3.293e-01	3.200e-01	3.359e-01
9.700e+03	3.490e-01	3.269e-01	3.617e-01	3.448e-01	3.310e-01	3.621e-01	3.379e-01	3.245e-01	3.724e-01	3.324e-01	3.245e-01	3.376e-01	3.293e-01	3.172e-01	3.386e-01	3.293e-01	3.186e-01	3.362e-01
9.800e+03	3.490e-01	3.272e-01	3.607e-01	3.466e-01	3.300e-01	3.610e-01	3.386e-01	3.248e-01	3.714e-01	3.324e-01	3.234e-01	3.376e-01	3.300e-01	3.169e-01	3.379e-01	3.297e-01	3.183e-01	3.345e-01
9.900e+03	3.493e-01	3.272e-01	3.610e-01	3.452e-01	3.310e-01	3.607e-01	3.390e-01	3.255e-01	3.714e-01	3.331e-01	3.231e-01	3.372e-01	3.300e-01	3.172e-01	3.386e-01	3.293e-01	3.183e-01	3.341e-01
1.000e+04	3.490e-01	3.290e-01	3.610e-01	3.459e-01	3.310e-01	3.607e-01	3.393e-01	3.238e-01	3.714e-01	3.341e-01	3.231e-01	3.383e-01	3.300e-01	3.183e-01	3.369e-01	3.300e-01	3.193e-01	3.352e-01
1.010e+04	3.503e-01	3.297e-01	3.607e-01	3.469e-01	3.303e-01	3.607e-01	3.403e-01	3.238e-01	3.714e-01	3.348e-01	3.238e-01	3.390e-01	3.300e-01	3.183e-01	3.379e-01	3.300e-01	3.193e-01	3.352e-01
1.020e+04	3.486e-01	3.286e-01	3.614e-01	3.493e-01	3.310e-01	3.614e-01	3.403e-01	3.238e-01	3.707e-01	3.348e-01	3.245e-01	3.390e-01	3.300e-01	3.183e-01	3.379e-01	3.293e-01	3.186e-01	3.352e-01
1.030e+04	3.500e-01	3.269e-01	3.621e-01	3.521e-01	3.293e-01	3.607e-01	3.407e-01	3.241e-01	3.707e-01	3.341e-01	3.248e-01	3.386e-01	3.300e-01	3.183e-01	3.379e-01	3.293e-01	3.197e-01	3.341e-01
1.040e+04	3.510e-01	3.279e-01	3.617e-01	3.524e-01	3.303e-01	3.621e-01	3.403e-01	3.238e-01	3.707e-01	3.341e-01	3.245e-01	3.386e-01	3.297e-01	3.172e-01	3.376e-01	3.293e-01	3.197e-01	3.341e-01
1.050e+04	3.510e-01	3.283e-01	3.621e-01	3.524e-01	3.303e-01	3.624e-01	3.403e-01	3.241e-01	3.707e-01	3.352e-01	3.259e-01	3.379e-01	3.293e-01	3.169e-01	3.366e-01	3.293e-01	3.190e-01	3.355e-01
1.060e+04	3.500e-01	3.283e-01	3.614e-01	3.524e-01	3.290e-01	3.624e-01	3.403e-01	3.252e-01	3.710e-01	3.348e-01	3.272e-01	3.379e-01	3.293e-01	3.176e-01	3.366e-01	3.293e-01	3.200e-01	3.345e-01
1.070e+04	3.490e-01	3.283e-01	3.614e-01	3.524e-01	3.293e-01	3.631e-01	3.414e-01	3.238e-01	3.710e-01	3.362e-01	3.272e-01	3.386e-01	3.300e-01	3.197e-01	3.362e-01	3.300e-01	3.197e-01	3.359e-01
1.080e+04	3.510e-01	3.266e-01	3.621e-01	3.510e-01	3.293e-01	3.631e-01	3.421e-01	3.231e-01	3.734e-01	3.362e-01	3.272e-01	3.390e-01	3.303e-01	3.197e-01	3.362e-01	3.300e-01	3.197e-01	3.352e-01
1.090e+04	3.507e-01	3.276e-01	3.607e-01	3.497e-01	3.307e-01	3.631e-01	3.428e-01	3.228e-01	3.728e-01	3.348e-01	3.272e-01	3.379e-01	3.297e-01	3.193e-01	3.359e-01	3.300e-01	3.217e-01	3.345e-01
1.100e+04	3.507e-01	3.276e-01	3.628e-01	3.500e-01	3.303e-01	3.631e-01	3.441e-01	3.238e-01	3.728e-01	3.345e-01	3.272e-01	3.383e-01	3.297e-01	3.193e-01	3.369e-01	3.293e-01	3.210e-01	3.345e-01
1.110e+04	3.497e-01	3.276e-01	3.628e-01	3.500e-01	3.310e-01	3.631e-01	3.431e-01	3.238e-01	3.728e-01	3.345e-01	3.272e-01	3.379e-01	3.314e-01	3.193e-01	3.366e-01	3.297e-01	3.221e-01	3.352e-01
1.120e+04	3.500e-01	3.259e-01	3.638e-01	3.500e-01	3.310e-01	3.648e-01	3.431e-01	3.231e-01	3.724e-01	3.345e-01	3.272e-01	3.379e-01	3.307e-01	3.193e-01	3.352e-01	3.290e-01	3.221e-01	3.352e-01
1.130e+04	3.493e-01	3.252e-01	3.624e-01	3.503e-01	3.310e-01	3.645e-01	3.441e-01	3.259e-01	3.734e-01	3.345e-01	3.276e-01	3.383e-01	3.314e-01	3.190e-01	3.345e-01	3.290e-01	3.231e-01	3.352e-01
1.140e+04	3.510e-01	3.252e-01	3.628e-01	3.500e-01	3.303e-01	3.648e-01	3.455e-01	3.259e-01	3.734e-01	3.338e-01	3.269e-01	3.383e-01	3.314e-01	3.190e-01	3.352e-01	3.290e-01	3.224e-01	3.348e-01
1.150e+04	3.510e-01	3.252e-01	3.628e-01	3.507e-01	3.303e-01	3.648e-01	3.455e-01	3.248e-01	3.728e-01	3.338e-01	3.266e-01	3.383e-01	3.314e-01	3.200e-01	3.352e-01	3.286e-01	3.217e-01	3.348e-01
1.160e+04	3.510e-01	3.252e-01	3.628e-01	3.510e-01	3.300e-01	3.655e-01	3.466e-01	3.241e-01	3.728e-01	3.324e-01	3.266e-01	3.386e-01	3.314e-01	3.200e-01	3.341e-01	3.286e-01	3.221e-01	3.348e-01
1.170e+04	3.514e-01	3.248e-01	3.614e-01	3.528e-01	3.310e-01	3.655e-01	3.469e-01	3.241e-01	3.738e-01	3.328e-01	3.272e-01	3.379e-01	3.303e-01	3.200e-01	3.352e-01	3.286e-01	3.221e-01	3.348e-01
1.180e+04	3.479e-01	3.252e-01	3.631e-01	3.538e-01	3.310e-01	3.655e-01	3.459e-01	3.245e-01	3.721e-01	3.324e-01	3.279e-01	3.379e-01	3.303e-01	3.200e-01	3.362e-01	3.297e-01	3.228e-01	3.348e-01
1.190e+04	3.472e-01	3.248e-01	3.624e-01	3.538e-01	3.310e-01	3.648e-01	3.455e-01	3.238e-01	3.714e-01	3.321e-01	3.290e-01	3.386e-01	3.303e-01	3.200e-01	3.362e-01	3.293e-01	3.228e-01	3.348e-01
1.200e+04	3.493e-01	3.248e-01	3.624e-01	3.538e-01	3.310e-01	3.652e-01	3.455e-01	3.228e-01	3.731e-01	3.331e-01	3.290e-01	3.379e-01	3.310e-01	3.200e-01	3.348e-01	3.297e-01	3.228e-01	3.348e-01
1.210e+04	3.493e-01	3.248e-01	3.617e-01	3.524e-01	3.310e-01	3.659e-01	3.455e-01	3.228e-01	3.745e-01	3.324e-01	3.283e-01	3.379e-01	3.310e-01	3.190e-01	3.362e-01	3.297e-01	3.241e-01	3.348e-01
1.220e+04	3.500e-01	3.248e-01	3.617e-01	3.503e-01	3.321e-01	3.659e-01	3.493e-01	3.238e-01	3.738e-01	3.321e-01	3.276e-01	3.383e-01	3.310e-01	3.197e-01	3.366e-01	3.286e-01	3.228e-01	3.338e-01
1.230e+04	3.500e-01	3.259e-01	3.617e-01	3.510e-01	3.324e-01	3.655e-01	3.483e-01	3.241e-01	3.755e-01	3.328e-01	3.269e-01	3.386e-01	3.310e-01	3.193e-01	3.369e-01	3.293e-01	3.228e-01	3.348e-01
1.240e+04	3.497e-01	3.262e-01	3.631e-01	3.503e-01	3.324e-01	3.655e-01	3.490e-01	3.224e-01	3.741e-01	3.331e-01	3.286e-01	3.383e-01	3.314e-01	3.197e-01	3.366e-01	3.286e-01	3.228e-01	3.355e-01
1.250e+04	3.497e-01	3.262e-01	3.631e-01	3.507e-01	3.328e-01	3.666e-01	3.486e-01	3.234e-01	3.741e-01	3.321e-01	3.293e-01	3.379e-01	3.307e-01	3.197e-01	3.359e-01	3.286e-01	3.228e-01	3.355e-01
1.260e+04	3.479e-01	3.262e-01	3.641e-01	3.507e-01	3.328e-01	3.666e-01	3.490e-01	3.234e-01	3.734e-01	3.321e-01	3.279e-01	3.376e-01	3.310e-01	3.197e-01	3.366e-01	3.290e-01	3.238e-01	3.355e-01
1.270e+04	3.490e-01	3.262e-01	3.641e-01	3.510e-01	3.328e-01	3.662e-01	3.490e-01	3.252e-01	3.738e-01	3.321e-01	3.276e-01	3.379e-01	3.310e-01	3.197e-01	3.366e-01	3.293e-01	3.238e-01	3.355e-01
1.280e+04	3.497e-01	3.262e-01	3.638e-01	3.517e-01	3.341e-01	3.662e-01	3.500e-01	3.252e-01	3.759e-01	3.324e-01	3.269e-01	3.390e-01	3.310e-01	3.193e-01	3.366e-01	3.303e-01	3.248e-01	3.362e-01
1.290e+04	3.497e-01	3.266e-01	3.628e-01	3.521e-01	3.341e-01	3.648e-01	3.521e-01	3.262e-01	3.766e-01	3.324e-01	3.269e-01	3.390e-01	3.310e-01	3.193e-01	3.366e-01	3.300e-01	3.238e-01	3.362e-01
1.300e+04	3.503e-01	3.266e-01	3.624e-01	3.521e-01	3.341e-01	3.648e-01	3.531e-01	3.276e-01	3.762e-01	3.331e-01	3.262e-01	3.397e-01	3.310e-01	3.193e-01	3.366e-01	3.300e-01	3.238e-01	3.362e-01
1.310e+04	3.514e-01	3.262e-01	3.628e-01	3.528e-01	3.348e-01	3.648e-01	3.538e-01	3.276e-01	3.752e-01	3.331e-01	3.262e-01	3.383e-01	3.324e-01	3.197e-01	3.369e-01	3.297e-01	3.241e-01	3.366e-01
1.320e+04	3.528e-01	3.259e-01	3.628e-01	3.534e-01	3.359e-01	3.652e-01	3.538e-01	3.276e-01	3.741e-01	3.321e-01	3.259e-01	3.400e-01	3.328e-01	3.210e-01	3.379e-01	3.303e-01	3.241e-01	3.362e-01
1.330e+04	3.541e-01	3.272e-01	3.628e-01	3.538e-01	3.359e-01	3.645e-01	3.528e-01	3.276e-01	3.759e-01	3.321e-01	3.269e-01	3.372e-01	3.328e-01	3.217e-01	3.372e-01	3.303e-01	3.241e-01	3.366e-01
1.340e+04	3.541e-01	3.272e-01	3.638e-01	3.552e-01	3.359e-01	3.645e-01	3.528e-01	3.262e-01	3.759e-01	3.324e-01	3.272e-01	3.383e-01	3.324e-01	3.217e-01	3.376e-01	3.303e-01	3.234e-01	3.376e-01
1.350e+04	3.541e-01	3.276e-01	3.638e-01	3.541e-01	3.334e-01	3.638e-01	3.538e-01	3.259e-01	3.759e-01	3.324e-01	3.272e-01	3.383e-01	3.324e-01	3.217e-01	3.383e-01	3.293e-01	3.245e-01	3.366e-01
1.360e+04	3.541e-01	3.266e-01	3.638e-01	3.548e-01	3.334e-01	3.638e-01	3.559e-01	3.255e-01	3.759e-01	3.328e-01	3.286e-01	3.383e-01	3.317e-01	3.217e-01	3.383e-01	3.293e-01	3.252e-01	3.366e-01
1.370e+04	3.552e-01	3.266e-01	3.652e-01	3.548e-01	3.352e-01	3.634e-01	3.552e-01	3.252e-01	3.738e-01	3.334e-01	3.286e-01	3.383e-01	3.317e-01	3.217e-01	3.383e-01	3.310e-01	3.252e-01	3.376e-01
1.380e+04	3.541e-01	3.266e-01	3.645e-01	3.555e-01	3.352e-01	3.634e-01	3.552e-01	3.252e-01	3.738e-01	3.324e-01	3.286e-01	3.379e-01	3.317e-01	3.217e-01	3.383e-01	3.307e-01	3.252e-01	3.369e-01
1.390e+04	3.541e-01	3.266e-01	3.645e-01	3.541e-01	3.352e-01	3.638e-01	3.559e-01	3.238e-01	3.762e-01	3.328e-01	3.290e-01	3.393e-01	3.317e-01	3.214e-01	3.386e-01	3.307e-01	3.252e-01	3.369e-01
1.400e+04	3.541e-01	3.266e-01	3.645e-01	3.541e-01	3.352e-01	3.638e-01	3.552e-01	3.241e-01	3.769e-01	3.321e-01	3.290e-01	3.400e-01	3.317e-01	3.217e-01	3.379e-01	3.307e-01	3.252e-01	3.369e-01
1.410e+04	3.541e-01	3.266e-01	3.652e-01	3.566e-01	3.348e-01	3.638e-01	3.541e-01	3.241e-01	3.769e-01	3.321e-01	3.286e-01	3.390e-01	3.310e-01	3.203e-01	3.379e-01	3.303e-01	3.248e-01	3.386e-01
1.420e+04	3.521e-01	3.262e-01	3.652e-01	3.579e-01	3.362e-01	3.648e-01	3.538e-01	3.245e-01	3.769e-01	3.324e-01	3.286e-01	3.390e-01	3.317e-01	3.203e-01	3.383e-01	3.303e-01	3.248e-01	3.386e-01
1.430e+04	3.534e-01	3.266e-01	3.641e-01	3.576e-01	3.362e-01	3.659e-01	3.541e-01	3.252e-01	3.769e-01	3.328e-01	3.286e-01	3.400e-01	3.310e-01	3.203e-01	3.379e-01	3.290e-01	3.248e-01	3.386e-01
1.440e+04	3.541e-01	3.272e-01	3.652e-01	3.576e-01	3.362e-01	3.652e-01	3.555e-01	3.252e-01	3.766e-01	3.328e-01	3.283e-01	3.379e-01	3.307e-01	3.203e-01	3.379e-01	3.317e-01	3.248e-01	3.386e-01
1.450e+04	3.541e-01	3.272e-01	3.645e-01	3.576e-01	3.362e-01	3.652e-01	3.555e-01	3.248e-01	3.755e-01	3.324e-01	3.283e-01	3.379e-01	3.310e-01	3.203e-01	3.379e-01	3.307e-01	3.248e-01	3.393e-01
1.460e+04	3.521e-01	3.279e-01	3.666e-01	3.579e-01	3.362e-01	3.655e-01	3.555e-01	3.248e-01	3.755e-01	3.321e-01	3.283e-01	3.386e-01	3.310e-01	3.221e-01	3.379e-01	3.307e-01	3.248e-01	3.386e-01
1.470e+04	3.552e-01	3.269e-01	3.628e-01	3.579e-01	3.362e-01	3.655e-01	3.555e-01	3.248e-01	3.755e-01	3.324e-01	3.272e-01	3.386e-01	3.310e-01	3.217e-01	3.379e-01	3.317e-01	3.248e-01	3.386e-01
1.480e+04	3.552e-01	3.269e-01	3.655e-01	3.579e-01	3.355e-01	3.655e-01	3.545e-01	3.248e-01	3.762e-01	3.324e-01	3.266e-01	3.386e-01	3.314e-01	3.234e-01	3.379e-01	3.328e-01	3.245e-01	3.386e-01
1.490e+04	3.534e-01	3.283e-01	3.652e-01	3.593e-01	3.372e-01	3.655e-01	3.555e-01	3.252e-01	3.762e-01	3.328e-01	3.279e-01	3.379e-01	3.314e-01	3.231e-01	3.386e-01	3.331e-01	3.245e-01	3.386e-01
1.500e+04	3.528e-01	3.279e-01	3.652e-01	3.593e-01	3.372e-01	3.662e-01	3.579e-01	3.252e-01	3.762e-01	3.328e-01	3.283e-01	3.383e-01	3.321e-01	3.231e-01	3.386e-01	3.331e-01	3.245e-01	3.386e-01
1.510e+04	3.528e-01	3.279e-01	3.655e-01	3.590e-01	3.362e-01	3.662e-01	3.579e-01	3.259e-01	3.762e-01	3.331e-01	3.276e-01	3.383e-01	3.314e-01	3.214e-01	3.379e-01	3.331e-01	3.241e-01	3.386e-01
1.520e+04	3.528e-01	3.279e-01	3.659e-01	3.600e-01	3.362e-01	3.666e-01	3.579e-01	3.259e-01	3.762e-01	3.324e-01	3.276e-01	3.383e-01	3.307e-01	3.231e-01	3.376e-01	3.303e-01	3.248e-01	3.390e-01
1.530e+04	3.534e-01	3.276e-01	3.659e-01	3.586e-01	3.369e-01	3.666e-01	3.579e-01	3.269e-01	3.769e-01	3.324e-01	3.279e-01	3.383e-01	3.310e-01	3.231e-01	3.390e-01	3.303e-01	3.238e-01	3.390e-01
1.540e+04	3.534e-01	3.276e-01	3.662e-01	3.586e-01	3.372e-01	3.662e-01	3.579e-01	3.269e-01	3.766e-01	3.331e-01	3.279e-01	3.386e-01	3.314e-01	3.231e-01	3.383e-01	3.303e-01	3.241e-01	3.397e-01
1.550e+04	3.534e-01	3.269e-01	3.645e-01	3.614e-01	3.376e-01	3.662e-01	3.579e-01	3.269e-01	3.766e-01	3.328e-01	3.279e-01	3.386e-01	3.317e-01	3.231e-01	3.393e-01	3.310e-01	3.238e-01	3.403e-01
1.560e+04	3.538e-01	3.269e-01	3.659e-01	3.614e-01	3.376e-01	3.666e-01	3.586e-01	3.269e-01	3.762e-01	3.324e-01	3.279e-01	3.400e-01	3.317e-01	3.231e-01	3.393e-01	3.310e-01	3.238e-01	3.390e-01
1.570e+04	3.538e-01	3.269e-01	3.659e-01	3.617e-01	3.376e-01	3.666e-01	3.590e-01	3.276e-01	3.762e-01	3.328e-01	3.279e-01	3.400e-01	3.324e-01	3.224e-01	3.386e-01	3.303e-01	3.238e-01	3.397e-01
1.580e+04	3.538e-01	3.272e-01	3.676e-01	3.631e-01	3.366e-01	3.669e-01	3.593e-01	3.272e-01	3.759e-01	3.321e-01	3.279e-01	3.400e-01	3.328e-01	3.234e-01	3.393e-01	3.303e-01	3.245e-01	3.397e-01
1.590e+04	3.534e-01	3.279e-01	3.690e-01	3.631e-01	3.366e-01	3.679e-01	3.593e-01	3.279e-01	3.752e-01	3.321e-01	3.279e-01	3.390e-01	3.324e-01	3.252e-01	3.403e-01	3.300e-01	3.248e-01	3.403e-01
1.600e+04	3.534e-01	3.286e-01	3.693e-01	3.631e-01	3.355e-01	3.679e-01	3.593e-01	3.283e-01	3.755e-01	3.321e-01	3.279e-01	3.390e-01	3.317e-01	3.241e-01	3.403e-01	3.297e-01	3.241e-01	3.403e-01
1.610e+04	3.534e-01	3.286e-01	3.690e-01	3.631e-01	3.359e-01	3.679e-01	3.593e-01	3.279e-01	3.755e-01	3.321e-01	3.279e-01	3.390e-01	3.317e-01	3.241e-01	3.403e-01	3.297e-01	3.245e-01	3.403e-01
1.620e+04	3.531e-01	3.286e-01	3.686e-01	3.628e-01	3.372e-01	3.676e-01	3.583e-01	3.279e-01	3.759e-01	3.321e-01	3.279e-01	3.390e-01	3.310e-01	3.241e-01	3.400e-01	3.300e-01	3.248e-01	3.403e-01
1.630e+04	3.541e-01	3.286e-01	3.686e-01	3.628e-01	3.379e-01	3.676e-01	3.572e-01	3.276e-01	3.759e-01	3.321e-01	3.279e-01	3.390e-01	3.310e-01	3.241e-01	3.400e-01	3.303e-01	3.255e-01	3.397e-01
1.640e+04	3.541e-01	3.286e-01	3.700e-01	3.648e-01	3.386e-01	3.683e-01	3.562e-01	3.286e-01	3.759e-01	3.321e-01	3.279e-01	3.390e-01	3.310e-01	3.255e-01	3.400e-01	3.303e-01	3.241e-01	3.393e-01
1.650e+04	3.541e-01	3.286e-01	3.700e-01	3.648e-01	3.386e-01	3.676e-01	3.562e-01	3.286e-01	3.790e-01	3.324e-01	3.279e-01	3.390e-01	3.310e-01	3.255e-01	3.400e-01	3.310e-01	3.234e-01	3.393e-01
1.660e+04	3.548e-01	3.286e-01	3.693e-01	3.652e-01	3.390e-01	3.679e-01	3.569e-01	3.286e-01	3.790e-01	3.324e-01	3.279e-01	3.390e-01	3.310e-01	3.234e-01	3.417e-01	3.321e-01	3.238e-01	3.397e-01
1.670e+04	3.548e-01	3.286e-01	3.693e-01	3.652e-01	3.386e-01	3.679e-01	3.562e-01	3.286e-01	3.783e-01	3.321e-01	3.279e-01	3.390e-01	3.317e-01	3.234e-01	3.414e-01	3.321e-01	3.234e-01	3.390e-01
1.680e+04	3.552e-01	3.286e-01	3.693e-01	3.641e-01	3.386e-01	3.683e-01	3.579e-01	3.290e-01	3.779e-01	3.334e-01	3.279e-01	3.390e-01	3.317e-01	3.234e-01	3.414e-01	3.321e-01	3.234e-01	3.397e-01
1.690e+04	3.555e-01	3.286e-01	3.693e-01	3.641e-01	3.386e-01	3.683e-01	3.583e-01	3.290e-01	3.779e-01	3.334e-01	3.279e-01	3.390e-01	3.317e-01	3.234e-01	3.407e-01	3.321e-01	3.234e-01	3.407e-01
1.700e+04	3.559e-01	3.286e-01	3.693e-01	3.641e-01	3.386e-01	3.683e-01	3.586e-01	3.290e-01	3.783e-01	3.331e-01	3.279e-01	3.397e-01	3.310e-01	3.234e-01	3.414e-01	3.331e-01	3.228e-01	3.410e-01
1.710e+04	3.559e-01	3.283e-01	3.693e-01	3.638e-01	3.393e-01	3.686e-01	3.607e-01	3.290e-01	3.800e-01	3.334e-01	3.279e-01	3.393e-01	3.310e-01	3.228e-01	3.400e-01	3.331e-01	3.234e-01	3.414e-01
1.720e+04	3.562e-01	3.276e-01	3.697e-01	3.638e-01	3.400e-01	3.686e-01	3.610e-01	3.286e-01	3.800e-01	3.334e-01	3.279e-01	3.393e-01	3.314e-01	3.228e-01	3.400e-01	3.331e-01	3.241e-01	3.414e-01
1.730e+04	3.562e-01	3.276e-01	3.703e-01	3.638e-01	3.397e-01	3.690e-01	3.617e-01	3.286e-01	3.800e-01	3.331e-01	3.279e-01	3.390e-01	3.317e-01	3.234e-01	3.407e-01	3.331e-01	3.245e-01	3.403e-01
1.740e+04	3.555e-01	3.276e-01	3.697e-01	3.638e-01	3.397e-01	3.690e-01	3.603e-01	3.297e-01	3.800e-01	3.331e-01	3.279e-01	3.390e-01	3.317e-01	3.231e-01	3.410e-01	3.334e-01	3.245e-01	3.403e-01
1.750e+04	3.548e-01	3.269e-01	3.697e-01	3.645e-01	3.383e-01	3.690e-01	3.603e-01	3.310e-01	3.800e-01	3.331e-01	3.272e-01	3.390e-01	3.324e-01	3.245e-01	3.410e-01	3.334e-01	3.245e-01	3.393e-01
1.760e+04	3.548e-01	3.269e-01	3.697e-01	3.645e-01	3.379e-01	3.697e-01	3.603e-01	3.328e-01	3.803e-01	3.338e-01	3.276e-01	3.393e-01	3.324e-01	3.245e-01	3.407e-01	3.331e-01	3.241e-01	3.407e-01
1.770e+04	3.559e-01	3.266e-01	3.679e-01	3.645e-01	3.379e-01	3.693e-01	3.603e-01	3.328e-01	3.779e-01	3.338e-01	3.276e-01	3.390e-01	3.324e-01	3.231e-01	3.407e-01	3.331e-01	3.248e-01	3.414e-01
1.780e+04	3.566e-01	3.262e-01	3.676e-01	3.645e-01	3.393e-01	3.693e-01	3.617e-01	3.328e-01	3.797e-01	3.338e-01	3.269e-01	3.390e-01	3.324e-01	3.241e-01	3.403e-01	3.334e-01	3.241e-01	3.414e-01
1.790e+04	3.566e-01	3.269e-01	3.669e-01	3.645e-01	3.393e-01	3.693e-01	3.617e-01	3.328e-01	3.797e-01	3.338e-01	3.272e-01	3.393e-01	3.324e-01	3.234e-01	3.403e-01	3.331e-01	3.241e-01	3.414e-01
1.800e+04	3.579e-01	3.276e-01	3.669e-01	3.645e-01	3.393e-01	3.693e-01	3.600e-01	3.328e-01	3.797e-01	3.352e-01	3.272e-01	3.393e-01	3.324e-01	3.234e-01	3.403e-01	3.331e-01	3.234e-01	3.414e-01
1.810e+04	3.586e-01	3.276e-01	3.672e-01	3.648e-01	3.393e-01	3.700e-01	3.617e-01	3.328e-01	3.797e-01	3.348e-01	3.276e-01	3.393e-01	3.324e-01	3.234e-01	3.407e-01	3.345e-01	3.234e-01	3.414e-01
1.820e+04	3.586e-01	3.276e-01	3.672e-01	3.645e-01	3.400e-01	3.697e-01	3.617e-01	3.328e-01	3.800e-01	3.348e-01	3.276e-01	3.393e-01	3.328e-01	3.231e-01	3.424e-01	3.345e-01	3.224e-01	3.414e-01
1.830e+04	3.583e-01	3.276e-01	3.690e-01	3.645e-01	3.403e-01	3.717e-01	3.628e-01	3.328e-01	3.797e-01	3.348e-01	3.272e-01	3.400e-01	3.338e-01	3.262e-01	3.428e-01	3.345e-01	3.224e-01	3.417e-01
1.840e+04	3.583e-01	3.276e-01	3.690e-01	3.662e-01	3.403e-01	3.717e-01	3.610e-01	3.328e-01	3.797e-01	3.348e-01	3.272e-01	3.403e-01	3.338e-01	3.262e-01	3.410e-01	3.345e-01	3.224e-01	3.417e-01
1.850e+04	3.586e-01	3.276e-01	3.690e-01	3.662e-01	3.397e-01	3.700e-01	3.610e-01	3.324e-01	3.800e-01	3.348e-01	3.276e-01	3.397e-01	3.338e-01	3.266e-01	3.410e-01	3.345e-01	3.228e-01	3.428e-01
1.860e+04	3.586e-01	3.276e-01	3.697e-01	3.662e-01	3.397e-01	3.697e-01	3.610e-01	3.321e-01	3.797e-01	3.352e-01	3.286e-01	3.393e-01	3.341e-01	3.266e-01	3.410e-01	3.352e-01	3.228e-01	3.417e-01
1.870e+04	3.583e-01	3.276e-01	3.707e-01	3.655e-01	3.397e-01	3.700e-01	3.631e-01	3.324e-01	3.797e-01	3.348e-01	3.283e-01	3.397e-01	3.348e-01	3.266e-01	3.410e-01	3.352e-01	3.231e-01	3.424e-01
1.880e+04	3.583e-01	3.269e-01	3.703e-01	3.655e-01	3.397e-01	3.700e-01	3.631e-01	3.324e-01	3.797e-01	3.345e-01	3.290e-01	3.400e-01	3.348e-01	3.245e-01	3.410e-01	3.345e-01	3.231e-01	3.424e-01
1.890e+04	3.583e-01	3.269e-01	3.703e-01	3.666e-01	3.403e-01	3.700e-01	3.634e-01	3.328e-01	3.810e-01	3.341e-01	3.290e-01	3.397e-01	3.348e-01	3.252e-01	3.417e-01	3.334e-01	3.231e-01	3.417e-01
1.900e+04	3.597e-01	3.276e-01	3.721e-01	3.666e-01	3.403e-01	3.707e-01	3.628e-01	3.334e-01	3.810e-01	3.341e-01	3.293e-01	3.393e-01	3.348e-01	3.252e-01	3.417e-01	3.324e-01	3.231e-01	3.417e-01
1.910e+04	3.597e-01	3.276e-01	3.703e-01	3.662e-01	3.403e-01	3.707e-01	3.628e-01	3.334e-01	3.810e-01	3.345e-01	3.293e-01	3.393e-01	3.348e-01	3.241e-01	3.417e-01	3.321e-01	3.231e-01	3.417e-01
1.920e+04	3.590e-01	3.283e-01	3.710e-01	3.662e-01	3.403e-01	3.710e-01	3.638e-01	3.334e-01	3.810e-01	3.338e-01	3.293e-01	3.400e-01	3.348e-01	3.241e-01	3.417e-01	3.334e-01	3.231e-01	3.421e-01
1.930e+04	3.590e-01	3.283e-01	3.714e-01	3.666e-01	3.403e-01	3.717e-01	3.652e-01	3.334e-01	3.810e-01	3.345e-01	3.293e-01	3.390e-01	3.348e-01	3.245e-01	3.421e-01	3.334e-01	3.231e-01	3.421e-01
1.940e+04	3.590e-01	3.290e-01	3.700e-01	3.666e-01	3.403e-01	3.714e-01	3.652e-01	3.334e-01	3.810e-01	3.345e-01	3.297e-01	3.383e-01	3.348e-01	3.245e-01	3.421e-01	3.334e-01	3.231e-01	3.421e-01
1.950e+04	3.586e-01	3.286e-01	3.703e-01	3.666e-01	3.414e-01	3.710e-01	3.659e-01	3.338e-01	3.810e-01	3.345e-01	3.293e-01	3.383e-01	3.352e-01	3.245e-01	3.417e-01	3.334e-01	3.238e-01	3.421e-01
1.960e+04	3.593e-01	3.286e-01	3.703e-01	3.659e-01	3.414e-01	3.728e-01	3.659e-01	3.338e-01	3.817e-01	3.345e-01	3.293e-01	3.383e-01	3.355e-01	3.238e-01	3.424e-01	3.334e-01	3.238e-01	3.421e-01
1.970e+04	3.590e-01	3.286e-01	3.700e-01	3.659e-01	3.414e-01	3.724e-01	3.662e-01	3.338e-01	3.834e-01	3.348e-01	3.297e-01	3.383e-01	3.355e-01	3.245e-01	3.424e-01	3.331e-01	3.238e-01	3.421e-01
1.980e+04	3.590e-01	3.286e-01	3.703e-01	3.659e-01	3.414e-01	3.724e-01	3.662e-01	3.345e-01	3.834e-01	3.359e-01	3.297e-01	3.383e-01	3.355e-01	3.248e-01	3.424e-01	3.331e-01	3.234e-01	3.421e-01
1.990e+04	3.590e-01	3.286e-01	3.707e-01	3.666e-01	3.414e-01	3.717e-01	3.662e-01	3.345e-01	3.834e-01	3.359e-01	3.297e-01	3.386e-01	3.355e-01	3.248e-01	3.424e-01	3.334e-01	3.234e-01	3.421e-01
2.000e+04	3.590e-01	3.286e-01	3.710e-01	3.659e-01	3.414e-01	3.717e-01	3.655e-01	3.345e-01	3.852e-01	3.359e-01	3.307e-01	3.393e-01	3.355e-01	3.248e-01	3.424e-01	3.334e-01	3.234e-01	3.424e-01
2.010e+04	3.590e-01	3.286e-01	3.697e-01	3.669e-01	3.417e-01	3.717e-01	3.662e-01	3.348e-01	3.848e-01	3.359e-01	3.307e-01	3.393e-01	3.359e-01	3.241e-01	3.428e-01	3.331e-01	3.234e-01	3.424e-01
2.020e+04	3.590e-01	3.286e-01	3.683e-01	3.679e-01	3.417e-01	3.731e-01	3.662e-01	3.341e-01	3.848e-01	3.355e-01	3.307e-01	3.403e-01	3.352e-01	3.234e-01	3.428e-01	3.321e-01	3.234e-01	3.421e-01
2.030e+04	3.590e-01	3.283e-01	3.693e-01	3.672e-01	3.417e-01	3.748e-01	3.672e-01	3.341e-01	3.848e-01	3.359e-01	3.300e-01	3.400e-01	3.348e-01	3.231e-01	3.428e-01	3.331e-01	3.234e-01	3.407e-01
2.040e+04	3.583e-01	3.286e-01	3.683e-01	3.676e-01	3.424e-01	3.748e-01	3.672e-01	3.341e-01	3.859e-01	3.359e-01	3.300e-01	3.400e-01	3.352e-01	3.231e-01	3.428e-01	3.331e-01	3.234e-01	3.410e-01
2.050e+04	3.576e-01	3.290e-01	3.683e-01	3.676e-01	3.424e-01	3.748e-01	3.672e-01	3.341e-01	3.845e-01	3.359e-01	3.300e-01	3.400e-01	3.352e-01	3.231e-01	3.431e-01	3.338e-01	3.234e-01	3.407e-01
2.060e+04	3.579e-01	3.293e-01	3.707e-01	3.672e-01	3.424e-01	3.752e-01	3.672e-01	3.341e-01	3.845e-01	3.359e-01	3.300e-01	3.400e-01	3.369e-01	3.231e-01	3.424e-01	3.338e-01	3.234e-01	3.417e-01
2.070e+04	3.566e-01	3.300e-01	3.721e-01	3.672e-01	3.441e-01	3.752e-01	3.662e-01	3.348e-01	3.845e-01	3.359e-01	3.307e-01	3.400e-01	3.369e-01	3.231e-01	3.421e-01	3.338e-01	3.238e-01	3.417e-01
2.080e+04	3.566e-01	3.307e-01	3.714e-01	3.669e-01	3.441e-01	3.752e-01	3.662e-01	3.348e-01	3.841e-01	3.366e-01	3.307e-01	3.400e-01	3.369e-01	3.231e-01	3.414e-01	3.338e-01	3.241e-01	3.417e-01
2.090e+04	3.566e-01	3.307e-01	3.714e-01	3.669e-01	3.441e-01	3.755e-01	3.662e-01	3.331e-01	3.841e-01	3.369e-01	3.307e-01	3.397e-01	3.369e-01	3.231e-01	3.414e-01	3.348e-01	3.245e-01	3.417e-01
2.100e+04	3.583e-01	3.314e-01	3.707e-01	3.659e-01	3.441e-01	3.748e-01	3.662e-01	3.328e-01	3.845e-01	3.366e-01	3.303e-01	3.397e-01	3.366e-01	3.231e-01	3.428e-01	3.355e-01	3.241e-01	3.417e-01
2.110e+04	3.579e-01	3.314e-01	3.703e-01	3.669e-01	3.428e-01	3.748e-01	3.662e-01	3.369e-01	3.845e-01	3.366e-01	3.303e-01	3.397e-01	3.366e-01	3.224e-01	3.424e-01	3.355e-01	3.241e-01	3.417e-01
2.120e+04	3.579e-01	3.324e-01	3.703e-01	3.659e-01	3.428e-01	3.748e-01	3.662e-01	3.372e-01	3.838e-01	3.362e-01	3.300e-01	3.397e-01	3.366e-01	3.221e-01	3.428e-01	3.355e-01	3.238e-01	3.414e-01
2.130e+04	3.572e-01	3.328e-01	3.703e-01	3.655e-01	3.441e-01	3.748e-01	3.662e-01	3.372e-01	3.828e-01	3.359e-01	3.300e-01	3.397e-01	3.366e-01	3.221e-01	3.428e-01	3.355e-01	3.238e-01	3.410e-01
2.140e+04	3.576e-01	3.317e-01	3.703e-01	3.652e-01	3.441e-01	3.738e-01	3.672e-01	3.369e-01	3.828e-01	3.355e-01	3.300e-01	3.407e-01	3.369e-01	3.221e-01	3.428e-01	3.355e-01	3.245e-01	3.414e-01
2.150e+04	3.576e-01	3.317e-01	3.710e-01	3.659e-01	3.434e-01	3.738e-01	3.666e-01	3.369e-01	3.831e-01	3.355e-01	3.300e-01	3.403e-01	3.372e-01	3.221e-01	3.421e-01	3.355e-01	3.241e-01	3.410e-01
2.160e+04	3.576e-01	3.317e-01	3.710e-01	3.672e-01	3.434e-01	3.738e-01	3.672e-01	3.362e-01	3.834e-01	3.355e-01	3.300e-01	3.407e-01	3.366e-01	3.221e-01	3.414e-01	3.352e-01	3.241e-01	3.410e-01
2.170e+04	3.579e-01	3.317e-01	3.714e-01	3.669e-01	3.434e-01	3.748e-01	3.672e-01	3.362e-01	3.834e-01	3.352e-01	3.300e-01	3.407e-01	3.355e-01	3.221e-01	3.424e-01	3.345e-01	3.238e-01	3.410e-01
2.180e+04	3.583e-01	3.324e-01	3.693e-01	3.666e-01	3.434e-01	3.748e-01	3.672e-01	3.362e-01	3.838e-01	3.355e-01	3.307e-01	3.407e-01	3.369e-01	3.221e-01	3.428e-01	3.345e-01	3.238e-01	3.410e-01
2.190e+04	3.583e-01	3.338e-01	3.693e-01	3.666e-01	3.445e-01	3.759e-01	3.672e-01	3.362e-01	3.838e-01	3.352e-01	3.307e-01	3.400e-01	3.372e-01	3.228e-01	3.410e-01	3.345e-01	3.234e-01	3.417e-01
2.200e+04	3.583e-01	3.321e-01	3.693e-01	3.666e-01	3.445e-01	3.776e-01	3.679e-01	3.366e-01	3.838e-01	3.352e-01	3.307e-01	3.400e-01	3.372e-01	3.228e-01	3.407e-01	3.348e-01	3.234e-01	3.410e-01
2.210e+04	3.583e-01	3.317e-01	3.693e-01	3.669e-01	3.445e-01	3.776e-01	3.676e-01	3.328e-01	3.838e-01	3.352e-01	3.307e-01	3.400e-01	3.376e-01	3.228e-01	3.407e-01	3.352e-01	3.228e-01	3.410e-01
2.220e+04	3.586e-01	3.317e-01	3.693e-01	3.666e-01	3.445e-01	3.772e-01	3.676e-01	3.328e-01	3.841e-01	3.352e-01	3.303e-01	3.403e-01	3.376e-01	3.228e-01	3.400e-01	3.355e-01	3.228e-01	3.410e-01
2.230e+04	3.586e-01	3.328e-01	3.693e-01	3.666e-01	3.448e-01	3.772e-01	3.676e-01	3.328e-01	3.841e-01	3.352e-01	3.303e-01	3.400e-01	3.372e-01	3.252e-01	3.400e-01	3.355e-01	3.228e-01	3.403e-01
2.240e+04	3.597e-01	3.324e-01	3.710e-01	3.666e-01	3.448e-01	3.772e-01	3.683e-01	3.328e-01	3.841e-01	3.352e-01	3.300e-01	3.407e-01	3.372e-01	3.259e-01	3.397e-01	3.348e-01	3.228e-01	3.410e-01
2.250e+04	3.597e-01	3.331e-01	3.717e-01	3.655e-01	3.448e-01	3.783e-01	3.676e-01	3.324e-01	3.841e-01	3.352e-01	3.300e-01	3.407e-01	3.372e-01	3.262e-01	3.403e-01	3.352e-01	3.228e-01	3.410e-01
2.260e+04	3.603e-01	3.331e-01	3.728e-01	3.655e-01	3.448e-01	3.783e-01	3.676e-01	3.324e-01	3.824e-01	3.352e-01	3.300e-01	3.397e-01	3.376e-01	3.262e-01	3.414e-01	3.338e-01	3.238e-01	3.410e-01
2.270e+04	3.614e-01	3.331e-01	3.728e-01	3.659e-01	3.434e-01	3.783e-01	3.676e-01	3.341e-01	3.824e-01	3.352e-01	3.300e-01	3.407e-01	3.376e-01	3.262e-01	3.410e-01	3.338e-01	3.241e-01	3.410e-01
2.280e+04	3.614e-01	3.331e-01	3.728e-01	3.659e-01	3.434e-01	3.793e-01	3.676e-01	3.341e-01	3.824e-01	3.352e-01	3.300e-01	3.414e-01	3.376e-01	3.259e-01	3.410e-01	3.338e-01	3.241e-01	3.410e-01
2.290e+04	3.617e-01	3.331e-01	3.728e-01	3.659e-01	3.434e-01	3.793e-01	3.676e-01	3.341e-01	3.824e-01	3.348e-01	3.300e-01	3.403e-01	3.372e-01	3.252e-01	3.407e-01	3.338e-01	3.234e-01	3.410e-01
2.300e+04	3.628e-01	3.328e-01	3.728e-01	3.662e-01	3.434e-01	3.793e-01	3.676e-01	3.341e-01	3.824e-01	3.341e-01	3.310e-01	3.403e-01	3.369e-01	3.252e-01	3.407e-01	3.338e-01	3.234e-01	3.421e-01
2.310e+04	3.634e-01	3.328e-01	3.745e-01	3.655e-01	3.434e-01	3.779e-01	3.676e-01	3.341e-01	3.824e-01	3.348e-01	3.307e-01	3.403e-01	3.362e-01	3.245e-01	3.407e-01	3.338e-01	3.234e-01	3.421e-01
2.320e+04	3.634e-01	3.328e-01	3.752e-01	3.655e-01	3.434e-01	3.779e-01	3.686e-01	3.341e-01	3.824e-01	3.352e-01	3.307e-01	3.403e-01	3.362e-01	3.238e-01	3.407e-01	3.338e-01	3.231e-01	3.424e-01
2.330e+04	3.634e-01	3.328e-01	3.752e-01	3.655e-01	3.434e-01	3.779e-01	3.683e-01	3.341e-01	3.824e-01	3.345e-01	3.307e-01	3.410e-01	3.359e-01	3.224e-01	3.407e-01	3.338e-01	3.234e-01	3.424e-01
2.340e+04	3.634e-01	3.321e-01	3.752e-01	3.659e-01	3.434e-01	3.779e-01	3.676e-01	3.379e-01	3.824e-01	3.345e-01	3.307e-01	3.410e-01	3.362e-01	3.241e-01	3.400e-01	3.348e-01	3.234e-01	3.424e-01
2.350e+04	3.634e-01	3.321e-01	3.752e-01	3.655e-01	3.431e-01	3.779e-01	3.676e-01	3.372e-01	3.824e-01	3.345e-01	3.307e-01	3.414e-01	3.355e-01	3.234e-01	3.400e-01	3.341e-01	3.234e-01	3.410e-01
2.360e+04	3.621e-01	3.321e-01	3.759e-01	3.655e-01	3.431e-01	3.769e-01	3.676e-01	3.372e-01	3.824e-01	3.345e-01	3.307e-01	3.414e-01	3.352e-01	3.234e-01	3.397e-01	3.345e-01	3.234e-01	3.410e-01
2.370e+04	3.610e-01	3.321e-01	3.755e-01	3.652e-01	3.448e-01	3.769e-01	3.676e-01	3.372e-01	3.824e-01	3.345e-01	3.307e-01	3.410e-01	3.355e-01	3.234e-01	3.400e-01	3.345e-01	3.238e-01	3.410e-01
2.380e+04	3.610e-01	3.324e-01	3.755e-01	3.672e-01	3.448e-01	3.769e-01	3.676e-01	3.362e-01	3.845e-01	3.345e-01	3.321e-01	3.410e-01	3.359e-01	3.234e-01	3.407e-01	3.345e-01	3.241e-01	3.414e-01
2.390e+04	3.617e-01	3.324e-01	3.755e-01	3.686e-01	3.445e-01	3.766e-01	3.676e-01	3.362e-01	3.845e-01	3.345e-01	3.321e-01	3.410e-01	3.362e-01	3.234e-01	3.407e-01	3.345e-01	3.241e-01	3.417e-01
2.400e+04	3.614e-01	3.328e-01	3.748e-01	3.679e-01	3.445e-01	3.755e-01	3.676e-01	3.362e-01	3.859e-01	3.355e-01	3.321e-01	3.410e-01	3.362e-01	3.234e-01	3.407e-01	3.345e-01	3.238e-01	3.414e-01
2.410e+04	3.607e-01	3.317e-01	3.745e-01	3.679e-01	3.431e-01	3.755e-01	3.676e-01	3.362e-01	3.855e-01	3.355e-01	3.321e-01	3.410e-01	3.362e-01	3.234e-01	3.407e-01	3.345e-01	3.238e-01	3.414e-01
2.420e+04	3.597e-01	3.314e-01	3.745e-01	3.690e-01	3.431e-01	3.755e-01	3.676e-01	3.362e-01	3.855e-01	3.355e-01	3.321e-01	3.410e-01	3.362e-01	3.234e-01	3.407e-01	3.348e-01	3.234e-01	3.414e-01
2.430e+04	3.607e-01	3.321e-01	3.745e-01	3.690e-01	3.431e-01	3.755e-01	3.669e-01	3.362e-01	3.855e-01	3.352e-01	3.324e-01	3.410e-01	3.366e-01	3.234e-01	3.407e-01	3.348e-01	3.234e-01	3.414e-01
2.440e+04	3.603e-01	3.321e-01	3.745e-01	3.690e-01	3.431e-01	3.748e-01	3.669e-01	3.348e-01	3.855e-01	3.352e-01	3.324e-01	3.400e-01	3.366e-01	3.231e-01	3.403e-01	3.355e-01	3.234e-01	3.414e-01
2.450e+04	3.603e-01	3.310e-01	3.745e-01	3.690e-01	3.431e-01	3.748e-01	3.669e-01	3.345e-01	3.845e-01	3.355e-01	3.324e-01	3.400e-01	3.366e-01	3.228e-01	3.407e-01	3.355e-01	3.234e-01	3.414e-01
2.460e+04	3.603e-01	3.314e-01	3.745e-01	3.690e-01	3.431e-01	3.748e-01	3.676e-01	3.345e-01	3.845e-01	3.355e-01	3.317e-01	3.407e-01	3.366e-01	3.231e-01	3.403e-01	3.355e-01	3.234e-01	3.414e-01
2.470e+04	3.603e-01	3.314e-01	3.745e-01	3.690e-01	3.431e-01	3.748e-01	3.676e-01	3.345e-01	3.845e-01	3.355e-01	3.317e-01	3.403e-01	3.366e-01	3.228e-01	3.403e-01	3.341e-01	3.234e-01	3.414e-01
2.480e+04	3.590e-01	3.307e-01	3.745e-01	3.679e-01	3.438e-01	3.748e-01	3.686e-01	3.345e-01	3.845e-01	3.355e-01	3.321e-01	3.403e-01	3.366e-01	3.241e-01	3.403e-01	3.341e-01	3.234e-01	3.424e-01
2.490e+04	3.600e-01	3.317e-01	3.748e-01	3.683e-01	3.438e-01	3.759e-01	3.676e-01	3.345e-01	3.841e-01	3.359e-01	3.324e-01	3.407e-01	3.366e-01	3.241e-01	3.403e-01	3.341e-01	3.234e-01	3.424e-01
2.500e+04	3.593e-01	3.314e-01	3.752e-01	3.683e-01	3.438e-01	3.759e-01	3.676e-01	3.345e-01	3.841e-01	3.366e-01	3.324e-01	3.421e-01	3.352e-01	3.241e-01	3.403e-01	3.341e-01	3.228e-01	3.421e-01
2.510e+04	3.593e-01	3.314e-01	3.759e-01	3.683e-01	3.438e-01	3.759e-01	3.690e-01	3.341e-01	3.841e-01	3.366e-01	3.321e-01	3.414e-01	3.352e-01	3.252e-01	3.397e-01	3.352e-01	3.238e-01	3.417e-01
2.520e+04	3.590e-01	3.314e-01	3.755e-01	3.690e-01	3.438e-01	3.759e-01	3.693e-01	3.321e-01	3.841e-01	3.366e-01	3.314e-01	3.424e-01	3.352e-01	3.252e-01	3.397e-01	3.352e-01	3.234e-01	3.414e-01
2.530e+04	3.590e-01	3.314e-01	3.766e-01	3.693e-01	3.438e-01	3.776e-01	3.693e-01	3.321e-01	3.841e-01	3.366e-01	3.314e-01	3.424e-01	3.352e-01	3.252e-01	3.397e-01	3.352e-01	3.234e-01	3.414e-01
2.540e+04	3.590e-01	3.314e-01	3.766e-01	3.693e-01	3.438e-01	3.776e-01	3.693e-01	3.324e-01	3.841e-01	3.366e-01	3.307e-01	3.421e-01	3.348e-01	3.252e-01	3.403e-01	3.352e-01	3.241e-01	3.414e-01
2.550e+04	3.586e-01	3.314e-01	3.766e-01	3.693e-01	3.438e-01	3.800e-01	3.690e-01	3.321e-01	3.841e-01	3.362e-01	3.307e-01	3.424e-01	3.345e-01	3.255e-01	3.403e-01	3.352e-01	3.241e-01	3.414e-01
2.560e+04	3.586e-01	3.317e-01	3.766e-01	3.693e-01	3.438e-01	3.821e-01	3.690e-01	3.321e-01	3.841e-01	3.366e-01	3.307e-01	3.424e-01	3.345e-01	3.255e-01	3.403e-01	3.348e-01	3.231e-01	3.414e-01
2.570e+04	3.586e-01	3.310e-01	3.766e-01	3.693e-01	3.438e-01	3.803e-01	3.683e-01	3.321e-01	3.852e-01	3.366e-01	3.307e-01	3.428e-01	3.345e-01	3.255e-01	3.403e-01	3.352e-01	3.231e-01	3.414e-01
2.580e+04	3.593e-01	3.310e-01	3.766e-01	3.690e-01	3.438e-01	3.797e-01	3.693e-01	3.324e-01	3.852e-01	3.359e-01	3.310e-01	3.424e-01	3.345e-01	3.262e-01	3.403e-01	3.348e-01	3.231e-01	3.414e-01
2.590e+04	3.597e-01	3.314e-01	3.762e-01	3.690e-01	3.434e-01	3.797e-01	3.693e-01	3.345e-01	3.852e-01	3.362e-01	3.310e-01	3.421e-01	3.345e-01	3.266e-01	3.403e-01	3.345e-01	3.231e-01	3.414e-01
2.600e+04	3.600e-01	3.314e-01	3.762e-01	3.690e-01	3.441e-01	3.797e-01	3.697e-01	3.345e-01	3.852e-01	3.369e-01	3.310e-01	3.421e-01	3.345e-01	3.266e-01	3.403e-01	3.345e-01	3.238e-01	3.410e-01
2.610e+04	3.600e-01	3.314e-01	3.762e-01	3.690e-01	3.445e-01	3.797e-01	3.697e-01	3.345e-01	3.859e-01	3.362e-01	3.310e-01	3.438e-01	3.345e-01	3.262e-01	3.403e-01	3.345e-01	3.238e-01	3.410e-01
2.620e+04	3.614e-01	3.300e-01	3.762e-01	3.690e-01	3.445e-01	3.797e-01	3.693e-01	3.345e-01	3.866e-01	3.362e-01	3.314e-01	3.438e-01	3.345e-01	3.259e-01	3.403e-01	3.345e-01	3.238e-01	3.410e-01
2.630e+04	3.614e-01	3.300e-01	3.762e-01	3.690e-01	3.445e-01	3.797e-01	3.693e-01	3.345e-01	3.866e-01	3.362e-01	3.314e-01	3.438e-01	3.345e-01	3.266e-01	3.403e-01	3.355e-01	3.238e-01	3.410e-01
2.640e+04	3.614e-01	3.290e-01	3.766e-01	3.690e-01	3.441e-01	3.797e-01	3.697e-01	3.345e-01	3.866e-01	3.362e-01	3.310e-01	3.438e-01	3.345e-01	3.266e-01	3.403e-01	3.355e-01	3.234e-01	3.410e-01
2.650e+04	3.614e-01	3.290e-01	3.766e-01	3.690e-01	3.452e-01	3.783e-01	3.690e-01	3.345e-01	3.879e-01	3.362e-01	3.314e-01	3.438e-01	3.345e-01	3.266e-01	3.403e-01	3.366e-01	3.234e-01	3.417e-01
2.660e+04	3.628e-01	3.286e-01	3.766e-01	3.690e-01	3.448e-01	3.783e-01	3.690e-01	3.345e-01	3.879e-01	3.362e-01	3.314e-01	3.434e-01	3.345e-01	3.262e-01	3.403e-01	3.366e-01	3.255e-01	3.417e-01
2.670e+04	3.624e-01	3.286e-01	3.766e-01	3.690e-01	3.448e-01	3.783e-01	3.690e-01	3.352e-01	3.879e-01	3.362e-01	3.314e-01	3.434e-01	3.345e-01	3.262e-01	3.403e-01	3.352e-01	3.248e-01	3.417e-01
2.680e+04	3.641e-01	3.286e-01	3.766e-01	3.690e-01	3.448e-01	3.786e-01	3.686e-01	3.352e-01	3.879e-01	3.359e-01	3.314e-01	3.434e-01	3.345e-01	3.266e-01	3.403e-01	3.355e-01	3.248e-01	3.417e-01
2.690e+04	3.645e-01	3.293e-01	3.769e-01	3.683e-01	3.441e-01	3.793e-01	3.686e-01	3.348e-01	3.869e-01	3.362e-01	3.317e-01	3.434e-01	3.352e-01	3.269e-01	3.403e-01	3.338e-01	3.231e-01	3.417e-01
2.700e+04	3.645e-01	3.293e-01	3.769e-01	3.683e-01	3.438e-01	3.790e-01	3.686e-01	3.348e-01	3.869e-01	3.366e-01	3.317e-01	3.434e-01	3.352e-01	3.262e-01	3.410e-01	3.366e-01	3.238e-01	3.417e-01
2.710e+04	3.645e-01	3.293e-01	3.769e-01	3.683e-01	3.428e-01	3.790e-01	3.686e-01	3.352e-01	3.872e-01	3.366e-01	3.317e-01	3.434e-01	3.352e-01	3.262e-01	3.410e-01	3.366e-01	3.255e-01	3.410e-01
2.720e+04	3.645e-01	3.297e-01	3.769e-01	3.679e-01	3.428e-01	3.790e-01	3.686e-01	3.352e-01	3.872e-01	3.366e-01	3.317e-01	3.428e-01	3.348e-01	3.262e-01	3.407e-01	3.366e-01	3.259e-01	3.410e-01
2.730e+04	3.645e-01	3.300e-01	3.769e-01	3.676e-01	3.428e-01	3.793e-01	3.686e-01	3.352e-01	3.872e-01	3.369e-01	3.317e-01	3.428e-01	3.348e-01	3.262e-01	3.410e-01	3.366e-01	3.259e-01	3.410e-01
2.740e+04	3.645e-01	3.300e-01	3.776e-01	3.676e-01	3.428e-01	3.797e-01	3.686e-01	3.352e-01	3.893e-01	3.369e-01	3.314e-01	3.438e-01	3.348e-01	3.262e-01	3.410e-01	3.362e-01	3.255e-01	3.410e-01
2.750e+04	3.641e-01	3.307e-01	3.776e-01	3.676e-01	3.428e-01	3.800e-01	3.697e-01	3.345e-01	3.883e-01	3.369e-01	3.317e-01	3.428e-01	3.348e-01	3.262e-01	3.414e-01	3.366e-01	3.255e-01	3.410e-01
2.760e+04	3.638e-01	3.314e-01	3.766e-01	3.679e-01	3.428e-01	3.800e-01	3.690e-01	3.362e-01	3.900e-01	3.369e-01	3.317e-01	3.428e-01	3.338e-01	3.262e-01	3.417e-01	3.376e-01	3.255e-01	3.417e-01
2.770e+04	3.638e-01	3.314e-01	3.766e-01	3.690e-01	3.428e-01	3.807e-01	3.690e-01	3.366e-01	3.900e-01	3.366e-01	3.317e-01	3.431e-01	3.348e-01	3.262e-01	3.414e-01	3.376e-01	3.269e-01	3.417e-01
2.780e+04	3.634e-01	3.314e-01	3.766e-01	3.714e-01	3.407e-01	3.807e-01	3.686e-01	3.366e-01	3.900e-01	3.366e-01	3.317e-01	3.421e-01	3.348e-01	3.262e-01	3.414e-01	3.376e-01	3.269e-01	3.417e-01
2.790e+04	3.634e-01	3.314e-01	3.766e-01	3.710e-01	3.407e-01	3.807e-01	3.686e-01	3.366e-01	3.907e-01	3.369e-01	3.317e-01	3.414e-01	3.352e-01	3.262e-01	3.417e-01	3.376e-01	3.269e-01	3.417e-01
2.800e+04	3.634e-01	3.314e-01	3.769e-01	3.710e-01	3.407e-01	3.807e-01	3.686e-01	3.366e-01	3.907e-01	3.369e-01	3.317e-01	3.414e-01	3.348e-01	3.262e-01	3.417e-01	3.376e-01	3.269e-01	3.417e-01
2.810e+04	3.634e-01	3.314e-01	3.772e-01	3.710e-01	3.400e-01	3.807e-01	3.686e-01	3.366e-01	3.921e-01	3.366e-01	3.317e-01	3.414e-01	3.348e-01	3.259e-01	3.417e-01	3.376e-01	3.262e-01	3.417e-01
2.820e+04	3.634e-01	3.314e-01	3.779e-01	3.703e-01	3.400e-01	3.803e-01	3.703e-01	3.369e-01	3.921e-01	3.366e-01	3.324e-01	3.417e-01	3.348e-01	3.259e-01	3.417e-01	3.362e-01	3.262e-01	3.417e-01
2.830e+04	3.641e-01	3.314e-01	3.800e-01	3.703e-01	3.397e-01	3.803e-01	3.710e-01	3.376e-01	3.924e-01	3.366e-01	3.324e-01	3.414e-01	3.348e-01	3.259e-01	3.417e-01	3.345e-01	3.259e-01	3.417e-01
2.840e+04	3.641e-01	3.314e-01	3.793e-01	3.693e-01	3.397e-01	3.803e-01	3.707e-01	3.390e-01	3.914e-01	3.366e-01	3.324e-01	3.428e-01	3.348e-01	3.259e-01	3.417e-01	3.355e-01	3.262e-01	3.424e-01
2.850e+04	3.645e-01	3.314e-01	3.800e-01	3.693e-01	3.397e-01	3.800e-01	3.707e-01	3.390e-01	3.914e-01	3.366e-01	3.324e-01	3.428e-01	3.348e-01	3.255e-01	3.417e-01	3.355e-01	3.262e-01	3.424e-01
2.860e+04	3.631e-01	3.321e-01	3.800e-01	3.693e-01	3.386e-01	3.800e-01	3.707e-01	3.397e-01	3.914e-01	3.366e-01	3.310e-01	3.428e-01	3.348e-01	3.255e-01	3.417e-01	3.355e-01	3.262e-01	3.421e-01
2.870e+04	3.624e-01	3.324e-01	3.800e-01	3.693e-01	3.383e-01	3.814e-01	3.707e-01	3.397e-01	3.914e-01	3.369e-01	3.310e-01	3.424e-01	3.359e-01	3.255e-01	3.417e-01	3.355e-01	3.259e-01	3.421e-01
2.880e+04	3.628e-01	3.324e-01	3.800e-01	3.693e-01	3.379e-01	3.814e-01	3.710e-01	3.397e-01	3.914e-01	3.366e-01	3.310e-01	3.424e-01	3.359e-01	3.252e-01	3.424e-01	3.359e-01	3.259e-01	3.421e-01
2.890e+04	3.628e-01	3.324e-01	3.800e-01	3.693e-01	3.379e-01	3.814e-01	3.707e-01	3.397e-01	3.914e-01	3.366e-01	3.310e-01	3.424e-01	3.359e-01	3.252e-01	3.428e-01	3.359e-01	3.259e-01	3.421e-01
2.900e+04	3.631e-01	3.324e-01	3.800e-01	3.693e-01	3.372e-01	3.814e-01	3.707e-01	3.397e-01	3.917e-01	3.369e-01	3.310e-01	3.424e-01	3.362e-01	3.259e-01	3.428e-01	3.359e-01	3.252e-01	3.421e-01
2.910e+04	3.645e-01	3.324e-01	3.807e-01	3.693e-01	3.372e-01	3.814e-01	3.707e-01	3.397e-01	3.921e-01	3.369e-01	3.310e-01	3.428e-01	3.362e-01	3.252e-01	3.424e-01	3.359e-01	3.252e-01	3.421e-01
2.920e+04	3.645e-01	3.324e-01	3.807e-01	3.693e-01	3.376e-01	3.824e-01	3.707e-01	3.376e-01	3.921e-01	3.369e-01	3.307e-01	3.428e-01	3.362e-01	3.252e-01	3.424e-01	3.359e-01	3.241e-01	3.421e-01
2.930e+04	3.655e-01	3.324e-01	3.807e-01	3.693e-01	3.376e-01	3.824e-01	3.676e-01	3.376e-01	3.924e-01	3.369e-01	3.303e-01	3.428e-01	3.355e-01	3.252e-01	3.417e-01	3.372e-01	3.245e-01	3.421e-01
2.940e+04	3.655e-01	3.324e-01	3.807e-01	3.690e-01	3.376e-01	3.824e-01	3.676e-01	3.369e-01	3.928e-01	3.379e-01	3.303e-01	3.417e-01	3.359e-01	3.252e-01	3.417e-01	3.372e-01	3.245e-01	3.421e-01
2.950e+04	3.659e-01	3.331e-01	3.807e-01	3.690e-01	3.376e-01	3.824e-01	3.683e-01	3.369e-01	3.928e-01	3.379e-01	3.303e-01	3.428e-01	3.359e-01	3.248e-01	3.410e-01	3.372e-01	3.245e-01	3.421e-01
2.960e+04	3.652e-01	3.345e-01	3.807e-01	3.697e-01	3.376e-01	3.824e-01	3.683e-01	3.369e-01	3.941e-01	3.379e-01	3.303e-01	3.428e-01	3.359e-01	3.248e-01	3.410e-01	3.372e-01	3.245e-01	3.421e-01
2.970e+04	3.655e-01	3.345e-01	3.814e-01	3.700e-01	3.376e-01	3.824e-01	3.676e-01	3.369e-01	3.945e-01	3.379e-01	3.303e-01	3.434e-01	3.366e-01	3.248e-01	3.410e-01	3.372e-01	3.245e-01	3.421e-01
2.980e+04	3.652e-01	3.345e-01	3.814e-01	3.703e-01	3.376e-01	3.828e-01	3.676e-01	3.369e-01	3.948e-01	3.379e-01	3.317e-01	3.448e-01	3.366e-01	3.248e-01	3.410e-01	3.372e-01	3.245e-01	3.424e-01
2.990e+04	3.659e-01	3.348e-01	3.814e-01	3.700e-01	3.376e-01	3.828e-01	3.690e-01	3.369e-01	3.952e-01	3.379e-01	3.317e-01	3.448e-01	3.366e-01	3.248e-01	3.410e-01	3.372e-01	3.245e-01	3.424e-01
3.000e+04	3.652e-01	3.359e-01	3.831e-01	3.679e-01	3.393e-01	3.831e-01	3.697e-01	3.369e-01	3.952e-01	3.379e-01	3.328e-01	3.434e-01	3.369e-01	3.248e-01	3.417e-01	3.372e-01	3.234e-01	3.424e-01
3.010e+04	3.652e-01	3.359e-01	3.831e-01	3.690e-01	3.393e-01	3.831e-01	3.697e-01	3.369e-01	3.952e-01	3.379e-01	3.314e-01	3.434e-01	3.369e-01	3.248e-01	3.417e-01	3.372e-01	3.234e-01	3.424e-01
3.020e+04	3.652e-01	3.359e-01	3.831e-01	3.690e-01	3.390e-01	3.828e-01	3.700e-01	3.369e-01	3.952e-01	3.379e-01	3.314e-01	3.428e-01	3.369e-01	3.259e-01	3.417e-01	3.376e-01	3.234e-01	3.424e-01
3.030e+04	3.652e-01	3.355e-01	3.831e-01	3.690e-01	3.397e-01	3.828e-01	3.700e-01	3.369e-01	3.955e-01	3.372e-01	3.314e-01	3.434e-01	3.372e-01	3.259e-01	3.417e-01	3.376e-01	3.234e-01	3.424e-01
3.040e+04	3.648e-01	3.355e-01	3.834e-01	3.693e-01	3.393e-01	3.828e-01	3.700e-01	3.390e-01	3.955e-01	3.383e-01	3.314e-01	3.445e-01	3.376e-01	3.272e-01	3.417e-01	3.376e-01	3.234e-01	3.424e-01
3.050e+04	3.659e-01	3.352e-01	3.834e-01	3.693e-01	3.403e-01	3.834e-01	3.700e-01	3.390e-01	3.969e-01	3.376e-01	3.314e-01	3.466e-01	3.376e-01	3.272e-01	3.417e-01	3.376e-01	3.238e-01	3.424e-01
3.060e+04	3.659e-01	3.352e-01	3.841e-01	3.686e-01	3.407e-01	3.824e-01	3.700e-01	3.410e-01	3.962e-01	3.379e-01	3.314e-01	3.466e-01	3.376e-01	3.272e-01	3.428e-01	3.376e-01	3.238e-01	3.428e-01
3.070e+04	3.659e-01	3.352e-01	3.834e-01	3.686e-01	3.407e-01	3.824e-01	3.700e-01	3.410e-01	3.959e-01	3.386e-01	3.310e-01	3.466e-01	3.376e-01	3.272e-01	3.431e-01	3.362e-01	3.241e-01	3.428e-01
3.080e+04	3.648e-01	3.352e-01	3.834e-01	3.686e-01	3.407e-01	3.824e-01	3.700e-01	3.441e-01	3.959e-01	3.379e-01	3.303e-01	3.469e-01	3.376e-01	3.272e-01	3.431e-01	3.362e-01	3.241e-01	3.428e-01
3.090e+04	3.645e-01	3.352e-01	3.834e-01	3.686e-01	3.407e-01	3.834e-01	3.693e-01	3.431e-01	3.959e-01	3.379e-01	3.303e-01	3.469e-01	3.376e-01	3.272e-01	3.431e-01	3.338e-01	3.224e-01	3.424e-01
3.100e+04	3.645e-01	3.352e-01	3.834e-01	3.686e-01	3.414e-01	3.834e-01	3.697e-01	3.431e-01	3.959e-01	3.379e-01	3.303e-01	3.469e-01	3.376e-01	3.272e-01	3.431e-01	3.338e-01	3.234e-01	3.424e-01
3.110e+04	3.645e-01	3.352e-01	3.834e-01	3.686e-01	3.410e-01	3.810e-01	3.697e-01	3.438e-01	3.962e-01	3.379e-01	3.303e-01	3.469e-01	3.376e-01	3.259e-01	3.431e-01	3.338e-01	3.234e-01	3.424e-01
3.120e+04	3.645e-01	3.352e-01	3.848e-01	3.686e-01	3.410e-01	3.810e-01	3.707e-01	3.452e-01	3.962e-01	3.379e-01	3.303e-01	3.476e-01	3.376e-01	3.259e-01	3.431e-01	3.338e-01	3.234e-01	3.424e-01
3.130e+04	3.659e-01	3.348e-01	3.848e-01	3.686e-01	3.414e-01	3.810e-01	3.707e-01	3.452e-01	3.962e-01	3.379e-01	3.314e-01	3.476e-01	3.372e-01	3.259e-01	3.434e-01	3.341e-01	3.234e-01	3.424e-01
3.140e+04	3.662e-01	3.348e-01	3.848e-01	3.686e-01	3.414e-01	3.790e-01	3.703e-01	3.452e-01	3.962e-01	3.379e-01	3.314e-01	3.476e-01	3.372e-01	3.259e-01	3.434e-01	3.341e-01	3.234e-01	3.424e-01
3.150e+04	3.669e-01	3.348e-01	3.855e-01	3.686e-01	3.417e-01	3.790e-01	3.703e-01	3.452e-01	3.962e-01	3.366e-01	3.314e-01	3.486e-01	3.372e-01	3.259e-01	3.434e-01	3.341e-01	3.234e-01	3.428e-01
3.160e+04	3.669e-01	3.348e-01	3.862e-01	3.686e-01	3.414e-01	3.803e-01	3.707e-01	3.452e-01	3.962e-01	3.366e-01	3.314e-01	3.486e-01	3.376e-01	3.259e-01	3.434e-01	3.341e-01	3.231e-01	3.424e-01
3.170e+04	3.669e-01	3.352e-01	3.862e-01	3.679e-01	3.414e-01	3.803e-01	3.707e-01	3.452e-01	3.969e-01	3.366e-01	3.321e-01	3.486e-01	3.376e-01	3.259e-01	3.434e-01	3.355e-01	3.231e-01	3.424e-01
3.180e+04	3.669e-01	3.352e-01	3.862e-01	3.679e-01	3.414e-01	3.803e-01	3.714e-01	3.452e-01	3.962e-01	3.372e-01	3.321e-01	3.490e-01	3.376e-01	3.255e-01	3.434e-01	3.355e-01	3.241e-01	3.424e-01
3.190e+04	3.679e-01	3.352e-01	3.838e-01	3.679e-01	3.414e-01	3.807e-01	3.717e-01	3.452e-01	3.959e-01	3.372e-01	3.321e-01	3.486e-01	3.376e-01	3.255e-01	3.434e-01	3.355e-01	3.241e-01	3.438e-01
3.200e+04	3.679e-01	3.345e-01	3.838e-01	3.676e-01	3.414e-01	3.803e-01	3.717e-01	3.452e-01	3.959e-01	3.372e-01	3.321e-01	3.486e-01	3.376e-01	3.255e-01	3.428e-01	3.355e-01	3.241e-01	3.438e-01
3.210e+04	3.683e-01	3.345e-01	3.838e-01	3.676e-01	3.414e-01	3.803e-01	3.717e-01	3.452e-01	3.959e-01	3.372e-01	3.321e-01	3.486e-01	3.376e-01	3.255e-01	3.431e-01	3.355e-01	3.255e-01	3.438e-01
3.220e+04	3.683e-01	3.345e-01	3.838e-01	3.676e-01	3.414e-01	3.803e-01	3.717e-01	3.452e-01	3.972e-01	3.372e-01	3.314e-01	3.486e-01	3.372e-01	3.266e-01	3.428e-01	3.355e-01	3.255e-01	3.438e-01
3.230e+04	3.686e-01	3.345e-01	3.852e-01	3.676e-01	3.407e-01	3.803e-01	3.717e-01	3.438e-01	3.966e-01	3.390e-01	3.317e-01	3.486e-01	3.372e-01	3.266e-01	3.428e-01	3.355e-01	3.255e-01	3.438e-01
3.240e+04	3.703e-01	3.355e-01	3.852e-01	3.676e-01	3.407e-01	3.803e-01	3.717e-01	3.438e-01	3.962e-01	3.383e-01	3.317e-01	3.486e-01	3.366e-01	3.266e-01	3.428e-01	3.355e-01	3.255e-01	3.438e-01
3.250e+04	3.703e-01	3.355e-01	3.852e-01	3.679e-01	3.410e-01	3.821e-01	3.717e-01	3.434e-01	3.969e-01	3.379e-01	3.314e-01	3.486e-01	3.366e-01	3.266e-01	3.431e-01	3.355e-01	3.248e-01	3.441e-01
3.260e+04	3.703e-01	3.355e-01	3.852e-01	3.683e-01	3.410e-01	3.821e-01	3.734e-01	3.459e-01	3.969e-01	3.379e-01	3.314e-01	3.486e-01	3.366e-01	3.266e-01	3.431e-01	3.355e-01	3.248e-01	3.445e-01
3.270e+04	3.703e-01	3.359e-01	3.852e-01	3.683e-01	3.410e-01	3.821e-01	3.734e-01	3.476e-01	3.976e-01	3.379e-01	3.314e-01	3.486e-01	3.366e-01	3.269e-01	3.431e-01	3.355e-01	3.231e-01	3.445e-01
3.280e+04	3.703e-01	3.362e-01	3.852e-01	3.683e-01	3.410e-01	3.810e-01	3.734e-01	3.472e-01	3.976e-01	3.379e-01	3.314e-01	3.486e-01	3.369e-01	3.269e-01	3.431e-01	3.355e-01	3.231e-01	3.445e-01
3.290e+04	3.707e-01	3.362e-01	3.852e-01	3.683e-01	3.410e-01	3.810e-01	3.734e-01	3.476e-01	3.976e-01	3.379e-01	3.317e-01	3.486e-01	3.369e-01	3.279e-01	3.434e-01	3.355e-01	3.221e-01	3.445e-01
3.300e+04	3.710e-01	3.362e-01	3.852e-01	3.683e-01	3.410e-01	3.831e-01	3.734e-01	3.476e-01	3.990e-01	3.379e-01	3.314e-01	3.486e-01	3.369e-01	3.279e-01	3.434e-01	3.359e-01	3.221e-01	3.445e-01
3.310e+04	3.710e-01	3.362e-01	3.848e-01	3.683e-01	3.407e-01	3.834e-01	3.738e-01	3.476e-01	3.990e-01	3.393e-01	3.317e-01	3.486e-01	3.369e-01	3.279e-01	3.434e-01	3.359e-01	3.221e-01	3.448e-01
3.320e+04	3.710e-01	3.366e-01	3.862e-01	3.683e-01	3.407e-01	3.838e-01	3.745e-01	3.476e-01	3.990e-01	3.393e-01	3.317e-01	3.486e-01	3.369e-01	3.283e-01	3.434e-01	3.366e-01	3.224e-01	3.448e-01
3.330e+04	3.714e-01	3.369e-01	3.862e-01	3.686e-01	3.410e-01	3.841e-01	3.745e-01	3.476e-01	3.990e-01	3.393e-01	3.317e-01	3.486e-01	3.369e-01	3.283e-01	3.434e-01	3.372e-01	3.224e-01	3.448e-01
3.340e+04	3.734e-01	3.369e-01	3.862e-01	3.697e-01	3.414e-01	3.821e-01	3.745e-01	3.466e-01	3.990e-01	3.393e-01	3.321e-01	3.486e-01	3.369e-01	3.283e-01	3.428e-01	3.372e-01	3.224e-01	3.448e-01
3.350e+04	3.734e-01	3.369e-01	3.855e-01	3.697e-01	3.403e-01	3.828e-01	3.741e-01	3.466e-01	4.014e-01	3.400e-01	3.314e-01	3.486e-01	3.379e-01	3.283e-01	3.428e-01	3.366e-01	3.224e-01	3.448e-01
3.360e+04	3.734e-01	3.369e-01	3.855e-01	3.697e-01	3.403e-01	3.834e-01	3.734e-01	3.466e-01	4.014e-01	3.390e-01	3.314e-01	3.486e-01	3.393e-01	3.283e-01	3.431e-01	3.372e-01	3.224e-01	3.448e-01
3.370e+04	3.741e-01	3.369e-01	3.855e-01	3.697e-01	3.410e-01	3.845e-01	3.734e-01	3.469e-01	3.997e-01	3.386e-01	3.314e-01	3.493e-01	3.393e-01	3.283e-01	3.431e-01	3.372e-01	3.224e-01	3.448e-01
3.380e+04	3.741e-01	3.376e-01	3.862e-01	3.707e-01	3.410e-01	3.848e-01	3.734e-01	3.469e-01	3.997e-01	3.386e-01	3.314e-01	3.493e-01	3.383e-01	3.283e-01	3.431e-01	3.362e-01	3.224e-01	3.448e-01
3.390e+04	3.748e-01	3.376e-01	3.862e-01	3.714e-01	3.414e-01	3.848e-01	3.734e-01	3.448e-01	3.997e-01	3.386e-01	3.317e-01	3.493e-01	3.383e-01	3.283e-01	3.431e-01	3.362e-01	3.224e-01	3.448e-01
3.400e+04	3.748e-01	3.383e-01	3.862e-01	3.714e-01	3.414e-01	3.848e-01	3.734e-01	3.448e-01	3.997e-01	3.390e-01	3.314e-01	3.490e-01	3.383e-01	3.283e-01	3.428e-01	3.362e-01	3.217e-01	3.448e-01
3.410e+04	3.748e-01	3.383e-01	3.862e-01	3.710e-01	3.414e-01	3.848e-01	3.734e-01	3.448e-01	3.997e-01	3.390e-01	3.314e-01	3.490e-01	3.376e-01	3.269e-01	3.428e-01	3.362e-01	3.221e-01	3.455e-01
3.420e+04	3.748e-01	3.383e-01	3.862e-01	3.710e-01	3.414e-01	3.862e-01	3.734e-01	3.448e-01	3.997e-01	3.390e-01	3.314e-01	3.490e-01	3.376e-01	3.269e-01	3.431e-01	3.362e-01	3.221e-01	3.459e-01
3.430e+04	3.748e-01	3.390e-01	3.862e-01	3.710e-01	3.414e-01	3.862e-01	3.728e-01	3.452e-01	3.997e-01	3.390e-01	3.314e-01	3.490e-01	3.376e-01	3.283e-01	3.431e-01	3.362e-01	3.221e-01	3.459e-01
3.440e+04	3.748e-01	3.397e-01	3.872e-01	3.707e-01	3.417e-01	3.862e-01	3.703e-01	3.452e-01	3.997e-01	3.383e-01	3.314e-01	3.486e-01	3.379e-01	3.283e-01	3.448e-01	3.362e-01	3.221e-01	3.459e-01
3.450e+04	3.748e-01	3.397e-01	3.879e-01	3.714e-01	3.417e-01	3.866e-01	3.686e-01	3.452e-01	4.000e-01	3.383e-01	3.303e-01	3.486e-01	3.379e-01	3.283e-01	3.448e-01	3.362e-01	3.217e-01	3.466e-01
3.460e+04	3.752e-01	3.403e-01	3.879e-01	3.710e-01	3.431e-01	3.866e-01	3.686e-01	3.452e-01	4.000e-01	3.383e-01	3.303e-01	3.486e-01	3.376e-01	3.279e-01	3.445e-01	3.372e-01	3.224e-01	3.466e-01
3.470e+04	3.748e-01	3.403e-01	3.879e-01	3.710e-01	3.431e-01	3.866e-01	3.693e-01	3.452e-01	4.000e-01	3.383e-01	3.321e-01	3.486e-01	3.376e-01	3.279e-01	3.445e-01	3.372e-01	3.228e-01	3.459e-01
3.480e+04	3.752e-01	3.403e-01	3.879e-01	3.714e-01	3.431e-01	3.869e-01	3.693e-01	3.452e-01	4.007e-01	3.386e-01	3.321e-01	3.472e-01	3.376e-01	3.279e-01	3.448e-01	3.372e-01	3.231e-01	3.459e-01
3.490e+04	3.741e-01	3.403e-01	3.883e-01	3.710e-01	3.431e-01	3.869e-01	3.703e-01	3.459e-01	4.007e-01	3.386e-01	3.307e-01	3.472e-01	3.366e-01	3.279e-01	3.448e-01	3.372e-01	3.231e-01	3.469e-01
3.500e+04	3.741e-01	3.403e-01	3.883e-01	3.710e-01	3.431e-01	3.869e-01	3.703e-01	3.462e-01	4.007e-01	3.386e-01	3.307e-01	3.479e-01	3.366e-01	3.279e-01	3.434e-01	3.372e-01	3.234e-01	3.469e-01
3.510e+04	3.741e-01	3.403e-01	3.883e-01	3.710e-01	3.431e-01	3.869e-01	3.703e-01	3.462e-01	4.007e-01	3.386e-01	3.307e-01	3.479e-01	3.366e-01	3.293e-01	3.428e-01	3.372e-01	3.234e-01	3.469e-01
3.520e+04	3.734e-01	3.403e-01	3.883e-01	3.710e-01	3.448e-01	3.869e-01	3.703e-01	3.462e-01	4.021e-01	3.386e-01	3.307e-01	3.476e-01	3.366e-01	3.293e-01	3.428e-01	3.379e-01	3.231e-01	3.469e-01
3.530e+04	3.734e-01	3.403e-01	3.900e-01	3.710e-01	3.462e-01	3.862e-01	3.700e-01	3.462e-01	4.021e-01	3.386e-01	3.314e-01	3.476e-01	3.341e-01	3.293e-01	3.428e-01	3.379e-01	3.231e-01	3.466e-01
3.540e+04	3.741e-01	3.403e-01	3.900e-01	3.710e-01	3.462e-01	3.862e-01	3.700e-01	3.466e-01	4.021e-01	3.386e-01	3.314e-01	3.476e-01	3.345e-01	3.293e-01	3.428e-01	3.379e-01	3.231e-01	3.466e-01
3.550e+04	3.741e-01	3.403e-01	3.900e-01	3.710e-01	3.462e-01	3.862e-01	3.697e-01	3.455e-01	4.021e-01	3.386e-01	3.317e-01	3.476e-01	3.345e-01	3.293e-01	3.428e-01	3.379e-01	3.238e-01	3.476e-01
3.560e+04	3.741e-01	3.403e-01	3.893e-01	3.710e-01	3.462e-01	3.862e-01	3.697e-01	3.466e-01	4.021e-01	3.386e-01	3.317e-01	3.476e-01	3.345e-01	3.290e-01	3.428e-01	3.379e-01	3.241e-01	3.469e-01
3.570e+04	3.745e-01	3.407e-01	3.886e-01	3.710e-01	3.462e-01	3.862e-01	3.697e-01	3.455e-01	4.021e-01	3.386e-01	3.317e-01	3.476e-01	3.362e-01	3.290e-01	3.428e-01	3.379e-01	3.241e-01	3.469e-01
3.580e+04	3.728e-01	3.410e-01	3.879e-01	3.710e-01	3.462e-01	3.862e-01	3.697e-01	3.455e-01	4.021e-01	3.386e-01	3.324e-01	3.476e-01	3.362e-01	3.290e-01	3.445e-01	3.379e-01	3.241e-01	3.469e-01
3.590e+04	3.710e-01	3.410e-01	3.879e-01	3.710e-01	3.469e-01	3.859e-01	3.697e-01	3.455e-01	4.024e-01	3.386e-01	3.317e-01	3.483e-01	3.372e-01	3.290e-01	3.445e-01	3.379e-01	3.241e-01	3.469e-01
3.600e+04	3.703e-01	3.410e-01	3.866e-01	3.710e-01	3.466e-01	3.859e-01	3.697e-01	3.466e-01	4.024e-01	3.386e-01	3.317e-01	3.483e-01	3.372e-01	3.290e-01	3.441e-01	3.379e-01	3.241e-01	3.476e-01
3.610e+04	3.703e-01	3.410e-01	3.862e-01	3.710e-01	3.466e-01	3.859e-01	3.697e-01	3.466e-01	4.031e-01	3.386e-01	3.317e-01	3.483e-01	3.390e-01	3.290e-01	3.441e-01	3.369e-01	3.241e-01	3.476e-01
3.620e+04	3.703e-01	3.414e-01	3.862e-01	3.710e-01	3.466e-01	3.859e-01	3.697e-01	3.466e-01	4.031e-01	3.386e-01	3.317e-01	3.483e-01	3.390e-01	3.290e-01	3.434e-01	3.369e-01	3.241e-01	3.476e-01
3.630e+04	3.703e-01	3.407e-01	3.859e-01	3.717e-01	3.466e-01	3.869e-01	3.697e-01	3.483e-01	4.031e-01	3.386e-01	3.303e-01	3.483e-01	3.390e-01	3.290e-01	3.434e-01	3.369e-01	3.241e-01	3.476e-01
3.640e+04	3.703e-01	3.407e-01	3.845e-01	3.728e-01	3.466e-01	3.869e-01	3.697e-01	3.490e-01	4.031e-01	3.386e-01	3.307e-01	3.483e-01	3.390e-01	3.290e-01	3.434e-01	3.369e-01	3.241e-01	3.483e-01
3.650e+04	3.707e-01	3.407e-01	3.866e-01	3.728e-01	3.466e-01	3.869e-01	3.697e-01	3.490e-01	4.034e-01	3.383e-01	3.307e-01	3.483e-01	3.390e-01	3.303e-01	3.424e-01	3.369e-01	3.241e-01	3.479e-01
3.660e+04	3.707e-01	3.407e-01	3.869e-01	3.738e-01	3.466e-01	3.866e-01	3.697e-01	3.490e-01	4.034e-01	3.383e-01	3.307e-01	3.483e-01	3.390e-01	3.303e-01	3.424e-01	3.366e-01	3.241e-01	3.476e-01
3.670e+04	3.710e-01	3.407e-01	3.869e-01	3.741e-01	3.466e-01	3.866e-01	3.693e-01	3.493e-01	4.034e-01	3.376e-01	3.314e-01	3.483e-01	3.390e-01	3.303e-01	3.424e-01	3.376e-01	3.241e-01	3.476e-01
3.680e+04	3.710e-01	3.407e-01	3.869e-01	3.748e-01	3.466e-01	3.866e-01	3.697e-01	3.486e-01	4.034e-01	3.376e-01	3.314e-01	3.483e-01	3.390e-01	3.307e-01	3.424e-01	3.376e-01	3.241e-01	3.476e-01
3.690e+04	3.717e-01	3.407e-01	3.869e-01	3.748e-01	3.462e-01	3.866e-01	3.697e-01	3.486e-01	4.034e-01	3.383e-01	3.324e-01	3.483e-01	3.390e-01	3.307e-01	3.424e-01	3.376e-01	3.241e-01	3.479e-01
3.700e+04	3.721e-01	3.414e-01	3.876e-01	3.748e-01	3.462e-01	3.876e-01	3.703e-01	3.486e-01	4.031e-01	3.383e-01	3.324e-01	3.483e-01	3.390e-01	3.307e-01	3.421e-01	3.393e-01	3.248e-01	3.479e-01
3.710e+04	3.721e-01	3.414e-01	3.876e-01	3.745e-01	3.462e-01	3.876e-01	3.703e-01	3.486e-01	4.031e-01	3.386e-01	3.324e-01	3.483e-01	3.390e-01	3.307e-01	3.421e-01	3.393e-01	3.248e-01	3.479e-01
3.720e+04	3.717e-01	3.414e-01	3.876e-01	3.752e-01	3.462e-01	3.876e-01	3.703e-01	3.486e-01	4.031e-01	3.386e-01	3.324e-01	3.483e-01	3.390e-01	3.303e-01	3.421e-01	3.393e-01	3.248e-01	3.479e-01
3.730e+04	3.721e-01	3.414e-01	3.876e-01	3.752e-01	3.462e-01	3.876e-01	3.710e-01	3.486e-01	4.031e-01	3.386e-01	3.324e-01	3.490e-01	3.390e-01	3.300e-01	3.421e-01	3.393e-01	3.248e-01	3.479e-01
3.740e+04	3.717e-01	3.414e-01	3.876e-01	3.738e-01	3.462e-01	3.876e-01	3.724e-01	3.486e-01	4.031e-01	3.386e-01	3.324e-01	3.490e-01	3.390e-01	3.297e-01	3.434e-01	3.393e-01	3.248e-01	3.479e-01
3.750e+04	3.724e-01	3.414e-01	3.879e-01	3.734e-01	3.441e-01	3.886e-01	3.717e-01	3.486e-01	4.031e-01	3.390e-01	3.328e-01	3.486e-01	3.390e-01	3.293e-01	3.428e-01	3.386e-01	3.248e-01	3.479e-01
3.760e+04	3.738e-01	3.414e-01	3.879e-01	3.731e-01	3.441e-01	3.890e-01	3.717e-01	3.486e-01	4.045e-01	3.390e-01	3.328e-01	3.479e-01	3.390e-01	3.293e-01	3.428e-01	3.386e-01	3.248e-01	3.479e-01
3.770e+04	3.738e-01	3.421e-01	3.879e-01	3.731e-01	3.445e-01	3.890e-01	3.717e-01	3.486e-01	4.045e-01	3.390e-01	3.324e-01	3.479e-01	3.390e-01	3.297e-01	3.424e-01	3.386e-01	3.248e-01	3.479e-01
3.780e+04	3.738e-01	3.421e-01	3.876e-01	3.731e-01	3.445e-01	3.907e-01	3.717e-01	3.486e-01	4.045e-01	3.390e-01	3.324e-01	3.479e-01	3.372e-01	3.297e-01	3.424e-01	3.386e-01	3.259e-01	3.479e-01
3.790e+04	3.741e-01	3.434e-01	3.876e-01	3.731e-01	3.438e-01	3.907e-01	3.724e-01	3.486e-01	4.048e-01	3.390e-01	3.328e-01	3.479e-01	3.372e-01	3.297e-01	3.424e-01	3.386e-01	3.266e-01	3.479e-01
3.800e+04	3.741e-01	3.434e-01	3.876e-01	3.731e-01	3.438e-01	3.907e-01	3.724e-01	3.486e-01	4.048e-01	3.383e-01	3.331e-01	3.479e-01	3.372e-01	3.297e-01	3.414e-01	3.386e-01	3.266e-01	3.479e-01
3.810e+04	3.731e-01	3.434e-01	3.876e-01	3.728e-01	3.438e-01	3.907e-01	3.724e-01	3.486e-01	4.048e-01	3.386e-01	3.331e-01	3.486e-01	3.372e-01	3.297e-01	3.414e-01	3.386e-01	3.266e-01	3.476e-01
3.820e+04	3.731e-01	3.434e-01	3.876e-01	3.728e-01	3.438e-01	3.910e-01	3.717e-01	3.486e-01	4.045e-01	3.386e-01	3.331e-01	3.486e-01	3.372e-01	3.297e-01	3.414e-01	3.372e-01	3.266e-01	3.476e-01
3.830e+04	3.731e-01	3.441e-01	3.876e-01	3.721e-01	3.438e-01	3.910e-01	3.717e-01	3.490e-01	4.045e-01	3.393e-01	3.331e-01	3.486e-01	3.372e-01	3.297e-01	3.414e-01	3.372e-01	3.266e-01	3.476e-01
3.840e+04	3.731e-01	3.434e-01	3.876e-01	3.717e-01	3.441e-01	3.917e-01	3.721e-01	3.483e-01	4.045e-01	3.393e-01	3.331e-01	3.486e-01	3.372e-01	3.297e-01	3.417e-01	3.372e-01	3.266e-01	3.476e-01
3.850e+04	3.724e-01	3.445e-01	3.876e-01	3.717e-01	3.441e-01	3.917e-01	3.721e-01	3.479e-01	4.045e-01	3.397e-01	3.331e-01	3.486e-01	3.372e-01	3.297e-01	3.417e-01	3.372e-01	3.266e-01	3.476e-01
3.860e+04	3.731e-01	3.445e-01	3.876e-01	3.717e-01	3.434e-01	3.921e-01	3.710e-01	3.479e-01	4.055e-01	3.397e-01	3.331e-01	3.486e-01	3.372e-01	3.297e-01	3.417e-01	3.372e-01	3.266e-01	3.476e-01
3.870e+04	3.731e-01	3.466e-01	3.886e-01	3.703e-01	3.434e-01	3.921e-01	3.710e-01	3.497e-01	4.055e-01	3.397e-01	3.331e-01	3.486e-01	3.372e-01	3.290e-01	3.417e-01	3.372e-01	3.259e-01	3.476e-01
3.880e+04	3.738e-01	3.466e-01	3.886e-01	3.703e-01	3.455e-01	3.921e-01	3.714e-01	3.497e-01	4.055e-01	3.397e-01	3.331e-01	3.486e-01	3.372e-01	3.290e-01	3.417e-01	3.372e-01	3.259e-01	3.476e-01
3.890e+04	3.731e-01	3.466e-01	3.886e-01	3.700e-01	3.445e-01	3.921e-01	3.721e-01	3.507e-01	4.069e-01	3.400e-01	3.324e-01	3.483e-01	3.390e-01	3.290e-01	3.417e-01	3.386e-01	3.259e-01	3.472e-01
3.900e+04	3.731e-01	3.472e-01	3.886e-01	3.693e-01	3.445e-01	3.921e-01	3.721e-01	3.507e-01	4.069e-01	3.400e-01	3.314e-01	3.486e-01	3.390e-01	3.286e-01	3.417e-01	3.386e-01	3.259e-01	3.472e-01
3.910e+04	3.728e-01	3.472e-01	3.886e-01	3.693e-01	3.455e-01	3.921e-01	3.717e-01	3.507e-01	4.069e-01	3.400e-01	3.310e-01	3.486e-01	3.390e-01	3.293e-01	3.421e-01	3.386e-01	3.259e-01	3.455e-01
3.920e+04	3.721e-01	3.472e-01	3.893e-01	3.690e-01	3.455e-01	3.914e-01	3.714e-01	3.507e-01	4.069e-01	3.400e-01	3.310e-01	3.479e-01	3.386e-01	3.293e-01	3.421e-01	3.386e-01	3.259e-01	3.438e-01
3.930e+04	3.721e-01	3.472e-01	3.893e-01	3.690e-01	3.455e-01	3.914e-01	3.714e-01	3.517e-01	4.069e-01	3.397e-01	3.310e-01	3.483e-01	3.386e-01	3.293e-01	3.421e-01	3.386e-01	3.259e-01	3.438e-01
3.940e+04	3.721e-01	3.479e-01	3.893e-01	3.690e-01	3.455e-01	3.914e-01	3.731e-01	3.517e-01	4.069e-01	3.393e-01	3.307e-01	3.490e-01	3.386e-01	3.293e-01	3.421e-01	3.386e-01	3.259e-01	3.438e-01
3.950e+04	3.721e-01	3.490e-01	3.893e-01	3.690e-01	3.455e-01	3.914e-01	3.728e-01	3.517e-01	4.069e-01	3.393e-01	3.307e-01	3.490e-01	3.386e-01	3.293e-01	3.421e-01	3.386e-01	3.259e-01	3.438e-01
3.960e+04	3.721e-01	3.490e-01	3.893e-01	3.690e-01	3.455e-01	3.914e-01	3.728e-01	3.517e-01	4.066e-01	3.393e-01	3.310e-01	3.490e-01	3.386e-01	3.293e-01	3.421e-01	3.386e-01	3.259e-01	3.438e-01
3.970e+04	3.721e-01	3.490e-01	3.910e-01	3.683e-01	3.455e-01	3.921e-01	3.724e-01	3.517e-01	4.066e-01	3.393e-01	3.310e-01	3.500e-01	3.386e-01	3.293e-01	3.428e-01	3.386e-01	3.259e-01	3.428e-01
3.980e+04	3.721e-01	3.462e-01	3.910e-01	3.697e-01	3.462e-01	3.921e-01	3.724e-01	3.517e-01	4.076e-01	3.393e-01	3.310e-01	3.500e-01	3.386e-01	3.293e-01	3.428e-01	3.386e-01	3.269e-01	3.445e-01
3.990e+04	3.721e-01	3.445e-01	3.910e-01	3.703e-01	3.462e-01	3.907e-01	3.724e-01	3.517e-01	4.076e-01	3.400e-01	3.314e-01	3.500e-01	3.386e-01	3.293e-01	3.438e-01	3.386e-01	3.269e-01	3.445e-01
4.000e+04	3.721e-01	3.448e-01	3.886e-01	3.700e-01	3.462e-01	3.917e-01	3.728e-01	3.517e-01	4.076e-01	3.400e-01	3.314e-01	3.510e-01	3.379e-01	3.297e-01	3.438e-01	3.386e-01	3.269e-01	3.445e-01
4.010e+04	3.714e-01	3.448e-01	3.886e-01	3.690e-01	3.462e-01	3.917e-01	3.728e-01	3.517e-01	4.079e-01	3.400e-01	3.314e-01	3.510e-01	3.376e-01	3.297e-01	3.434e-01	3.386e-01	3.269e-01	3.445e-01
4.020e+04	3.714e-01	3.445e-01	3.886e-01	3.686e-01	3.462e-01	3.917e-01	3.728e-01	3.517e-01	4.083e-01	3.397e-01	3.314e-01	3.510e-01	3.383e-01	3.293e-01	3.438e-01	3.386e-01	3.279e-01	3.445e-01
4.030e+04	3.717e-01	3.445e-01	3.886e-01	3.683e-01	3.462e-01	3.924e-01	3.728e-01	3.507e-01	4.083e-01	3.403e-01	3.314e-01	3.510e-01	3.383e-01	3.293e-01	3.438e-01	3.386e-01	3.269e-01	3.445e-01
4.040e+04	3.717e-01	3.445e-01	3.879e-01	3.693e-01	3.462e-01	3.924e-01	3.728e-01	3.517e-01	4.083e-01	3.407e-01	3.307e-01	3.507e-01	3.383e-01	3.293e-01	3.441e-01	3.386e-01	3.269e-01	3.441e-01
4.050e+04	3.724e-01	3.441e-01	3.876e-01	3.693e-01	3.462e-01	3.924e-01	3.728e-01	3.521e-01	4.083e-01	3.407e-01	3.307e-01	3.507e-01	3.383e-01	3.293e-01	3.441e-01	3.386e-01	3.266e-01	3.441e-01
4.060e+04	3.724e-01	3.441e-01	3.876e-01	3.693e-01	3.459e-01	3.924e-01	3.721e-01	3.521e-01	4.083e-01	3.407e-01	3.307e-01	3.507e-01	3.383e-01	3.293e-01	3.441e-01	3.386e-01	3.286e-01	3.441e-01
4.070e+04	3.724e-01	3.441e-01	3.876e-01	3.693e-01	3.459e-01	3.924e-01	3.728e-01	3.521e-01	4.083e-01	3.407e-01	3.310e-01	3.507e-01	3.383e-01	3.293e-01	3.441e-01	3.386e-01	3.286e-01	3.441e-01
4.080e+04	3.724e-01	3.441e-01	3.876e-01	3.697e-01	3.459e-01	3.938e-01	3.728e-01	3.521e-01	4.083e-01	3.400e-01	3.307e-01	3.507e-01	3.383e-01	3.293e-01	3.441e-01	3.386e-01	3.286e-01	3.441e-01
4.090e+04	3.724e-01	3.441e-01	3.876e-01	3.703e-01	3.459e-01	3.938e-01	3.728e-01	3.521e-01	4.083e-01	3.400e-01	3.307e-01	3.507e-01	3.383e-01	3.286e-01	3.448e-01	3.383e-01	3.276e-01	3.424e-01
4.100e+04	3.731e-01	3.441e-01	3.876e-01	3.703e-01	3.459e-01	3.938e-01	3.728e-01	3.521e-01	4.083e-01	3.393e-01	3.307e-01	3.507e-01	3.383e-01	3.286e-01	3.459e-01	3.383e-01	3.276e-01	3.431e-01
4.110e+04	3.738e-01	3.441e-01	3.876e-01	3.703e-01	3.459e-01	3.938e-01	3.728e-01	3.531e-01	4.083e-01	3.393e-01	3.314e-01	3.507e-01	3.383e-01	3.286e-01	3.452e-01	3.383e-01	3.276e-01	3.431e-01
4.120e+04	3.738e-01	3.441e-01	3.876e-01	3.690e-01	3.462e-01	3.938e-01	3.734e-01	3.531e-01	4.083e-01	3.393e-01	3.314e-01	3.507e-01	3.386e-01	3.286e-01	3.452e-01	3.376e-01	3.279e-01	3.441e-01
4.130e+04	3.741e-01	3.441e-01	3.872e-01	3.690e-01	3.469e-01	3.938e-01	3.734e-01	3.548e-01	4.079e-01	3.393e-01	3.314e-01	3.507e-01	3.376e-01	3.286e-01	3.452e-01	3.376e-01	3.279e-01	3.441e-01
4.140e+04	3.741e-01	3.441e-01	3.872e-01	3.690e-01	3.469e-01	3.938e-01	3.734e-01	3.548e-01	4.079e-01	3.383e-01	3.314e-01	3.497e-01	3.390e-01	3.286e-01	3.445e-01	3.379e-01	3.279e-01	3.441e-01
4.150e+04	3.741e-01	3.441e-01	3.872e-01	3.697e-01	3.483e-01	3.938e-01	3.734e-01	3.548e-01	4.079e-01	3.383e-01	3.314e-01	3.497e-01	3.390e-01	3.286e-01	3.445e-01	3.379e-01	3.279e-01	3.441e-01
4.160e+04	3.741e-01	3.441e-01	3.872e-01	3.697e-01	3.483e-01	3.938e-01	3.738e-01	3.541e-01	4.079e-01	3.390e-01	3.314e-01	3.510e-01	3.390e-01	3.286e-01	3.441e-01	3.379e-01	3.279e-01	3.441e-01
4.170e+04	3.734e-01	3.441e-01	3.879e-01	3.683e-01	3.483e-01	3.938e-01	3.738e-01	3.552e-01	4.079e-01	3.390e-01	3.314e-01	3.510e-01	3.390e-01	3.286e-01	3.438e-01	3.379e-01	3.279e-01	3.438e-01
4.180e+04	3.728e-01	3.441e-01	3.883e-01	3.672e-01	3.483e-01	3.941e-01	3.738e-01	3.548e-01	4.076e-01	3.386e-01	3.314e-01	3.510e-01	3.390e-01	3.286e-01	3.438e-01	3.376e-01	3.283e-01	3.438e-01
4.190e+04	3.728e-01	3.441e-01	3.883e-01	3.676e-01	3.483e-01	3.941e-01	3.738e-01	3.548e-01	4.076e-01	3.386e-01	3.314e-01	3.510e-01	3.390e-01	3.279e-01	3.438e-01	3.376e-01	3.283e-01	3.445e-01
4.200e+04	3.734e-01	3.452e-01	3.883e-01	3.676e-01	3.472e-01	3.941e-01	3.738e-01	3.548e-01	4.076e-01	3.386e-01	3.314e-01	3.510e-01	3.390e-01	3.279e-01	3.438e-01	3.376e-01	3.283e-01	3.445e-01
4.210e+04	3.745e-01	3.452e-01	3.886e-01	3.676e-01	3.486e-01	3.941e-01	3.738e-01	3.548e-01	4.076e-01	3.386e-01	3.314e-01	3.510e-01	3.376e-01	3.283e-01	3.459e-01	3.376e-01	3.286e-01	3.445e-01
4.220e+04	3.745e-01	3.452e-01	3.886e-01	3.676e-01	3.486e-01	3.941e-01	3.738e-01	3.562e-01	4.076e-01	3.390e-01	3.314e-01	3.503e-01	3.376e-01	3.283e-01	3.459e-01	3.366e-01	3.286e-01	3.445e-01
4.230e+04	3.745e-01	3.452e-01	3.886e-01	3.676e-01	3.486e-01	3.941e-01	3.738e-01	3.562e-01	4.076e-01	3.390e-01	3.314e-01	3.503e-01	3.376e-01	3.297e-01	3.459e-01	3.359e-01	3.290e-01	3.445e-01
4.240e+04	3.745e-01	3.452e-01	3.886e-01	3.666e-01	3.486e-01	3.948e-01	3.741e-01	3.562e-01	4.076e-01	3.400e-01	3.314e-01	3.503e-01	3.376e-01	3.303e-01	3.452e-01	3.359e-01	3.290e-01	3.438e-01
4.250e+04	3.745e-01	3.452e-01	3.886e-01	3.669e-01	3.486e-01	3.948e-01	3.741e-01	3.548e-01	4.076e-01	3.403e-01	3.314e-01	3.503e-01	3.376e-01	3.303e-01	3.452e-01	3.359e-01	3.290e-01	3.438e-01
4.260e+04	3.745e-01	3.452e-01	3.886e-01	3.669e-01	3.486e-01	3.948e-01	3.741e-01	3.548e-01	4.076e-01	3.403e-01	3.314e-01	3.503e-01	3.376e-01	3.290e-01	3.448e-01	3.359e-01	3.290e-01	3.438e-01
4.270e+04	3.752e-01	3.452e-01	3.886e-01	3.655e-01	3.486e-01	3.952e-01	3.741e-01	3.548e-01	4.069e-01	3.403e-01	3.314e-01	3.503e-01	3.376e-01	3.290e-01	3.448e-01	3.359e-01	3.293e-01	3.445e-01
4.280e+04	3.752e-01	3.452e-01	3.886e-01	3.641e-01	3.486e-01	3.952e-01	3.741e-01	3.552e-01	4.069e-01	3.403e-01	3.314e-01	3.507e-01	3.376e-01	3.290e-01	3.448e-01	3.359e-01	3.293e-01	3.445e-01
4.290e+04	3.752e-01	3.452e-01	3.890e-01	3.641e-01	3.486e-01	3.952e-01	3.741e-01	3.552e-01	4.069e-01	3.403e-01	3.314e-01	3.507e-01	3.376e-01	3.290e-01	3.448e-01	3.359e-01	3.293e-01	3.445e-01
4.300e+04	3.752e-01	3.452e-01	3.890e-01	3.652e-01	3.486e-01	3.955e-01	3.741e-01	3.552e-01	4.069e-01	3.403e-01	3.314e-01	3.507e-01	3.376e-01	3.286e-01	3.448e-01	3.359e-01	3.290e-01	3.448e-01
4.310e+04	3.752e-01	3.490e-01	3.890e-01	3.652e-01	3.486e-01	3.955e-01	3.741e-01	3.552e-01	4.069e-01	3.403e-01	3.334e-01	3.507e-01	3.369e-01	3.286e-01	3.448e-01	3.359e-01	3.290e-01	3.448e-01
4.320e+04	3.752e-01	3.507e-01	3.890e-01	3.655e-01	3.483e-01	3.955e-01	3.741e-01	3.559e-01	4.069e-01	3.414e-01	3.328e-01	3.507e-01	3.366e-01	3.286e-01	3.445e-01	3.359e-01	3.290e-01	3.448e-01
4.330e+04	3.752e-01	3.493e-01	3.890e-01	3.662e-01	3.483e-01	3.955e-01	3.741e-01	3.545e-01	4.069e-01	3.410e-01	3.328e-01	3.507e-01	3.369e-01	3.286e-01	3.445e-01	3.359e-01	3.290e-01	3.455e-01
4.340e+04	3.752e-01	3.493e-01	3.886e-01	3.662e-01	3.483e-01	3.955e-01	3.741e-01	3.552e-01	4.069e-01	3.410e-01	3.317e-01	3.507e-01	3.376e-01	3.290e-01	3.452e-01	3.359e-01	3.290e-01	3.448e-01
4.350e+04	3.752e-01	3.507e-01	3.886e-01	3.652e-01	3.476e-01	3.955e-01	3.741e-01	3.552e-01	4.069e-01	3.414e-01	3.317e-01	3.507e-01	3.379e-01	3.297e-01	3.452e-01	3.359e-01	3.290e-01	3.455e-01
4.360e+04	3.752e-01	3.517e-01	3.890e-01	3.666e-01	3.476e-01	3.959e-01	3.752e-01	3.559e-01	4.069e-01	3.410e-01	3.317e-01	3.507e-01	3.379e-01	3.297e-01	3.445e-01	3.359e-01	3.290e-01	3.455e-01
4.370e+04	3.752e-01	3.517e-01	3.890e-01	3.666e-01	3.476e-01	3.959e-01	3.752e-01	3.559e-01	4.069e-01	3.414e-01	3.317e-01	3.503e-01	3.369e-01	3.297e-01	3.455e-01	3.359e-01	3.290e-01	3.448e-01
4.380e+04	3.752e-01	3.517e-01	3.890e-01	3.662e-01	3.476e-01	3.959e-01	3.752e-01	3.559e-01	4.079e-01	3.417e-01	3.317e-01	3.503e-01	3.369e-01	3.297e-01	3.455e-01	3.359e-01	3.290e-01	3.448e-01
4.390e+04	3.752e-01	3.534e-01	3.890e-01	3.662e-01	3.476e-01	3.969e-01	3.752e-01	3.559e-01	4.079e-01	3.421e-01	3.317e-01	3.503e-01	3.369e-01	3.297e-01	3.455e-01	3.359e-01	3.290e-01	3.459e-01
4.400e+04	3.752e-01	3.531e-01	3.890e-01	3.662e-01	3.476e-01	3.969e-01	3.755e-01	3.559e-01	4.066e-01	3.421e-01	3.317e-01	3.514e-01	3.369e-01	3.297e-01	3.455e-01	3.359e-01	3.297e-01	3.459e-01
4.410e+04	3.752e-01	3.531e-01	3.890e-01	3.662e-01	3.472e-01	3.972e-01	3.755e-01	3.562e-01	4.066e-01	3.414e-01	3.317e-01	3.524e-01	3.386e-01	3.297e-01	3.455e-01	3.359e-01	3.297e-01	3.459e-01
4.420e+04	3.752e-01	3.531e-01	3.890e-01	3.662e-01	3.472e-01	3.972e-01	3.755e-01	3.562e-01	4.066e-01	3.407e-01	3.317e-01	3.517e-01	3.386e-01	3.307e-01	3.455e-01	3.359e-01	3.297e-01	3.459e-01
4.430e+04	3.752e-01	3.534e-01	3.890e-01	3.662e-01	3.472e-01	3.972e-01	3.755e-01	3.562e-01	4.066e-01	3.410e-01	3.331e-01	3.517e-01	3.386e-01	3.307e-01	3.452e-01	3.359e-01	3.297e-01	3.459e-01
4.440e+04	3.752e-01	3.534e-01	3.890e-01	3.672e-01	3.472e-01	3.972e-01	3.755e-01	3.562e-01	4.066e-01	3.410e-01	3.331e-01	3.517e-01	3.386e-01	3.307e-01	3.452e-01	3.359e-01	3.303e-01	3.448e-01
4.450e+04	3.752e-01	3.534e-01	3.893e-01	3.672e-01	3.472e-01	3.972e-01	3.755e-01	3.562e-01	4.066e-01	3.410e-01	3.331e-01	3.524e-01	3.386e-01	3.307e-01	3.452e-01	3.359e-01	3.303e-01	3.448e-01
4.460e+04	3.752e-01	3.528e-01	3.890e-01	3.700e-01	3.472e-01	3.976e-01	3.752e-01	3.562e-01	4.066e-01	3.410e-01	3.331e-01	3.524e-01	3.386e-01	3.307e-01	3.452e-01	3.359e-01	3.303e-01	3.448e-01
4.470e+04	3.752e-01	3.517e-01	3.890e-01	3.700e-01	3.472e-01	3.976e-01	3.752e-01	3.562e-01	4.066e-01	3.407e-01	3.331e-01	3.524e-01	3.386e-01	3.307e-01	3.452e-01	3.359e-01	3.303e-01	3.448e-01
4.480e+04	3.762e-01	3.490e-01	3.890e-01	3.700e-01	3.472e-01	3.986e-01	3.752e-01	3.562e-01	4.066e-01	3.407e-01	3.331e-01	3.524e-01	3.376e-01	3.307e-01	3.452e-01	3.355e-01	3.303e-01	3.448e-01
4.490e+04	3.762e-01	3.490e-01	3.893e-01	3.700e-01	3.472e-01	4.003e-01	3.755e-01	3.562e-01	4.055e-01	3.407e-01	3.331e-01	3.517e-01	3.376e-01	3.307e-01	3.455e-01	3.355e-01	3.303e-01	3.459e-01
4.500e+04	3.762e-01	3.490e-01	3.893e-01	3.700e-01	3.476e-01	4.000e-01	3.755e-01	3.569e-01	4.055e-01	3.414e-01	3.331e-01	3.517e-01	3.379e-01	3.307e-01	3.455e-01	3.355e-01	3.303e-01	3.459e-01
4.510e+04	3.762e-01	3.490e-01	3.893e-01	3.703e-01	3.476e-01	4.000e-01	3.755e-01	3.569e-01	4.055e-01	3.414e-01	3.331e-01	3.517e-01	3.379e-01	3.307e-01	3.455e-01	3.355e-01	3.303e-01	3.462e-01
4.520e+04	3.762e-01	3.490e-01	3.897e-01	3.703e-01	3.476e-01	4.000e-01	3.755e-01	3.569e-01	4.038e-01	3.414e-01	3.331e-01	3.517e-01	3.379e-01	3.307e-01	3.455e-01	3.355e-01	3.303e-01	3.462e-01
4.530e+04	3.762e-01	3.490e-01	3.897e-01	3.703e-01	3.476e-01	4.000e-01	3.755e-01	3.569e-01	4.038e-01	3.414e-01	3.331e-01	3.517e-01	3.379e-01	3.307e-01	3.455e-01	3.355e-01	3.303e-01	3.455e-01
4.540e+04	3.762e-01	3.490e-01	3.897e-01	3.703e-01	3.476e-01	4.000e-01	3.755e-01	3.569e-01	4.038e-01	3.414e-01	3.331e-01	3.517e-01	3.379e-01	3.307e-01	3.455e-01	3.355e-01	3.303e-01	3.462e-01
4.550e+04	3.776e-01	3.476e-01	3.893e-01	3.703e-01	3.476e-01	4.021e-01	3.755e-01	3.569e-01	4.038e-01	3.403e-01	3.345e-01	3.517e-01	3.379e-01	3.307e-01	3.455e-01	3.355e-01	3.310e-01	3.469e-01
4.560e+04	3.769e-01	3.476e-01	3.893e-01	3.703e-01	3.476e-01	4.021e-01	3.755e-01	3.572e-01	4.038e-01	3.410e-01	3.341e-01	3.517e-01	3.372e-01	3.307e-01	3.445e-01	3.362e-01	3.310e-01	3.469e-01
4.570e+04	3.769e-01	3.476e-01	3.893e-01	3.703e-01	3.476e-01	4.021e-01	3.755e-01	3.572e-01	4.017e-01	3.410e-01	3.341e-01	3.517e-01	3.372e-01	3.307e-01	3.455e-01	3.359e-01	3.310e-01	3.466e-01
4.580e+04	3.772e-01	3.466e-01	3.893e-01	3.710e-01	3.462e-01	4.028e-01	3.755e-01	3.579e-01	4.017e-01	3.397e-01	3.341e-01	3.517e-01	3.372e-01	3.307e-01	3.455e-01	3.359e-01	3.310e-01	3.466e-01
4.590e+04	3.772e-01	3.466e-01	3.893e-01	3.710e-01	3.462e-01	4.024e-01	3.755e-01	3.583e-01	4.017e-01	3.397e-01	3.341e-01	3.510e-01	3.372e-01	3.297e-01	3.462e-01	3.362e-01	3.310e-01	3.466e-01
4.600e+04	3.762e-01	3.466e-01	3.890e-01	3.710e-01	3.462e-01	4.024e-01	3.762e-01	3.583e-01	4.017e-01	3.400e-01	3.341e-01	3.507e-01	3.372e-01	3.297e-01	3.462e-01	3.362e-01	3.317e-01	3.466e-01
4.610e+04	3.762e-01	3.462e-01	3.890e-01	3.710e-01	3.462e-01	4.024e-01	3.762e-01	3.583e-01	4.017e-01	3.400e-01	3.341e-01	3.507e-01	3.372e-01	3.297e-01	3.462e-01	3.376e-01	3.321e-01	3.466e-01
4.620e+04	3.759e-01	3.466e-01	3.890e-01	3.710e-01	3.462e-01	4.024e-01	3.752e-01	3.583e-01	4.017e-01	3.410e-01	3.341e-01	3.503e-01	3.369e-01	3.297e-01	3.462e-01	3.376e-01	3.321e-01	3.466e-01
4.630e+04	3.766e-01	3.466e-01	3.890e-01	3.721e-01	3.462e-01	4.048e-01	3.755e-01	3.583e-01	4.017e-01	3.403e-01	3.341e-01	3.503e-01	3.369e-01	3.300e-01	3.462e-01	3.376e-01	3.321e-01	3.466e-01
4.640e+04	3.766e-01	3.466e-01	3.890e-01	3.721e-01	3.462e-01	4.052e-01	3.755e-01	3.583e-01	4.017e-01	3.400e-01	3.338e-01	3.500e-01	3.369e-01	3.300e-01	3.462e-01	3.376e-01	3.321e-01	3.466e-01
4.650e+04	3.786e-01	3.466e-01	3.890e-01	3.703e-01	3.462e-01	4.062e-01	3.755e-01	3.586e-01	4.017e-01	3.400e-01	3.338e-01	3.500e-01	3.369e-01	3.300e-01	3.455e-01	3.376e-01	3.317e-01	3.479e-01
4.660e+04	3.793e-01	3.466e-01	3.890e-01	3.703e-01	3.462e-01	4.062e-01	3.755e-01	3.586e-01	4.017e-01	3.400e-01	3.338e-01	3.507e-01	3.383e-01	3.300e-01	3.462e-01	3.376e-01	3.317e-01	3.479e-01
4.670e+04	3.793e-01	3.466e-01	3.900e-01	3.703e-01	3.462e-01	4.069e-01	3.755e-01	3.586e-01	4.017e-01	3.400e-01	3.338e-01	3.507e-01	3.379e-01	3.297e-01	3.462e-01	3.376e-01	3.317e-01	3.479e-01
4.680e+04	3.793e-01	3.466e-01	3.903e-01	3.724e-01	3.462e-01	4.076e-01	3.752e-01	3.586e-01	4.017e-01	3.403e-01	3.341e-01	3.497e-01	3.379e-01	3.297e-01	3.462e-01	3.376e-01	3.317e-01	3.479e-01
4.690e+04	3.810e-01	3.466e-01	3.897e-01	3.724e-01	3.462e-01	4.076e-01	3.741e-01	3.586e-01	4.017e-01	3.403e-01	3.348e-01	3.497e-01	3.386e-01	3.297e-01	3.462e-01	3.376e-01	3.317e-01	3.479e-01
4.700e+04	3.807e-01	3.476e-01	3.897e-01	3.748e-01	3.462e-01	4.069e-01	3.741e-01	3.586e-01	4.017e-01	3.403e-01	3.341e-01	3.490e-01	3.386e-01	3.297e-01	3.462e-01	3.376e-01	3.310e-01	3.479e-01
4.710e+04	3.810e-01	3.476e-01	3.897e-01	3.766e-01	3.462e-01	4.079e-01	3.741e-01	3.586e-01	4.017e-01	3.403e-01	3.341e-01	3.490e-01	3.386e-01	3.297e-01	3.462e-01	3.376e-01	3.310e-01	3.479e-01
4.720e+04	3.807e-01	3.476e-01	3.897e-01	3.766e-01	3.462e-01	4.079e-01	3.741e-01	3.583e-01	4.017e-01	3.400e-01	3.341e-01	3.490e-01	3.386e-01	3.297e-01	3.462e-01	3.376e-01	3.310e-01	3.479e-01
4.730e+04	3.807e-01	3.476e-01	3.897e-01	3.766e-01	3.462e-01	4.086e-01	3.738e-01	3.576e-01	4.017e-01	3.400e-01	3.341e-01	3.497e-01	3.386e-01	3.297e-01	3.462e-01	3.376e-01	3.310e-01	3.483e-01
4.740e+04	3.807e-01	3.476e-01	3.890e-01	3.766e-01	3.462e-01	4.086e-01	3.734e-01	3.572e-01	4.007e-01	3.400e-01	3.341e-01	3.497e-01	3.386e-01	3.297e-01	3.462e-01	3.376e-01	3.307e-01	3.483e-01
4.750e+04	3.807e-01	3.476e-01	3.890e-01	3.769e-01	3.462e-01	4.086e-01	3.734e-01	3.572e-01	4.007e-01	3.400e-01	3.341e-01	3.497e-01	3.386e-01	3.290e-01	3.462e-01	3.376e-01	3.293e-01	3.483e-01
4.760e+04	3.807e-01	3.472e-01	3.890e-01	3.769e-01	3.476e-01	4.086e-01	3.734e-01	3.576e-01	4.007e-01	3.400e-01	3.341e-01	3.507e-01	3.386e-01	3.290e-01	3.462e-01	3.372e-01	3.293e-01	3.476e-01
4.770e+04	3.807e-01	3.472e-01	3.890e-01	3.769e-01	3.483e-01	4.086e-01	3.734e-01	3.576e-01	4.021e-01	3.400e-01	3.341e-01	3.514e-01	3.386e-01	3.290e-01	3.462e-01	3.372e-01	3.293e-01	3.476e-01
4.780e+04	3.807e-01	3.472e-01	3.890e-01	3.769e-01	3.490e-01	4.086e-01	3.734e-01	3.576e-01	4.021e-01	3.400e-01	3.338e-01	3.514e-01	3.386e-01	3.290e-01	3.462e-01	3.372e-01	3.293e-01	3.462e-01
4.790e+04	3.797e-01	3.472e-01	3.890e-01	3.790e-01	3.497e-01	4.086e-01	3.734e-01	3.576e-01	4.021e-01	3.400e-01	3.338e-01	3.514e-01	3.386e-01	3.290e-01	3.462e-01	3.372e-01	3.293e-01	3.462e-01
4.800e+04	3.797e-01	3.486e-01	3.890e-01	3.790e-01	3.497e-01	4.086e-01	3.734e-01	3.579e-01	4.021e-01	3.400e-01	3.338e-01	3.514e-01	3.386e-01	3.290e-01	3.462e-01	3.372e-01	3.293e-01	3.462e-01
4.810e+04	3.797e-01	3.486e-01	3.890e-01	3.797e-01	3.497e-01	4.086e-01	3.734e-01	3.579e-01	4.014e-01	3.400e-01	3.338e-01	3.514e-01	3.386e-01	3.290e-01	3.462e-01	3.372e-01	3.293e-01	3.462e-01
4.820e+04	3.797e-01	3.490e-01	3.890e-01	3.797e-01	3.497e-01	4.086e-01	3.734e-01	3.579e-01	4.010e-01	3.400e-01	3.338e-01	3.514e-01	3.386e-01	3.290e-01	3.462e-01	3.372e-01	3.290e-01	3.462e-01
4.830e+04	3.797e-01	3.490e-01	3.890e-01	3.793e-01	3.497e-01	4.086e-01	3.734e-01	3.579e-01	4.010e-01	3.400e-01	3.338e-01	3.514e-01	3.386e-01	3.290e-01	3.466e-01	3.372e-01	3.290e-01	3.462e-01
4.840e+04	3.793e-01	3.490e-01	3.890e-01	3.793e-01	3.497e-01	4.086e-01	3.745e-01	3.576e-01	4.010e-01	3.400e-01	3.338e-01	3.514e-01	3.383e-01	3.290e-01	3.466e-01	3.372e-01	3.290e-01	3.462e-01
4.850e+04	3.793e-01	3.490e-01	3.890e-01	3.793e-01	3.497e-01	4.086e-01	3.745e-01	3.576e-01	4.010e-01	3.400e-01	3.338e-01	3.510e-01	3.372e-01	3.290e-01	3.466e-01	3.372e-01	3.290e-01	3.466e-01
4.860e+04	3.793e-01	3.490e-01	3.897e-01	3.793e-01	3.497e-01	4.072e-01	3.741e-01	3.576e-01	4.010e-01	3.400e-01	3.338e-01	3.510e-01	3.372e-01	3.300e-01	3.466e-01	3.372e-01	3.290e-01	3.466e-01
4.870e+04	3.793e-01	3.493e-01	3.897e-01	3.797e-01	3.497e-01	4.072e-01	3.741e-01	3.576e-01	4.010e-01	3.400e-01	3.338e-01	3.510e-01	3.372e-01	3.300e-01	3.466e-01	3.372e-01	3.300e-01	3.466e-01
4.880e+04	3.793e-01	3.493e-01	3.897e-01	3.807e-01	3.497e-01	4.072e-01	3.741e-01	3.579e-01	4.010e-01	3.400e-01	3.338e-01	3.510e-01	3.372e-01	3.300e-01	3.466e-01	3.372e-01	3.300e-01	3.466e-01
4.890e+04	3.793e-01	3.493e-01	3.897e-01	3.807e-01	3.497e-01	4.072e-01	3.741e-01	3.579e-01	4.010e-01	3.400e-01	3.331e-01	3.510e-01	3.372e-01	3.300e-01	3.462e-01	3.376e-01	3.300e-01	3.466e-01
4.900e+04	3.793e-01	3.490e-01	3.897e-01	3.807e-01	3.497e-01	4.069e-01	3.741e-01	3.579e-01	4.010e-01	3.400e-01	3.341e-01	3.521e-01	3.376e-01	3.297e-01	3.462e-01	3.376e-01	3.300e-01	3.466e-01
4.910e+04	3.793e-01	3.493e-01	3.897e-01	3.807e-01	3.497e-01	4.069e-01	3.745e-01	3.579e-01	4.007e-01	3.400e-01	3.341e-01	3.521e-01	3.376e-01	3.297e-01	3.462e-01	3.376e-01	3.310e-01	3.466e-01
4.920e+04	3.793e-01	3.486e-01	3.897e-01	3.807e-01	3.497e-01	4.069e-01	3.752e-01	3.583e-01	4.007e-01	3.400e-01	3.338e-01	3.521e-01	3.376e-01	3.297e-01	3.462e-01	3.376e-01	3.307e-01	3.466e-01
4.930e+04	3.793e-01	3.486e-01	3.893e-01	3.803e-01	3.497e-01	4.069e-01	3.752e-01	3.583e-01	4.007e-01	3.400e-01	3.338e-01	3.521e-01	3.386e-01	3.297e-01	3.462e-01	3.376e-01	3.303e-01	3.472e-01
4.940e+04	3.793e-01	3.486e-01	3.897e-01	3.817e-01	3.497e-01	4.086e-01	3.752e-01	3.583e-01	4.007e-01	3.400e-01	3.341e-01	3.521e-01	3.386e-01	3.297e-01	3.462e-01	3.376e-01	3.303e-01	3.472e-01
4.950e+04	3.793e-01	3.493e-01	3.897e-01	3.814e-01	3.497e-01	4.100e-01	3.755e-01	3.583e-01	4.021e-01	3.400e-01	3.341e-01	3.521e-01	3.386e-01	3.307e-01	3.462e-01	3.376e-01	3.303e-01	3.472e-01
4.960e+04	3.793e-01	3.493e-01	3.897e-01	3.803e-01	3.497e-01	4.124e-01	3.755e-01	3.583e-01	4.021e-01	3.400e-01	3.331e-01	3.521e-01	3.390e-01	3.307e-01	3.462e-01	3.386e-01	3.303e-01	3.472e-01
4.970e+04	3.793e-01	3.497e-01	3.897e-01	3.803e-01	3.497e-01	4.124e-01	3.748e-01	3.583e-01	4.024e-01	3.400e-01	3.345e-01	3.521e-01	3.390e-01	3.297e-01	3.469e-01	3.379e-01	3.303e-01	3.472e-01
4.980e+04	3.793e-01	3.497e-01	3.897e-01	3.803e-01	3.503e-01	4.124e-01	3.759e-01	3.583e-01	4.041e-01	3.400e-01	3.338e-01	3.521e-01	3.390e-01	3.297e-01	3.462e-01	3.379e-01	3.300e-01	3.472e-01
4.990e+04	3.793e-01	3.497e-01	3.897e-01	3.803e-01	3.503e-01	4.124e-01	3.762e-01	3.572e-01	4.041e-01	3.400e-01	3.338e-01	3.524e-01	3.390e-01	3.297e-01	3.462e-01	3.379e-01	3.307e-01	3.472e-01
5.000e+04	3.793e-01	3.497e-01	3.897e-01	3.803e-01	3.503e-01	4.131e-01	3.762e-01	3.572e-01	4.041e-01	3.400e-01	3.341e-01	3.524e-01	3.386e-01	3.297e-01	3.462e-01	3.379e-01	3.307e-01	3.472e-01
