n.evals.q.1.0.	_.vs.4.nav.e_maze.ga.pleiotropy.1.0.best.quality.behavior.quality.final.dist	_.vs.4.nav.e_maze.ga.pleiotropy.1.0.best.quality.behavior.quality.final.dist.min	_.vs.4.nav.e_maze.ga.pleiotropy.1.0.best.quality.behavior.quality.final.dist.max	_.vs.4.nav.e_maze.ga.pleiotropy.1.0.unique.best.quality.behavior.quality.final.dist	_.vs.4.nav.e_maze.ga.pleiotropy.1.0.unique.best.quality.behavior.quality.final.dist.min	_.vs.4.nav.e_maze.ga.pleiotropy.1.0.unique.best.quality.behavior.quality.final.dist.max	_.vs.4.nav.e_maze.ga.pleiotropy.1.0.sequential.best.quality.behavior.quality.final.dist	_.vs.4.nav.e_maze.ga.pleiotropy.1.0.sequential.best.quality.behavior.quality.final.dist.min	_.vs.4.nav.e_maze.ga.pleiotropy.1.0.sequential.best.quality.behavior.quality.final.dist.max	_.vs.4.nav.y_maze.ga.pleiotropy.1.0.best.quality.behavior.quality.final.dist	_.vs.4.nav.y_maze.ga.pleiotropy.1.0.best.quality.behavior.quality.final.dist.min	_.vs.4.nav.y_maze.ga.pleiotropy.1.0.best.quality.behavior.quality.final.dist.max	_.vs.4.nav.y_maze.ga.pleiotropy.1.0.unique.best.quality.behavior.quality.final.dist	_.vs.4.nav.y_maze.ga.pleiotropy.1.0.unique.best.quality.behavior.quality.final.dist.min	_.vs.4.nav.y_maze.ga.pleiotropy.1.0.unique.best.quality.behavior.quality.final.dist.max	_.vs.4.nav.y_maze.ga.pleiotropy.1.0.sequential.best.quality.behavior.quality.final.dist	_.vs.4.nav.y_maze.ga.pleiotropy.1.0.sequential.best.quality.behavior.quality.final.dist.min	_.vs.4.nav.y_maze.ga.pleiotropy.1.0.sequential.best.quality.behavior.quality.final.dist.max
1.000e+02	3.567e-01	2.882e-01	4.558e-01	3.869e-01	3.331e-01	4.440e-01	3.568e-01	2.933e-01	4.169e-01	2.455e-01	2.295e-01	3.680e-01	2.735e-01	2.275e-01	3.303e-01	2.400e-01	2.299e-01	2.599e-01
2.000e+02	3.060e-01	2.569e-01	3.461e-01	3.136e-01	2.745e-01	3.787e-01	3.028e-01	2.595e-01	3.368e-01	2.280e-01	1.263e-01	2.372e-01	2.278e-01	1.415e-01	2.553e-01	2.299e-01	1.309e-01	2.412e-01
3.000e+02	2.914e-01	2.563e-01	3.219e-01	2.808e-01	2.592e-01	3.350e-01	2.744e-01	2.434e-01	3.108e-01	1.479e-01	1.082e-01	2.291e-01	1.744e-01	1.091e-01	2.292e-01	2.025e-01	1.155e-01	2.286e-01
4.000e+02	2.737e-01	2.515e-01	3.028e-01	2.772e-01	2.497e-01	3.151e-01	2.595e-01	2.412e-01	3.033e-01	1.443e-01	1.012e-01	2.175e-01	1.700e-01	1.078e-01	2.278e-01	1.479e-01	6.298e-02	2.055e-01
5.000e+02	2.634e-01	2.477e-01	2.914e-01	2.604e-01	2.357e-01	2.888e-01	2.589e-01	2.412e-01	2.754e-01	1.352e-01	9.120e-02	1.829e-01	1.630e-01	1.078e-01	2.275e-01	1.407e-01	5.700e-02	2.029e-01
6.000e+02	2.622e-01	2.477e-01	2.914e-01	2.497e-01	2.324e-01	2.808e-01	2.500e-01	2.342e-01	2.606e-01	1.322e-01	8.026e-02	1.546e-01	1.630e-01	1.078e-01	2.252e-01	1.309e-01	5.347e-02	1.899e-01
7.000e+02	2.617e-01	2.477e-01	2.880e-01	2.463e-01	2.324e-01	2.785e-01	2.500e-01	2.338e-01	2.606e-01	1.322e-01	8.026e-02	1.546e-01	1.326e-01	1.047e-01	1.744e-01	1.276e-01	5.347e-02	1.515e-01
8.000e+02	2.522e-01	2.427e-01	2.708e-01	2.462e-01	2.321e-01	2.649e-01	2.430e-01	2.328e-01	2.589e-01	1.263e-01	6.945e-02	1.533e-01	1.293e-01	1.008e-01	1.700e-01	1.008e-01	5.041e-02	1.437e-01
9.000e+02	2.517e-01	2.414e-01	2.641e-01	2.454e-01	2.321e-01	2.649e-01	2.411e-01	2.322e-01	2.588e-01	1.097e-01	5.990e-02	1.443e-01	1.274e-01	9.866e-02	1.630e-01	1.008e-01	5.041e-02	1.437e-01
1.000e+03	2.515e-01	2.356e-01	2.622e-01	2.413e-01	2.311e-01	2.587e-01	2.342e-01	2.314e-01	2.462e-01	9.843e-02	5.570e-02	1.326e-01	1.274e-01	8.641e-02	1.594e-01	9.400e-02	5.041e-02	1.276e-01
1.100e+03	2.468e-01	2.345e-01	2.544e-01	2.371e-01	2.311e-01	2.481e-01	2.339e-01	2.314e-01	2.462e-01	9.436e-02	5.311e-02	1.263e-01	1.241e-01	8.641e-02	1.504e-01	9.400e-02	5.041e-02	1.263e-01
1.200e+03	2.431e-01	2.345e-01	2.530e-01	2.371e-01	2.311e-01	2.476e-01	2.335e-01	2.314e-01	2.412e-01	7.906e-02	4.633e-02	1.213e-01	1.183e-01	8.641e-02	1.429e-01	9.400e-02	5.041e-02	1.239e-01
1.300e+03	2.421e-01	2.334e-01	2.515e-01	2.371e-01	2.311e-01	2.476e-01	2.335e-01	2.314e-01	2.412e-01	7.140e-02	3.815e-02	1.175e-01	1.091e-01	7.596e-02	1.274e-01	9.400e-02	5.041e-02	1.239e-01
1.400e+03	2.392e-01	2.334e-01	2.477e-01	2.337e-01	2.311e-01	2.454e-01	2.335e-01	2.314e-01	2.412e-01	6.945e-02	3.408e-02	1.097e-01	1.078e-01	5.262e-02	1.274e-01	7.381e-02	4.574e-02	1.123e-01
1.500e+03	2.390e-01	2.334e-01	2.431e-01	2.337e-01	2.309e-01	2.411e-01	2.335e-01	2.314e-01	2.412e-01	6.792e-02	3.408e-02	9.843e-02	1.047e-01	5.262e-02	1.274e-01	7.381e-02	4.574e-02	1.123e-01
1.600e+03	2.364e-01	2.322e-01	2.423e-01	2.337e-01	2.309e-01	2.411e-01	2.332e-01	2.314e-01	2.412e-01	6.792e-02	3.408e-02	9.843e-02	1.047e-01	5.262e-02	1.274e-01	6.907e-02	4.574e-02	1.017e-01
1.700e+03	2.346e-01	2.322e-01	2.421e-01	2.336e-01	2.309e-01	2.389e-01	2.328e-01	2.314e-01	2.412e-01	6.792e-02	3.408e-02	9.843e-02	1.001e-01	5.262e-02	1.264e-01	6.907e-02	4.571e-02	9.400e-02
1.800e+03	2.346e-01	2.322e-01	2.412e-01	2.336e-01	2.309e-01	2.387e-01	2.328e-01	2.312e-01	2.407e-01	5.570e-02	3.387e-02	9.436e-02	1.001e-01	5.262e-02	1.264e-01	6.907e-02	4.571e-02	8.783e-02
1.900e+03	2.345e-01	2.317e-01	2.395e-01	2.336e-01	2.309e-01	2.387e-01	2.328e-01	2.312e-01	2.388e-01	5.570e-02	3.387e-02	9.436e-02	8.882e-02	5.262e-02	1.189e-01	6.298e-02	4.167e-02	8.611e-02
2.000e+03	2.337e-01	2.316e-01	2.390e-01	2.326e-01	2.309e-01	2.387e-01	2.328e-01	2.312e-01	2.388e-01	5.225e-02	3.387e-02	9.436e-02	8.882e-02	5.258e-02	1.162e-01	5.700e-02	3.701e-02	8.611e-02
2.100e+03	2.326e-01	2.311e-01	2.364e-01	2.324e-01	2.305e-01	2.379e-01	2.326e-01	2.312e-01	2.345e-01	5.225e-02	3.387e-02	9.436e-02	8.882e-02	5.258e-02	1.162e-01	5.700e-02	3.701e-02	8.611e-02
2.200e+03	2.322e-01	2.304e-01	2.359e-01	2.320e-01	2.305e-01	2.379e-01	2.326e-01	2.312e-01	2.345e-01	5.225e-02	3.387e-02	9.436e-02	8.882e-02	5.258e-02	1.091e-01	5.700e-02	3.701e-02	8.611e-02
2.300e+03	2.318e-01	2.304e-01	2.333e-01	2.320e-01	2.305e-01	2.379e-01	2.326e-01	2.312e-01	2.342e-01	4.633e-02	3.296e-02	9.436e-02	8.882e-02	5.258e-02	1.091e-01	5.700e-02	3.701e-02	8.611e-02
2.400e+03	2.318e-01	2.304e-01	2.333e-01	2.315e-01	2.304e-01	2.337e-01	2.322e-01	2.308e-01	2.339e-01	4.633e-02	3.296e-02	9.436e-02	8.882e-02	5.258e-02	1.071e-01	5.700e-02	3.701e-02	8.611e-02
2.500e+03	2.316e-01	2.304e-01	2.333e-01	2.315e-01	2.304e-01	2.337e-01	2.322e-01	2.308e-01	2.339e-01	4.534e-02	3.296e-02	7.906e-02	8.757e-02	5.158e-02	1.071e-01	5.435e-02	3.442e-02	8.413e-02
2.600e+03	2.313e-01	2.304e-01	2.332e-01	2.315e-01	2.304e-01	2.337e-01	2.321e-01	2.308e-01	2.339e-01	4.534e-02	3.296e-02	7.906e-02	7.930e-02	4.825e-02	1.037e-01	5.435e-02	3.442e-02	8.413e-02
2.700e+03	2.312e-01	2.304e-01	2.328e-01	2.315e-01	2.304e-01	2.329e-01	2.319e-01	2.307e-01	2.334e-01	4.352e-02	3.215e-02	7.906e-02	7.780e-02	4.394e-02	1.037e-01	5.347e-02	3.442e-02	7.610e-02
2.800e+03	2.307e-01	2.303e-01	2.322e-01	2.311e-01	2.304e-01	2.326e-01	2.314e-01	2.305e-01	2.334e-01	4.352e-02	3.215e-02	7.906e-02	7.714e-02	4.394e-02	1.003e-01	5.215e-02	3.372e-02	7.381e-02
2.900e+03	2.307e-01	2.303e-01	2.321e-01	2.309e-01	2.303e-01	2.323e-01	2.312e-01	2.304e-01	2.334e-01	4.352e-02	3.172e-02	7.772e-02	7.714e-02	4.394e-02	1.003e-01	5.123e-02	3.372e-02	6.472e-02
3.000e+03	2.307e-01	2.302e-01	2.321e-01	2.309e-01	2.303e-01	2.323e-01	2.312e-01	2.304e-01	2.326e-01	4.352e-02	3.172e-02	7.772e-02	6.903e-02	3.795e-02	9.035e-02	5.123e-02	3.372e-02	6.472e-02
3.100e+03	2.307e-01	2.302e-01	2.321e-01	2.309e-01	2.303e-01	2.323e-01	2.312e-01	2.304e-01	2.326e-01	4.352e-02	3.172e-02	7.772e-02	6.903e-02	3.561e-02	9.035e-02	5.041e-02	3.336e-02	6.447e-02
3.200e+03	2.307e-01	2.302e-01	2.321e-01	2.309e-01	2.303e-01	2.320e-01	2.311e-01	2.303e-01	2.326e-01	3.999e-02	3.172e-02	7.772e-02	6.731e-02	3.561e-02	9.035e-02	5.041e-02	3.091e-02	6.447e-02
3.300e+03	2.307e-01	2.302e-01	2.321e-01	2.309e-01	2.302e-01	2.320e-01	2.309e-01	2.303e-01	2.326e-01	3.999e-02	3.172e-02	7.499e-02	6.731e-02	3.561e-02	9.035e-02	5.041e-02	3.018e-02	6.447e-02
3.400e+03	2.307e-01	2.302e-01	2.321e-01	2.307e-01	2.302e-01	2.320e-01	2.309e-01	2.303e-01	2.323e-01	3.982e-02	3.054e-02	7.499e-02	6.731e-02	3.561e-02	9.035e-02	4.574e-02	3.018e-02	6.447e-02
3.500e+03	2.307e-01	2.302e-01	2.321e-01	2.307e-01	2.302e-01	2.320e-01	2.309e-01	2.303e-01	2.321e-01	3.982e-02	3.054e-02	7.499e-02	6.042e-02	3.561e-02	8.757e-02	4.574e-02	3.018e-02	6.447e-02
3.600e+03	2.307e-01	2.302e-01	2.321e-01	2.307e-01	2.302e-01	2.320e-01	2.308e-01	2.302e-01	2.321e-01	3.982e-02	3.054e-02	7.499e-02	5.262e-02	3.155e-02	8.757e-02	4.574e-02	3.018e-02	6.447e-02
3.700e+03	2.306e-01	2.302e-01	2.316e-01	2.305e-01	2.302e-01	2.320e-01	2.308e-01	2.302e-01	2.314e-01	3.829e-02	2.703e-02	5.570e-02	5.262e-02	2.784e-02	8.757e-02	4.356e-02	2.911e-02	5.435e-02
3.800e+03	2.306e-01	2.302e-01	2.312e-01	2.305e-01	2.302e-01	2.320e-01	2.308e-01	2.302e-01	2.312e-01	3.829e-02	2.703e-02	5.570e-02	4.990e-02	2.585e-02	7.596e-02	4.356e-02	2.911e-02	5.435e-02
3.900e+03	2.306e-01	2.302e-01	2.309e-01	2.305e-01	2.302e-01	2.320e-01	2.308e-01	2.302e-01	2.312e-01	3.829e-02	2.703e-02	5.570e-02	4.990e-02	2.585e-02	7.596e-02	4.167e-02	2.803e-02	5.435e-02
4.000e+03	2.306e-01	2.302e-01	2.309e-01	2.305e-01	2.302e-01	2.320e-01	2.308e-01	2.302e-01	2.312e-01	3.829e-02	2.493e-02	5.570e-02	4.990e-02	2.585e-02	7.596e-02	3.733e-02	2.803e-02	5.435e-02
4.100e+03	2.304e-01	2.302e-01	2.309e-01	2.304e-01	2.302e-01	2.316e-01	2.305e-01	2.301e-01	2.312e-01	3.829e-02	2.493e-02	5.570e-02	4.990e-02	2.585e-02	7.596e-02	3.733e-02	2.803e-02	5.435e-02
4.200e+03	2.304e-01	2.302e-01	2.309e-01	2.304e-01	2.301e-01	2.311e-01	2.304e-01	2.301e-01	2.312e-01	3.829e-02	2.493e-02	5.570e-02	4.990e-02	2.585e-02	7.048e-02	3.733e-02	2.803e-02	5.435e-02
4.300e+03	2.304e-01	2.302e-01	2.309e-01	2.304e-01	2.301e-01	2.311e-01	2.304e-01	2.301e-01	2.311e-01	3.829e-02	2.493e-02	5.570e-02	4.990e-02	2.585e-02	7.048e-02	3.733e-02	2.803e-02	5.435e-02
4.400e+03	2.304e-01	2.302e-01	2.309e-01	2.304e-01	2.301e-01	2.309e-01	2.303e-01	2.301e-01	2.308e-01	3.829e-02	2.493e-02	5.570e-02	4.990e-02	2.585e-02	7.048e-02	3.442e-02	2.035e-02	5.435e-02
4.500e+03	2.304e-01	2.302e-01	2.309e-01	2.304e-01	2.301e-01	2.309e-01	2.303e-01	2.301e-01	2.308e-01	3.829e-02	2.493e-02	5.570e-02	4.990e-02	2.585e-02	7.048e-02	3.442e-02	2.035e-02	5.435e-02
4.600e+03	2.304e-01	2.301e-01	2.308e-01	2.304e-01	2.301e-01	2.309e-01	2.303e-01	2.301e-01	2.308e-01	3.829e-02	2.493e-02	5.570e-02	4.700e-02	2.585e-02	7.048e-02	3.442e-02	2.035e-02	5.435e-02
4.700e+03	2.304e-01	2.301e-01	2.308e-01	2.304e-01	2.301e-01	2.309e-01	2.303e-01	2.301e-01	2.308e-01	3.829e-02	2.493e-02	5.570e-02	4.700e-02	2.585e-02	7.048e-02	3.442e-02	2.035e-02	5.435e-02
4.800e+03	2.304e-01	2.300e-01	2.308e-01	2.304e-01	2.301e-01	2.309e-01	2.303e-01	2.301e-01	2.308e-01	3.829e-02	2.493e-02	5.225e-02	4.700e-02	2.585e-02	7.048e-02	3.442e-02	2.035e-02	5.435e-02
4.900e+03	2.304e-01	2.300e-01	2.308e-01	2.304e-01	2.301e-01	2.309e-01	2.303e-01	2.301e-01	2.305e-01	3.829e-02	2.493e-02	5.225e-02	4.700e-02	2.585e-02	7.048e-02	3.442e-02	2.025e-02	5.435e-02
5.000e+03	2.304e-01	2.300e-01	2.308e-01	2.304e-01	2.301e-01	2.309e-01	2.303e-01	2.300e-01	2.305e-01	3.829e-02	2.493e-02	5.221e-02	4.700e-02	2.522e-02	7.048e-02	3.442e-02	2.025e-02	5.435e-02
5.100e+03	2.304e-01	2.300e-01	2.307e-01	2.303e-01	2.301e-01	2.305e-01	2.303e-01	2.300e-01	2.305e-01	3.815e-02	2.389e-02	5.168e-02	4.700e-02	2.522e-02	7.048e-02	3.372e-02	2.025e-02	5.435e-02
5.200e+03	2.304e-01	2.300e-01	2.307e-01	2.303e-01	2.301e-01	2.305e-01	2.303e-01	2.300e-01	2.305e-01	3.815e-02	2.389e-02	5.168e-02	4.700e-02	2.522e-02	7.048e-02	3.372e-02	2.025e-02	5.435e-02
5.300e+03	2.304e-01	2.300e-01	2.307e-01	2.303e-01	2.301e-01	2.305e-01	2.303e-01	2.300e-01	2.305e-01	3.408e-02	2.389e-02	5.168e-02	4.700e-02	2.522e-02	7.048e-02	3.372e-02	2.025e-02	5.435e-02
5.400e+03	2.303e-01	2.300e-01	2.307e-01	2.303e-01	2.301e-01	2.305e-01	2.303e-01	2.300e-01	2.305e-01	3.408e-02	2.389e-02	5.168e-02	4.700e-02	2.522e-02	6.903e-02	3.372e-02	2.025e-02	5.435e-02
5.500e+03	2.303e-01	2.300e-01	2.307e-01	2.303e-01	2.301e-01	2.305e-01	2.302e-01	2.300e-01	2.304e-01	3.408e-02	2.389e-02	5.168e-02	4.700e-02	2.522e-02	6.903e-02	3.372e-02	2.025e-02	5.403e-02
5.600e+03	2.303e-01	2.300e-01	2.307e-01	2.303e-01	2.301e-01	2.305e-01	2.302e-01	2.300e-01	2.304e-01	3.297e-02	2.255e-02	4.633e-02	4.700e-02	2.522e-02	6.903e-02	3.372e-02	2.025e-02	5.403e-02
5.700e+03	2.303e-01	2.300e-01	2.307e-01	2.303e-01	2.301e-01	2.305e-01	2.302e-01	2.300e-01	2.304e-01	3.297e-02	2.255e-02	4.633e-02	4.624e-02	1.818e-02	6.731e-02	3.212e-02	2.025e-02	4.574e-02
5.800e+03	2.303e-01	2.300e-01	2.307e-01	2.303e-01	2.301e-01	2.305e-01	2.302e-01	2.300e-01	2.304e-01	3.297e-02	2.255e-02	4.633e-02	4.394e-02	1.818e-02	6.410e-02	3.212e-02	2.025e-02	4.574e-02
5.900e+03	2.303e-01	2.300e-01	2.307e-01	2.303e-01	2.301e-01	2.305e-01	2.302e-01	2.300e-01	2.304e-01	3.297e-02	2.255e-02	4.633e-02	4.394e-02	1.818e-02	6.410e-02	3.212e-02	1.939e-02	4.574e-02
6.000e+03	2.302e-01	2.300e-01	2.307e-01	2.303e-01	2.301e-01	2.305e-01	2.302e-01	2.300e-01	2.304e-01	3.297e-02	2.255e-02	4.633e-02	4.394e-02	1.818e-02	6.410e-02	3.212e-02	1.939e-02	4.574e-02
6.100e+03	2.302e-01	2.257e-01	2.305e-01	2.303e-01	2.301e-01	2.305e-01	2.302e-01	2.300e-01	2.304e-01	3.297e-02	2.255e-02	4.352e-02	4.394e-02	1.818e-02	6.410e-02	3.212e-02	1.939e-02	4.574e-02
6.200e+03	2.302e-01	2.257e-01	2.305e-01	2.303e-01	2.301e-01	2.305e-01	2.302e-01	2.300e-01	2.304e-01	3.297e-02	2.255e-02	4.352e-02	4.394e-02	1.818e-02	6.410e-02	3.018e-02	1.939e-02	4.167e-02
6.300e+03	2.301e-01	2.185e-01	2.304e-01	2.303e-01	2.301e-01	2.305e-01	2.302e-01	2.300e-01	2.304e-01	3.297e-02	2.255e-02	4.352e-02	4.394e-02	1.818e-02	6.410e-02	3.018e-02	1.939e-02	4.167e-02
6.400e+03	2.301e-01	2.185e-01	2.304e-01	2.303e-01	2.301e-01	2.305e-01	2.302e-01	2.300e-01	2.304e-01	3.297e-02	2.255e-02	4.352e-02	4.394e-02	1.818e-02	6.410e-02	3.018e-02	1.939e-02	3.733e-02
6.500e+03	2.301e-01	2.185e-01	2.304e-01	2.302e-01	2.300e-01	2.305e-01	2.302e-01	2.300e-01	2.304e-01	3.297e-02	2.255e-02	4.352e-02	4.394e-02	1.818e-02	6.410e-02	3.018e-02	1.939e-02	3.733e-02
6.600e+03	2.301e-01	1.589e-01	2.304e-01	2.302e-01	2.300e-01	2.305e-01	2.302e-01	2.300e-01	2.304e-01	3.296e-02	2.025e-02	4.209e-02	4.218e-02	1.660e-02	6.042e-02	3.018e-02	1.939e-02	3.733e-02
6.700e+03	2.301e-01	1.589e-01	2.303e-01	2.302e-01	2.300e-01	2.305e-01	2.302e-01	2.300e-01	2.304e-01	3.296e-02	2.025e-02	4.209e-02	4.218e-02	1.660e-02	6.042e-02	3.018e-02	1.939e-02	3.733e-02
6.800e+03	2.301e-01	1.500e-01	2.303e-01	2.302e-01	2.300e-01	2.304e-01	2.302e-01	2.300e-01	2.304e-01	3.296e-02	2.025e-02	4.209e-02	4.218e-02	1.660e-02	6.042e-02	3.018e-02	1.939e-02	3.733e-02
6.900e+03	2.301e-01	1.500e-01	2.303e-01	2.302e-01	2.300e-01	2.304e-01	2.302e-01	2.300e-01	2.304e-01	3.215e-02	2.025e-02	4.209e-02	4.218e-02	1.660e-02	6.042e-02	3.018e-02	1.939e-02	3.733e-02
7.000e+03	2.301e-01	1.500e-01	2.303e-01	2.302e-01	2.300e-01	2.304e-01	2.302e-01	2.300e-01	2.304e-01	3.215e-02	2.025e-02	4.209e-02	4.218e-02	1.660e-02	6.042e-02	2.961e-02	1.939e-02	3.531e-02
7.100e+03	2.301e-01	1.500e-01	2.303e-01	2.302e-01	2.300e-01	2.304e-01	2.302e-01	2.300e-01	2.304e-01	3.215e-02	2.025e-02	4.209e-02	4.218e-02	1.660e-02	6.042e-02	2.961e-02	1.939e-02	3.531e-02
7.200e+03	2.301e-01	1.500e-01	2.303e-01	2.302e-01	1.877e-01	2.304e-01	2.302e-01	2.300e-01	2.304e-01	3.215e-02	2.025e-02	4.209e-02	3.895e-02	1.610e-02	5.262e-02	2.961e-02	1.939e-02	3.531e-02
7.300e+03	2.301e-01	1.500e-01	2.303e-01	2.302e-01	1.877e-01	2.304e-01	2.302e-01	2.300e-01	2.304e-01	3.215e-02	1.860e-02	4.209e-02	3.895e-02	1.610e-02	4.954e-02	2.961e-02	1.939e-02	3.531e-02
7.400e+03	2.301e-01	1.500e-01	2.303e-01	2.302e-01	1.877e-01	2.304e-01	2.302e-01	1.762e-01	2.304e-01	3.215e-02	1.860e-02	4.209e-02	3.895e-02	1.610e-02	4.954e-02	2.961e-02	1.939e-02	3.531e-02
7.500e+03	2.301e-01	1.500e-01	2.303e-01	2.302e-01	1.877e-01	2.304e-01	2.302e-01	1.762e-01	2.304e-01	3.215e-02	1.860e-02	4.209e-02	3.820e-02	1.610e-02	4.754e-02	2.961e-02	1.939e-02	3.531e-02
7.600e+03	2.301e-01	1.500e-01	2.303e-01	2.302e-01	1.877e-01	2.304e-01	2.302e-01	1.762e-01	2.304e-01	3.215e-02	1.860e-02	4.209e-02	3.795e-02	1.513e-02	4.754e-02	2.911e-02	1.784e-02	3.531e-02
7.700e+03	2.301e-01	1.500e-01	2.303e-01	2.302e-01	1.877e-01	2.304e-01	2.302e-01	1.762e-01	2.304e-01	3.215e-02	1.860e-02	4.209e-02	3.795e-02	1.513e-02	4.754e-02	2.911e-02	1.784e-02	3.531e-02
7.800e+03	2.301e-01	1.500e-01	2.302e-01	2.301e-01	1.856e-01	2.303e-01	2.301e-01	1.709e-01	2.304e-01	3.215e-02	1.860e-02	4.209e-02	3.795e-02	1.513e-02	4.754e-02	2.911e-02	1.784e-02	3.531e-02
7.900e+03	2.301e-01	1.500e-01	2.302e-01	2.301e-01	1.856e-01	2.303e-01	2.301e-01	1.709e-01	2.303e-01	3.215e-02	1.860e-02	3.999e-02	3.795e-02	1.513e-02	4.754e-02	2.911e-02	1.784e-02	3.531e-02
8.000e+03	2.301e-01	1.500e-01	2.302e-01	2.301e-01	1.856e-01	2.303e-01	2.301e-01	1.497e-01	2.303e-01	3.215e-02	1.860e-02	3.999e-02	3.795e-02	1.513e-02	4.754e-02	2.911e-02	1.784e-02	3.531e-02
8.100e+03	2.301e-01	1.500e-01	2.302e-01	2.301e-01	1.856e-01	2.303e-01	2.301e-01	1.497e-01	2.302e-01	3.215e-02	1.860e-02	3.999e-02	3.795e-02	1.513e-02	4.754e-02	2.911e-02	1.784e-02	3.531e-02
8.200e+03	2.301e-01	1.500e-01	2.302e-01	2.301e-01	1.856e-01	2.303e-01	2.301e-01	1.354e-01	2.302e-01	3.215e-02	1.860e-02	3.999e-02	3.795e-02	1.513e-02	4.754e-02	2.911e-02	1.784e-02	3.531e-02
8.300e+03	2.301e-01	1.500e-01	2.302e-01	2.301e-01	1.856e-01	2.303e-01	2.301e-01	1.354e-01	2.302e-01	3.215e-02	1.860e-02	3.999e-02	3.593e-02	1.453e-02	4.700e-02	2.911e-02	1.784e-02	3.531e-02
8.400e+03	2.301e-01	1.497e-01	2.302e-01	2.301e-01	1.856e-01	2.303e-01	2.301e-01	1.256e-01	2.302e-01	3.215e-02	1.860e-02	3.999e-02	3.593e-02	1.417e-02	4.700e-02	2.911e-02	1.784e-02	3.531e-02
8.500e+03	2.301e-01	1.497e-01	2.302e-01	2.300e-01	1.641e-01	2.303e-01	2.301e-01	1.256e-01	2.302e-01	3.215e-02	1.860e-02	3.999e-02	3.593e-02	1.417e-02	4.700e-02	2.867e-02	1.784e-02	3.531e-02
8.600e+03	2.301e-01	1.497e-01	2.302e-01	2.300e-01	1.641e-01	2.303e-01	2.301e-01	1.169e-01	2.302e-01	3.215e-02	1.860e-02	3.999e-02	3.593e-02	1.393e-02	4.700e-02	2.867e-02	1.784e-02	3.531e-02
8.700e+03	2.301e-01	1.497e-01	2.302e-01	2.300e-01	1.641e-01	2.303e-01	2.301e-01	8.645e-02	2.302e-01	3.215e-02	1.860e-02	3.999e-02	3.593e-02	1.393e-02	4.700e-02	2.867e-02	1.784e-02	3.531e-02
8.800e+03	2.301e-01	1.428e-01	2.302e-01	2.300e-01	1.641e-01	2.303e-01	2.301e-01	8.645e-02	2.302e-01	3.215e-02	1.860e-02	3.999e-02	3.593e-02	1.393e-02	4.700e-02	2.867e-02	1.784e-02	3.531e-02
8.900e+03	2.301e-01	1.428e-01	2.302e-01	2.300e-01	1.639e-01	2.303e-01	2.301e-01	8.645e-02	2.302e-01	3.215e-02	1.860e-02	3.999e-02	3.593e-02	1.393e-02	4.700e-02	2.867e-02	1.784e-02	3.531e-02
9.000e+03	2.301e-01	1.428e-01	2.302e-01	2.300e-01	1.539e-01	2.303e-01	2.301e-01	8.645e-02	2.302e-01	3.215e-02	1.860e-02	3.999e-02	2.585e-02	1.393e-02	4.218e-02	2.867e-02	1.784e-02	3.531e-02
9.100e+03	2.301e-01	1.428e-01	2.302e-01	2.300e-01	1.539e-01	2.303e-01	2.301e-01	8.645e-02	2.302e-01	3.215e-02	1.860e-02	3.999e-02	2.585e-02	1.393e-02	4.218e-02	2.867e-02	1.784e-02	3.531e-02
9.200e+03	2.301e-01	1.428e-01	2.302e-01	2.300e-01	1.539e-01	2.303e-01	2.300e-01	8.645e-02	2.302e-01	3.215e-02	1.860e-02	3.999e-02	2.585e-02	1.393e-02	4.218e-02	2.867e-02	1.784e-02	3.531e-02
9.300e+03	2.301e-01	1.242e-01	2.302e-01	2.300e-01	1.539e-01	2.303e-01	2.300e-01	8.645e-02	2.302e-01	3.215e-02	1.860e-02	3.999e-02	2.585e-02	1.393e-02	4.218e-02	2.867e-02	1.784e-02	3.531e-02
9.400e+03	2.301e-01	1.242e-01	2.302e-01	2.300e-01	1.539e-01	2.303e-01	2.300e-01	8.645e-02	2.302e-01	3.215e-02	1.860e-02	3.999e-02	2.585e-02	1.393e-02	4.218e-02	2.867e-02	1.593e-02	3.531e-02
9.500e+03	2.301e-01	1.242e-01	2.302e-01	2.300e-01	1.539e-01	2.303e-01	2.300e-01	8.645e-02	2.302e-01	3.215e-02	1.860e-02	3.882e-02	2.585e-02	1.393e-02	4.218e-02	2.867e-02	1.593e-02	3.531e-02
9.600e+03	2.301e-01	1.231e-01	2.302e-01	2.300e-01	1.539e-01	2.303e-01	2.300e-01	8.645e-02	2.302e-01	3.215e-02	1.860e-02	3.882e-02	2.585e-02	1.393e-02	4.218e-02	2.867e-02	1.593e-02	3.531e-02
9.700e+03	2.301e-01	1.231e-01	2.302e-01	2.300e-01	1.539e-01	2.303e-01	2.300e-01	8.645e-02	2.301e-01	3.215e-02	1.860e-02	3.882e-02	1.952e-02	1.251e-02	3.948e-02	2.867e-02	1.593e-02	3.531e-02
9.800e+03	2.301e-01	1.231e-01	2.302e-01	2.300e-01	1.539e-01	2.303e-01	2.300e-01	8.645e-02	2.301e-01	3.054e-02	1.840e-02	3.462e-02	1.952e-02	1.251e-02	3.948e-02	2.867e-02	1.593e-02	3.531e-02
9.900e+03	2.300e-01	1.231e-01	2.301e-01	2.300e-01	1.539e-01	2.303e-01	2.300e-01	8.645e-02	2.301e-01	3.054e-02	1.840e-02	3.462e-02	1.818e-02	9.778e-03	3.948e-02	2.867e-02	1.593e-02	3.531e-02
1.000e+04	2.300e-01	1.231e-01	2.301e-01	2.300e-01	1.539e-01	2.302e-01	2.300e-01	7.760e-02	2.301e-01	2.844e-02	1.840e-02	3.462e-02	1.818e-02	9.778e-03	3.948e-02	2.867e-02	1.593e-02	3.531e-02
1.010e+04	2.300e-01	1.230e-01	2.301e-01	2.300e-01	1.539e-01	2.302e-01	2.300e-01	7.760e-02	2.301e-01	2.844e-02	1.840e-02	3.462e-02	1.818e-02	9.778e-03	3.948e-02	2.833e-02	1.519e-02	3.493e-02
1.020e+04	2.300e-01	1.230e-01	2.301e-01	2.300e-01	1.539e-01	2.302e-01	2.300e-01	7.760e-02	2.301e-01	2.844e-02	1.840e-02	3.462e-02	1.818e-02	9.778e-03	3.948e-02	2.833e-02	1.519e-02	3.493e-02
1.030e+04	2.300e-01	1.230e-01	2.301e-01	2.300e-01	1.539e-01	2.302e-01	2.300e-01	7.760e-02	2.301e-01	2.844e-02	1.840e-02	3.462e-02	1.818e-02	9.778e-03	3.948e-02	2.816e-02	1.519e-02	3.493e-02
1.040e+04	2.300e-01	1.230e-01	2.301e-01	2.300e-01	1.539e-01	2.302e-01	2.300e-01	7.760e-02	2.301e-01	2.844e-02	1.840e-02	3.462e-02	1.818e-02	9.778e-03	3.895e-02	2.816e-02	1.519e-02	3.493e-02
1.050e+04	2.300e-01	1.230e-01	2.301e-01	2.300e-01	1.539e-01	2.302e-01	2.300e-01	7.760e-02	2.301e-01	2.844e-02	1.840e-02	3.462e-02	1.818e-02	9.778e-03	3.895e-02	2.816e-02	1.519e-02	3.493e-02
1.060e+04	1.791e-01	1.203e-01	2.301e-01	2.300e-01	1.539e-01	2.301e-01	2.300e-01	7.760e-02	2.301e-01	2.844e-02	1.762e-02	3.462e-02	1.818e-02	9.778e-03	3.895e-02	2.816e-02	1.519e-02	3.493e-02
1.070e+04	1.791e-01	1.203e-01	2.301e-01	2.300e-01	1.539e-01	2.301e-01	2.063e-01	7.760e-02	2.301e-01	2.844e-02	1.762e-02	3.462e-02	1.818e-02	9.778e-03	3.895e-02	2.816e-02	1.519e-02	3.493e-02
1.080e+04	1.791e-01	1.203e-01	2.301e-01	2.300e-01	1.539e-01	2.301e-01	2.063e-01	7.760e-02	2.301e-01	2.844e-02	1.762e-02	3.462e-02	1.818e-02	9.778e-03	3.895e-02	2.810e-02	1.519e-02	3.442e-02
1.090e+04	1.791e-01	1.203e-01	2.301e-01	2.300e-01	1.539e-01	2.301e-01	2.063e-01	7.760e-02	2.301e-01	2.844e-02	1.762e-02	3.462e-02	1.746e-02	8.257e-03	3.895e-02	2.810e-02	1.519e-02	3.442e-02
1.100e+04	1.791e-01	1.203e-01	2.301e-01	2.300e-01	1.539e-01	2.301e-01	2.063e-01	7.760e-02	2.301e-01	2.844e-02	1.762e-02	3.462e-02	1.746e-02	8.257e-03	3.895e-02	2.810e-02	1.519e-02	3.442e-02
1.110e+04	1.791e-01	1.203e-01	2.301e-01	2.300e-01	1.539e-01	2.301e-01	2.063e-01	7.760e-02	2.301e-01	2.844e-02	1.762e-02	3.462e-02	1.746e-02	8.257e-03	3.895e-02	2.810e-02	1.519e-02	3.442e-02
1.120e+04	1.791e-01	1.203e-01	2.300e-01	2.300e-01	1.539e-01	2.301e-01	2.063e-01	7.760e-02	2.301e-01	2.844e-02	1.762e-02	3.462e-02	1.746e-02	8.257e-03	3.895e-02	2.810e-02	1.519e-02	3.442e-02
1.130e+04	1.791e-01	1.203e-01	2.300e-01	2.300e-01	1.314e-01	2.301e-01	2.063e-01	7.760e-02	2.301e-01	2.703e-02	1.645e-02	3.462e-02	1.746e-02	8.257e-03	3.895e-02	2.810e-02	1.519e-02	3.442e-02
1.140e+04	1.728e-01	1.203e-01	2.300e-01	2.300e-01	1.314e-01	2.301e-01	2.063e-01	7.760e-02	2.301e-01	2.703e-02	1.645e-02	3.462e-02	1.453e-02	8.257e-03	3.795e-02	2.676e-02	1.519e-02	3.442e-02
1.150e+04	1.728e-01	1.203e-01	2.300e-01	2.300e-01	1.314e-01	2.301e-01	2.063e-01	7.760e-02	2.301e-01	2.703e-02	1.645e-02	3.462e-02	1.453e-02	8.257e-03	3.795e-02	2.676e-02	1.519e-02	3.442e-02
1.160e+04	1.728e-01	1.203e-01	2.300e-01	2.300e-01	1.314e-01	2.301e-01	2.063e-01	7.760e-02	2.301e-01	2.493e-02	1.645e-02	3.462e-02	1.453e-02	8.257e-03	3.795e-02	2.676e-02	1.519e-02	3.372e-02
1.170e+04	1.676e-01	1.203e-01	2.300e-01	2.294e-01	1.314e-01	2.301e-01	1.923e-01	7.370e-02	2.301e-01	2.493e-02	1.645e-02	3.462e-02	1.453e-02	8.257e-03	3.795e-02	2.676e-02	1.519e-02	3.372e-02
1.180e+04	1.676e-01	1.203e-01	2.300e-01	2.148e-01	1.271e-01	2.301e-01	1.923e-01	7.370e-02	2.301e-01	2.493e-02	1.645e-02	3.459e-02	1.453e-02	8.257e-03	3.795e-02	2.382e-02	1.483e-02	2.961e-02
1.190e+04	1.676e-01	1.203e-01	2.300e-01	2.148e-01	1.271e-01	2.301e-01	1.923e-01	7.370e-02	2.301e-01	2.493e-02	1.645e-02	3.459e-02	1.453e-02	8.257e-03	3.795e-02	2.366e-02	1.483e-02	2.961e-02
1.200e+04	1.676e-01	1.203e-01	2.300e-01	2.148e-01	1.271e-01	2.301e-01	1.923e-01	7.370e-02	2.301e-01	2.493e-02	1.645e-02	3.459e-02	1.453e-02	8.257e-03	3.795e-02	2.366e-02	1.483e-02	2.961e-02
1.210e+04	1.676e-01	1.203e-01	2.300e-01	2.148e-01	1.271e-01	2.301e-01	1.923e-01	7.370e-02	2.301e-01	2.493e-02	1.645e-02	3.459e-02	1.453e-02	8.257e-03	3.795e-02	2.366e-02	1.483e-02	2.961e-02
1.220e+04	1.527e-01	1.203e-01	2.300e-01	2.148e-01	1.271e-01	2.301e-01	1.923e-01	7.370e-02	2.301e-01	2.493e-02	1.645e-02	3.459e-02	1.453e-02	8.257e-03	3.795e-02	2.366e-02	1.483e-02	2.961e-02
1.230e+04	1.527e-01	1.203e-01	2.300e-01	2.148e-01	1.271e-01	2.301e-01	1.923e-01	7.370e-02	2.301e-01	2.493e-02	1.645e-02	3.408e-02	1.453e-02	8.257e-03	3.795e-02	2.366e-02	1.483e-02	2.961e-02
1.240e+04	1.527e-01	1.203e-01	2.300e-01	2.148e-01	1.271e-01	2.301e-01	1.923e-01	7.370e-02	2.301e-01	2.493e-02	1.645e-02	3.408e-02	1.453e-02	8.257e-03	3.651e-02	2.366e-02	1.483e-02	2.961e-02
1.250e+04	1.527e-01	1.203e-01	2.300e-01	2.148e-01	1.162e-01	2.301e-01	1.497e-01	4.578e-02	2.301e-01	2.493e-02	1.645e-02	3.408e-02	1.453e-02	8.257e-03	3.651e-02	2.366e-02	1.483e-02	2.961e-02
1.260e+04	1.527e-01	1.203e-01	2.300e-01	2.148e-01	1.033e-01	2.301e-01	1.497e-01	4.578e-02	2.301e-01	2.389e-02	1.645e-02	3.408e-02	1.453e-02	8.257e-03	3.651e-02	2.366e-02	1.483e-02	2.961e-02
1.270e+04	1.527e-01	1.086e-01	2.300e-01	2.000e-01	1.033e-01	2.301e-01	1.497e-01	4.578e-02	2.301e-01	2.389e-02	1.645e-02	3.408e-02	1.453e-02	8.257e-03	3.651e-02	2.366e-02	1.483e-02	2.961e-02
1.280e+04	1.527e-01	1.086e-01	2.300e-01	2.000e-01	1.033e-01	2.301e-01	1.497e-01	4.578e-02	2.301e-01	2.389e-02	1.645e-02	3.408e-02	1.453e-02	8.257e-03	3.651e-02	2.366e-02	1.483e-02	2.961e-02
1.290e+04	1.527e-01	1.086e-01	2.300e-01	2.000e-01	1.033e-01	2.301e-01	1.432e-01	4.339e-02	2.300e-01	2.389e-02	1.645e-02	3.408e-02	1.453e-02	8.257e-03	3.651e-02	2.366e-02	1.483e-02	2.961e-02
1.300e+04	1.527e-01	1.086e-01	2.300e-01	1.986e-01	1.033e-01	2.301e-01	1.432e-01	4.339e-02	2.300e-01	2.389e-02	1.645e-02	3.408e-02	1.453e-02	8.257e-03	3.651e-02	2.361e-02	1.399e-02	2.961e-02
1.310e+04	1.428e-01	6.681e-02	2.300e-01	1.947e-01	1.033e-01	2.301e-01	1.432e-01	4.339e-02	2.300e-01	2.389e-02	1.645e-02	3.232e-02	1.453e-02	8.257e-03	3.593e-02	2.361e-02	1.399e-02	2.961e-02
1.320e+04	1.428e-01	6.681e-02	2.300e-01	1.947e-01	1.033e-01	2.301e-01	1.432e-01	4.339e-02	2.300e-01	2.389e-02	1.645e-02	3.232e-02	1.453e-02	8.257e-03	3.388e-02	2.361e-02	1.399e-02	2.961e-02
1.330e+04	1.428e-01	6.681e-02	2.300e-01	1.877e-01	1.033e-01	2.301e-01	1.432e-01	4.339e-02	2.300e-01	2.389e-02	1.645e-02	3.232e-02	1.452e-02	8.257e-03	2.808e-02	2.361e-02	1.399e-02	2.961e-02
1.340e+04	1.428e-01	6.681e-02	2.300e-01	1.856e-01	1.033e-01	2.301e-01	1.432e-01	4.339e-02	2.300e-01	2.389e-02	1.645e-02	3.232e-02	1.452e-02	8.257e-03	2.808e-02	2.361e-02	1.399e-02	2.961e-02
1.350e+04	1.428e-01	6.681e-02	2.300e-01	1.856e-01	9.993e-02	2.301e-01	1.414e-01	4.339e-02	2.300e-01	2.389e-02	1.645e-02	3.232e-02	1.452e-02	8.257e-03	2.808e-02	2.361e-02	1.399e-02	2.961e-02
1.360e+04	1.428e-01	6.681e-02	2.300e-01	1.856e-01	9.993e-02	2.301e-01	1.414e-01	4.339e-02	2.066e-01	2.389e-02	1.645e-02	3.232e-02	1.452e-02	8.257e-03	2.808e-02	2.361e-02	1.399e-02	2.961e-02
1.370e+04	1.428e-01	6.681e-02	2.300e-01	1.856e-01	9.993e-02	2.301e-01	1.414e-01	4.339e-02	2.066e-01	2.389e-02	1.645e-02	3.232e-02	1.452e-02	8.257e-03	2.808e-02	2.361e-02	1.399e-02	2.961e-02
1.380e+04	1.428e-01	6.681e-02	2.300e-01	1.856e-01	9.993e-02	2.301e-01	1.414e-01	4.339e-02	2.066e-01	2.389e-02	1.645e-02	3.232e-02	1.452e-02	8.257e-03	2.808e-02	2.361e-02	1.399e-02	2.961e-02
1.390e+04	1.428e-01	6.681e-02	2.300e-01	1.856e-01	9.993e-02	2.301e-01	1.414e-01	4.339e-02	2.066e-01	2.389e-02	1.645e-02	3.232e-02	1.452e-02	8.257e-03	2.808e-02	2.361e-02	1.399e-02	2.961e-02
1.400e+04	1.428e-01	6.681e-02	2.300e-01	1.856e-01	9.993e-02	2.301e-01	1.414e-01	4.339e-02	2.066e-01	2.389e-02	1.645e-02	3.232e-02	1.452e-02	8.257e-03	2.808e-02	2.361e-02	1.021e-02	2.961e-02
1.410e+04	1.428e-01	6.681e-02	2.300e-01	1.641e-01	8.923e-02	2.300e-01	1.414e-01	4.339e-02	2.066e-01	2.389e-02	1.645e-02	3.215e-02	1.452e-02	8.257e-03	2.808e-02	2.361e-02	1.021e-02	2.961e-02
1.420e+04	1.428e-01	6.681e-02	2.300e-01	1.571e-01	7.478e-02	2.300e-01	1.414e-01	4.339e-02	2.066e-01	2.389e-02	1.645e-02	3.215e-02	1.452e-02	8.257e-03	2.808e-02	2.361e-02	1.021e-02	2.961e-02
1.430e+04	1.414e-01	6.681e-02	2.300e-01	1.571e-01	7.478e-02	2.300e-01	1.414e-01	4.339e-02	2.066e-01	2.389e-02	1.645e-02	3.215e-02	1.452e-02	8.257e-03	2.808e-02	2.361e-02	1.021e-02	2.961e-02
1.440e+04	1.414e-01	6.681e-02	2.300e-01	1.539e-01	7.478e-02	2.300e-01	1.414e-01	4.339e-02	2.066e-01	2.389e-02	1.645e-02	3.215e-02	1.452e-02	8.257e-03	2.808e-02	2.361e-02	1.021e-02	2.961e-02
1.450e+04	1.414e-01	6.681e-02	2.300e-01	1.318e-01	5.077e-02	2.300e-01	1.414e-01	4.339e-02	2.066e-01	2.389e-02	1.645e-02	3.215e-02	1.452e-02	8.257e-03	2.808e-02	2.094e-02	7.580e-03	2.911e-02
1.460e+04	1.414e-01	6.681e-02	2.300e-01	1.318e-01	5.077e-02	2.300e-01	1.414e-01	4.339e-02	2.066e-01	2.389e-02	1.645e-02	3.215e-02	1.452e-02	8.257e-03	2.808e-02	2.094e-02	7.580e-03	2.911e-02
1.470e+04	1.414e-01	6.681e-02	2.300e-01	1.318e-01	5.077e-02	2.300e-01	1.414e-01	4.339e-02	2.066e-01	2.389e-02	1.645e-02	3.215e-02	1.452e-02	8.257e-03	2.808e-02	2.035e-02	7.580e-03	2.884e-02
1.480e+04	1.414e-01	6.681e-02	2.300e-01	1.318e-01	5.077e-02	2.300e-01	1.414e-01	4.339e-02	2.066e-01	2.389e-02	1.645e-02	3.215e-02	1.452e-02	8.257e-03	2.808e-02	2.035e-02	7.580e-03	2.803e-02
1.490e+04	1.414e-01	5.930e-02	2.300e-01	1.318e-01	5.077e-02	2.300e-01	1.414e-01	4.339e-02	2.066e-01	2.389e-02	1.645e-02	3.215e-02	1.452e-02	8.257e-03	2.808e-02	2.035e-02	7.580e-03	2.803e-02
1.500e+04	1.414e-01	5.930e-02	2.300e-01	1.318e-01	5.077e-02	2.300e-01	1.414e-01	4.339e-02	2.066e-01	2.334e-02	1.645e-02	3.215e-02	1.452e-02	8.257e-03	2.808e-02	2.035e-02	7.580e-03	2.803e-02
1.510e+04	1.414e-01	5.930e-02	2.300e-01	1.187e-01	5.077e-02	2.300e-01	1.414e-01	4.339e-02	2.066e-01	2.334e-02	1.645e-02	3.215e-02	1.452e-02	8.257e-03	2.808e-02	2.035e-02	7.580e-03	2.803e-02
1.520e+04	1.414e-01	5.593e-02	2.300e-01	1.187e-01	5.077e-02	2.300e-01	1.414e-01	4.339e-02	2.066e-01	2.334e-02	1.645e-02	3.215e-02	1.452e-02	8.257e-03	2.808e-02	2.035e-02	7.580e-03	2.803e-02
1.530e+04	1.242e-01	5.593e-02	2.300e-01	1.187e-01	5.077e-02	2.300e-01	1.414e-01	4.339e-02	2.066e-01	2.334e-02	1.645e-02	3.215e-02	1.452e-02	8.257e-03	2.808e-02	2.035e-02	7.580e-03	2.803e-02
1.540e+04	1.242e-01	5.593e-02	2.300e-01	1.162e-01	5.077e-02	2.300e-01	1.414e-01	4.339e-02	2.066e-01	2.255e-02	1.635e-02	3.189e-02	1.452e-02	8.257e-03	2.739e-02	2.035e-02	7.580e-03	2.803e-02
1.550e+04	1.242e-01	5.593e-02	2.300e-01	1.162e-01	5.077e-02	2.300e-01	1.256e-01	4.339e-02	2.066e-01	2.244e-02	1.635e-02	3.189e-02	1.452e-02	8.257e-03	2.739e-02	2.035e-02	7.580e-03	2.803e-02
1.560e+04	1.242e-01	5.593e-02	2.300e-01	1.162e-01	5.077e-02	2.300e-01	1.256e-01	4.339e-02	2.066e-01	2.244e-02	1.635e-02	3.189e-02	1.452e-02	8.257e-03	2.739e-02	2.035e-02	7.580e-03	2.803e-02
1.570e+04	1.242e-01	5.593e-02	2.300e-01	1.162e-01	5.077e-02	2.300e-01	1.256e-01	4.339e-02	2.066e-01	2.244e-02	1.635e-02	3.189e-02	1.452e-02	8.257e-03	2.739e-02	2.035e-02	7.580e-03	2.803e-02
1.580e+04	1.242e-01	5.593e-02	2.300e-01	1.162e-01	5.077e-02	2.300e-01	1.256e-01	4.339e-02	2.066e-01	2.244e-02	1.635e-02	3.189e-02	1.417e-02	8.257e-03	2.168e-02	2.035e-02	7.580e-03	2.803e-02
1.590e+04	1.242e-01	5.052e-02	2.300e-01	1.162e-01	5.077e-02	2.300e-01	1.256e-01	4.339e-02	2.066e-01	2.244e-02	1.635e-02	3.189e-02	1.417e-02	8.257e-03	2.168e-02	2.035e-02	7.580e-03	2.803e-02
1.600e+04	1.242e-01	5.052e-02	2.300e-01	1.162e-01	5.077e-02	2.300e-01	1.256e-01	4.339e-02	2.066e-01	2.244e-02	1.635e-02	3.189e-02	1.417e-02	8.257e-03	2.168e-02	2.035e-02	7.580e-03	2.803e-02
1.610e+04	1.242e-01	5.052e-02	2.300e-01	1.162e-01	5.077e-02	2.300e-01	1.135e-01	4.339e-02	2.063e-01	2.244e-02	1.635e-02	3.189e-02	1.417e-02	8.257e-03	2.168e-02	2.035e-02	7.580e-03	2.676e-02
1.620e+04	1.242e-01	5.052e-02	2.300e-01	1.162e-01	3.872e-02	2.300e-01	1.135e-01	4.339e-02	2.063e-01	2.244e-02	1.635e-02	2.902e-02	1.417e-02	8.257e-03	2.168e-02	2.035e-02	7.580e-03	2.676e-02
1.630e+04	1.242e-01	5.052e-02	2.300e-01	1.162e-01	3.872e-02	2.300e-01	9.877e-02	4.339e-02	2.063e-01	2.244e-02	1.635e-02	2.902e-02	1.417e-02	8.257e-03	2.168e-02	2.035e-02	7.580e-03	2.676e-02
1.640e+04	1.242e-01	5.052e-02	2.300e-01	1.162e-01	3.872e-02	2.156e-01	9.877e-02	4.339e-02	2.063e-01	2.244e-02	1.635e-02	2.902e-02	1.417e-02	8.257e-03	2.168e-02	2.035e-02	7.580e-03	2.676e-02
1.650e+04	1.230e-01	5.052e-02	2.300e-01	1.162e-01	3.872e-02	2.156e-01	9.528e-02	4.339e-02	2.063e-01	2.244e-02	1.635e-02	2.902e-02	1.417e-02	8.257e-03	2.168e-02	2.035e-02	7.580e-03	2.676e-02
1.660e+04	1.230e-01	5.052e-02	2.300e-01	1.162e-01	3.872e-02	2.156e-01	9.528e-02	4.339e-02	2.063e-01	2.244e-02	1.635e-02	2.902e-02	1.417e-02	8.257e-03	2.168e-02	2.035e-02	7.580e-03	2.676e-02
1.670e+04	1.230e-01	5.052e-02	2.300e-01	1.162e-01	3.872e-02	2.156e-01	9.528e-02	4.339e-02	2.063e-01	2.244e-02	1.635e-02	2.902e-02	1.417e-02	8.257e-03	2.168e-02	2.035e-02	7.580e-03	2.676e-02
1.680e+04	1.230e-01	4.377e-02	2.300e-01	1.162e-01	3.872e-02	2.156e-01	9.528e-02	4.339e-02	2.063e-01	2.244e-02	1.635e-02	2.902e-02	1.417e-02	8.257e-03	2.168e-02	2.035e-02	7.580e-03	2.676e-02
1.690e+04	1.230e-01	4.377e-02	2.300e-01	1.162e-01	3.872e-02	2.156e-01	9.528e-02	4.339e-02	2.063e-01	2.244e-02	1.635e-02	2.902e-02	1.417e-02	8.257e-03	2.168e-02	2.035e-02	7.580e-03	2.676e-02
1.700e+04	1.230e-01	4.377e-02	2.300e-01	1.162e-01	3.872e-02	2.156e-01	8.857e-02	4.339e-02	1.923e-01	2.244e-02	1.635e-02	2.844e-02	1.417e-02	8.257e-03	2.168e-02	2.035e-02	7.580e-03	2.676e-02
1.710e+04	1.203e-01	4.377e-02	2.300e-01	1.162e-01	3.872e-02	2.156e-01	8.857e-02	4.339e-02	1.923e-01	2.244e-02	1.635e-02	2.844e-02	1.417e-02	8.257e-03	2.168e-02	2.035e-02	7.580e-03	2.676e-02
1.720e+04	1.203e-01	4.377e-02	2.300e-01	1.162e-01	3.872e-02	2.156e-01	8.857e-02	4.339e-02	1.923e-01	2.244e-02	1.635e-02	2.844e-02	1.417e-02	8.257e-03	2.168e-02	2.035e-02	7.580e-03	2.676e-02
1.730e+04	1.203e-01	4.377e-02	2.300e-01	1.162e-01	3.872e-02	2.156e-01	8.857e-02	4.339e-02	1.923e-01	2.244e-02	1.635e-02	2.844e-02	1.417e-02	8.257e-03	2.168e-02	2.035e-02	7.580e-03	2.676e-02
1.740e+04	1.203e-01	4.019e-02	2.300e-01	1.162e-01	3.872e-02	2.156e-01	8.857e-02	4.339e-02	1.923e-01	2.244e-02	1.635e-02	2.844e-02	1.417e-02	8.257e-03	2.168e-02	2.035e-02	7.580e-03	2.676e-02
1.750e+04	1.203e-01	4.019e-02	2.300e-01	1.162e-01	3.872e-02	2.156e-01	8.857e-02	4.088e-02	1.923e-01	2.244e-02	1.635e-02	2.844e-02	1.417e-02	8.257e-03	2.168e-02	2.035e-02	7.580e-03	2.676e-02
1.760e+04	1.203e-01	4.019e-02	2.300e-01	1.162e-01	3.872e-02	2.156e-01	8.857e-02	4.088e-02	1.576e-01	2.244e-02	1.635e-02	2.844e-02	1.417e-02	8.257e-03	1.978e-02	2.035e-02	7.580e-03	2.676e-02
1.770e+04	1.175e-01	3.463e-02	2.300e-01	1.162e-01	3.872e-02	2.156e-01	8.857e-02	4.088e-02	1.576e-01	2.244e-02	1.635e-02	2.844e-02	1.417e-02	8.257e-03	1.978e-02	2.035e-02	7.580e-03	2.676e-02
1.780e+04	1.175e-01	3.463e-02	1.683e-01	8.923e-02	3.872e-02	2.156e-01	8.857e-02	4.088e-02	1.576e-01	2.244e-02	1.635e-02	2.844e-02	1.417e-02	8.257e-03	1.978e-02	2.035e-02	7.580e-03	2.676e-02
1.790e+04	1.175e-01	3.463e-02	1.683e-01	8.923e-02	3.872e-02	2.156e-01	8.857e-02	4.088e-02	1.576e-01	2.244e-02	1.635e-02	2.844e-02	1.417e-02	8.257e-03	1.978e-02	2.035e-02	7.580e-03	2.676e-02
1.800e+04	1.175e-01	3.463e-02	1.683e-01	8.923e-02	3.872e-02	2.156e-01	8.857e-02	4.088e-02	1.576e-01	2.244e-02	1.635e-02	2.844e-02	1.417e-02	8.257e-03	1.967e-02	2.035e-02	7.580e-03	2.676e-02
1.810e+04	1.175e-01	3.463e-02	1.683e-01	8.923e-02	3.872e-02	2.156e-01	8.743e-02	4.088e-02	1.497e-01	2.244e-02	1.635e-02	2.844e-02	1.417e-02	8.257e-03	1.967e-02	2.035e-02	7.580e-03	2.676e-02
1.820e+04	1.175e-01	3.327e-02	1.683e-01	8.923e-02	3.872e-02	2.156e-01	8.743e-02	4.088e-02	1.497e-01	2.244e-02	1.635e-02	2.844e-02	1.417e-02	8.257e-03	1.967e-02	2.035e-02	7.580e-03	2.676e-02
1.830e+04	1.086e-01	3.327e-02	1.683e-01	8.923e-02	3.872e-02	2.156e-01	8.743e-02	4.088e-02	1.497e-01	2.244e-02	1.635e-02	2.844e-02	1.417e-02	8.257e-03	1.967e-02	2.035e-02	7.580e-03	2.676e-02
1.840e+04	1.086e-01	3.327e-02	1.683e-01	8.923e-02	3.872e-02	2.156e-01	8.743e-02	4.088e-02	1.497e-01	2.244e-02	1.635e-02	2.844e-02	1.417e-02	8.257e-03	1.967e-02	2.035e-02	7.580e-03	2.676e-02
1.850e+04	1.086e-01	3.327e-02	1.683e-01	8.923e-02	3.872e-02	2.156e-01	8.743e-02	4.088e-02	1.497e-01	2.244e-02	1.635e-02	2.844e-02	1.417e-02	8.257e-03	1.967e-02	2.035e-02	7.580e-03	2.676e-02
1.860e+04	1.086e-01	3.327e-02	1.683e-01	8.923e-02	3.872e-02	2.156e-01	8.743e-02	4.088e-02	1.497e-01	2.244e-02	1.635e-02	2.844e-02	1.417e-02	8.257e-03	1.967e-02	2.035e-02	7.580e-03	2.676e-02
1.870e+04	1.086e-01	3.327e-02	1.683e-01	8.923e-02	3.872e-02	2.156e-01	8.743e-02	4.088e-02	1.497e-01	2.244e-02	1.635e-02	2.844e-02	1.417e-02	8.257e-03	1.967e-02	2.035e-02	7.580e-03	2.676e-02
1.880e+04	1.086e-01	3.327e-02	1.683e-01	8.923e-02	3.872e-02	2.017e-01	8.645e-02	4.088e-02	1.432e-01	2.244e-02	1.635e-02	2.844e-02	1.417e-02	8.257e-03	1.967e-02	2.035e-02	7.580e-03	2.676e-02
1.890e+04	1.000e-01	3.327e-02	1.683e-01	8.923e-02	3.872e-02	2.017e-01	8.645e-02	4.088e-02	1.432e-01	2.244e-02	1.635e-02	2.844e-02	1.417e-02	8.257e-03	1.967e-02	2.035e-02	7.580e-03	2.676e-02
1.900e+04	1.000e-01	3.327e-02	1.683e-01	8.923e-02	3.872e-02	2.017e-01	8.645e-02	4.088e-02	1.432e-01	2.244e-02	1.635e-02	2.844e-02	1.417e-02	8.257e-03	1.967e-02	2.035e-02	7.580e-03	2.676e-02
1.910e+04	1.000e-01	3.327e-02	1.683e-01	8.923e-02	3.872e-02	2.017e-01	8.645e-02	4.088e-02	1.432e-01	2.025e-02	1.333e-02	2.844e-02	1.417e-02	8.257e-03	1.967e-02	2.035e-02	7.580e-03	2.676e-02
1.920e+04	1.000e-01	3.327e-02	1.683e-01	8.923e-02	3.872e-02	2.017e-01	8.645e-02	4.088e-02	1.432e-01	2.025e-02	1.333e-02	2.844e-02	1.417e-02	8.257e-03	1.967e-02	2.035e-02	7.580e-03	2.676e-02
1.930e+04	1.000e-01	3.327e-02	1.683e-01	8.923e-02	3.872e-02	2.017e-01	8.645e-02	4.088e-02	1.432e-01	2.025e-02	1.333e-02	2.844e-02	1.393e-02	8.257e-03	1.818e-02	2.035e-02	7.580e-03	2.676e-02
1.940e+04	9.799e-02	3.327e-02	1.683e-01	8.644e-02	3.872e-02	2.017e-01	8.645e-02	4.088e-02	1.432e-01	1.927e-02	1.024e-02	2.696e-02	1.393e-02	8.257e-03	1.818e-02	2.035e-02	7.580e-03	2.676e-02
1.950e+04	9.599e-02	2.674e-02	1.683e-01	8.223e-02	3.307e-02	1.877e-01	8.645e-02	4.088e-02	1.432e-01	1.927e-02	1.024e-02	2.696e-02	1.393e-02	8.257e-03	1.818e-02	2.035e-02	7.580e-03	2.676e-02
1.960e+04	9.599e-02	2.674e-02	1.683e-01	8.223e-02	3.307e-02	1.877e-01	8.645e-02	4.088e-02	1.432e-01	1.927e-02	1.024e-02	2.696e-02	1.393e-02	8.257e-03	1.818e-02	2.035e-02	7.580e-03	2.676e-02
1.970e+04	9.599e-02	2.674e-02	1.683e-01	8.223e-02	3.307e-02	1.877e-01	8.645e-02	4.088e-02	1.432e-01	1.927e-02	1.024e-02	2.696e-02	1.393e-02	8.257e-03	1.818e-02	2.035e-02	7.580e-03	2.676e-02
1.980e+04	8.218e-02	2.674e-02	1.683e-01	8.223e-02	3.307e-02	1.877e-01	8.645e-02	4.088e-02	1.432e-01	1.927e-02	1.024e-02	2.696e-02	1.393e-02	8.257e-03	1.818e-02	2.035e-02	7.580e-03	2.676e-02
1.990e+04	8.218e-02	2.674e-02	1.683e-01	8.223e-02	3.307e-02	1.877e-01	8.645e-02	4.088e-02	1.432e-01	1.927e-02	1.024e-02	2.696e-02	1.393e-02	8.257e-03	1.818e-02	1.983e-02	7.466e-03	2.613e-02
2.000e+04	8.218e-02	2.674e-02	1.683e-01	7.478e-02	3.307e-02	1.877e-01	8.645e-02	4.088e-02	1.432e-01	1.927e-02	1.024e-02	2.696e-02	1.393e-02	8.257e-03	1.818e-02	1.983e-02	7.466e-03	2.613e-02
2.010e+04	8.218e-02	2.674e-02	1.683e-01	7.478e-02	3.307e-02	1.877e-01	8.645e-02	4.088e-02	1.432e-01	1.927e-02	1.024e-02	2.696e-02	1.393e-02	8.257e-03	1.818e-02	1.983e-02	7.466e-03	2.613e-02
2.020e+04	8.218e-02	2.674e-02	1.683e-01	6.183e-02	2.901e-02	1.311e-01	8.645e-02	4.088e-02	1.432e-01	1.927e-02	1.024e-02	2.607e-02	1.393e-02	8.257e-03	1.818e-02	1.983e-02	7.466e-03	2.613e-02
2.030e+04	8.218e-02	2.674e-02	1.683e-01	6.183e-02	2.901e-02	1.311e-01	8.645e-02	4.088e-02	1.432e-01	1.927e-02	1.024e-02	2.607e-02	1.393e-02	8.257e-03	1.818e-02	1.983e-02	7.466e-03	2.613e-02
2.040e+04	8.218e-02	2.674e-02	1.683e-01	6.183e-02	2.901e-02	1.311e-01	8.645e-02	3.796e-02	1.432e-01	1.927e-02	1.024e-02	2.607e-02	1.393e-02	8.257e-03	1.818e-02	1.983e-02	7.466e-03	2.613e-02
2.050e+04	8.218e-02	2.674e-02	1.683e-01	6.183e-02	2.901e-02	1.311e-01	8.645e-02	3.796e-02	1.432e-01	1.927e-02	1.024e-02	2.607e-02	1.393e-02	8.257e-03	1.818e-02	1.983e-02	7.466e-03	2.613e-02
2.060e+04	8.218e-02	2.674e-02	1.683e-01	6.183e-02	2.901e-02	1.311e-01	8.645e-02	3.796e-02	1.363e-01	1.927e-02	1.024e-02	2.607e-02	1.393e-02	8.257e-03	1.818e-02	1.983e-02	7.466e-03	2.613e-02
2.070e+04	8.218e-02	2.674e-02	1.676e-01	6.183e-02	2.901e-02	1.311e-01	8.645e-02	3.796e-02	1.363e-01	1.927e-02	1.024e-02	2.607e-02	1.393e-02	8.257e-03	1.818e-02	1.983e-02	7.466e-03	2.613e-02
2.080e+04	8.218e-02	2.674e-02	1.676e-01	6.183e-02	2.901e-02	1.311e-01	7.545e-02	3.796e-02	1.245e-01	1.927e-02	1.024e-02	2.607e-02	1.393e-02	8.257e-03	1.818e-02	1.983e-02	7.466e-03	2.613e-02
2.090e+04	8.218e-02	2.674e-02	1.676e-01	6.183e-02	2.901e-02	1.311e-01	7.545e-02	3.796e-02	1.245e-01	1.927e-02	9.802e-03	2.607e-02	1.393e-02	8.257e-03	1.818e-02	1.784e-02	7.466e-03	2.613e-02
2.100e+04	8.218e-02	2.674e-02	1.676e-01	6.183e-02	2.901e-02	1.311e-01	7.545e-02	3.725e-02	1.245e-01	1.927e-02	9.802e-03	2.607e-02	1.393e-02	8.257e-03	1.818e-02	1.784e-02	7.466e-03	2.370e-02
2.110e+04	8.218e-02	2.674e-02	1.676e-01	6.183e-02	2.901e-02	1.311e-01	7.545e-02	3.725e-02	1.245e-01	1.927e-02	9.802e-03	2.607e-02	1.393e-02	8.257e-03	1.818e-02	1.784e-02	7.466e-03	2.370e-02
2.120e+04	8.218e-02	2.674e-02	1.676e-01	6.183e-02	2.901e-02	1.311e-01	7.545e-02	3.725e-02	1.245e-01	1.927e-02	9.802e-03	2.607e-02	1.393e-02	8.257e-03	1.818e-02	1.593e-02	7.466e-03	2.370e-02
2.130e+04	8.218e-02	2.674e-02	1.676e-01	6.183e-02	2.901e-02	1.311e-01	7.545e-02	3.725e-02	1.245e-01	1.927e-02	9.802e-03	2.607e-02	1.393e-02	8.257e-03	1.818e-02	1.593e-02	7.466e-03	2.370e-02
2.140e+04	8.218e-02	2.674e-02	1.676e-01	6.183e-02	2.901e-02	1.311e-01	7.545e-02	3.725e-02	1.245e-01	1.927e-02	9.802e-03	2.607e-02	1.393e-02	8.257e-03	1.818e-02	1.593e-02	7.466e-03	2.370e-02
2.150e+04	5.593e-02	2.656e-02	1.676e-01	5.979e-02	2.626e-02	1.187e-01	7.545e-02	3.725e-02	1.245e-01	1.927e-02	9.802e-03	2.607e-02	1.393e-02	8.257e-03	1.818e-02	1.519e-02	7.466e-03	2.370e-02
2.160e+04	5.593e-02	2.656e-02	1.676e-01	5.979e-02	2.626e-02	1.187e-01	7.545e-02	3.725e-02	1.245e-01	1.927e-02	9.802e-03	2.607e-02	1.393e-02	8.257e-03	1.818e-02	1.519e-02	7.466e-03	2.370e-02
2.170e+04	5.593e-02	2.656e-02	1.519e-01	5.979e-02	2.626e-02	1.187e-01	7.545e-02	3.725e-02	1.245e-01	1.927e-02	9.802e-03	2.607e-02	1.393e-02	8.257e-03	1.818e-02	1.519e-02	7.466e-03	2.370e-02
2.180e+04	5.593e-02	2.656e-02	1.303e-01	5.979e-02	2.626e-02	1.187e-01	7.545e-02	3.725e-02	1.245e-01	1.927e-02	9.802e-03	2.607e-02	1.393e-02	8.257e-03	1.818e-02	1.519e-02	7.466e-03	2.370e-02
2.190e+04	5.593e-02	2.642e-02	1.303e-01	5.979e-02	2.626e-02	1.187e-01	7.545e-02	3.725e-02	1.245e-01	1.927e-02	9.802e-03	2.607e-02	1.393e-02	8.257e-03	1.818e-02	1.519e-02	7.466e-03	2.370e-02
2.200e+04	5.593e-02	2.642e-02	1.303e-01	5.979e-02	2.626e-02	1.187e-01	7.545e-02	3.725e-02	1.245e-01	1.927e-02	9.802e-03	2.607e-02	1.393e-02	8.257e-03	1.818e-02	1.519e-02	7.466e-03	2.370e-02
2.210e+04	5.593e-02	2.642e-02	1.303e-01	5.979e-02	2.626e-02	1.187e-01	7.545e-02	3.725e-02	1.245e-01	1.927e-02	9.802e-03	2.607e-02	1.393e-02	8.257e-03	1.818e-02	1.519e-02	7.466e-03	2.188e-02
2.220e+04	5.593e-02	2.635e-02	1.303e-01	5.979e-02	2.626e-02	1.187e-01	7.545e-02	3.725e-02	1.245e-01	1.927e-02	9.802e-03	2.607e-02	1.393e-02	8.257e-03	1.818e-02	1.519e-02	7.466e-03	2.188e-02
2.230e+04	5.052e-02	2.522e-02	1.303e-01	5.979e-02	2.626e-02	1.187e-01	7.237e-02	3.725e-02	1.245e-01	1.927e-02	9.802e-03	2.607e-02	1.393e-02	8.257e-03	1.818e-02	1.519e-02	7.466e-03	2.188e-02
2.240e+04	5.052e-02	2.522e-02	1.303e-01	5.979e-02	2.626e-02	1.162e-01	7.237e-02	3.725e-02	1.245e-01	1.927e-02	9.802e-03	2.607e-02	1.393e-02	7.955e-03	1.818e-02	1.519e-02	7.466e-03	2.188e-02
2.250e+04	5.052e-02	2.522e-02	1.303e-01	5.979e-02	2.626e-02	1.162e-01	7.237e-02	3.725e-02	1.245e-01	1.927e-02	9.802e-03	2.607e-02	1.393e-02	7.955e-03	1.818e-02	1.519e-02	7.466e-03	2.188e-02
2.260e+04	5.052e-02	2.522e-02	1.303e-01	5.979e-02	2.626e-02	1.162e-01	7.237e-02	3.725e-02	1.245e-01	1.927e-02	9.802e-03	2.607e-02	1.393e-02	7.955e-03	1.818e-02	1.519e-02	7.466e-03	2.188e-02
2.270e+04	5.052e-02	2.522e-02	1.303e-01	5.979e-02	2.626e-02	1.162e-01	7.237e-02	3.725e-02	1.245e-01	1.927e-02	9.802e-03	2.607e-02	1.393e-02	7.955e-03	1.818e-02	1.519e-02	7.466e-03	2.188e-02
2.280e+04	5.052e-02	2.522e-02	1.303e-01	5.979e-02	2.626e-02	1.162e-01	7.237e-02	3.725e-02	1.245e-01	1.927e-02	9.802e-03	2.607e-02	1.337e-02	7.225e-03	1.818e-02	1.519e-02	7.466e-03	2.188e-02
2.290e+04	5.052e-02	2.522e-02	1.303e-01	5.979e-02	2.626e-02	1.162e-01	7.237e-02	3.725e-02	1.245e-01	1.927e-02	9.802e-03	2.607e-02	1.337e-02	7.225e-03	1.818e-02	1.519e-02	7.466e-03	2.188e-02
2.300e+04	5.052e-02	2.522e-02	1.303e-01	5.979e-02	2.626e-02	1.162e-01	7.237e-02	3.725e-02	1.245e-01	1.927e-02	9.802e-03	2.607e-02	1.337e-02	7.225e-03	1.818e-02	1.519e-02	7.466e-03	2.188e-02
2.310e+04	5.052e-02	2.522e-02	1.303e-01	5.979e-02	2.626e-02	1.162e-01	7.237e-02	3.725e-02	1.245e-01	1.927e-02	9.802e-03	2.607e-02	1.337e-02	7.225e-03	1.818e-02	1.483e-02	7.466e-03	2.096e-02
2.320e+04	5.052e-02	2.522e-02	1.303e-01	5.979e-02	2.626e-02	1.162e-01	7.237e-02	3.725e-02	1.245e-01	1.927e-02	9.802e-03	2.607e-02	1.337e-02	7.225e-03	1.818e-02	1.483e-02	7.466e-03	2.094e-02
2.330e+04	5.052e-02	2.522e-02	1.303e-01	5.979e-02	2.626e-02	1.162e-01	7.237e-02	3.725e-02	1.245e-01	1.927e-02	9.802e-03	2.607e-02	1.251e-02	6.494e-03	1.818e-02	1.483e-02	7.466e-03	2.094e-02
2.340e+04	5.052e-02	2.522e-02	1.303e-01	5.979e-02	2.626e-02	1.162e-01	7.237e-02	3.725e-02	1.245e-01	1.927e-02	9.802e-03	2.607e-02	1.251e-02	6.494e-03	1.818e-02	1.483e-02	7.466e-03	2.094e-02
2.350e+04	5.052e-02	2.522e-02	1.303e-01	5.979e-02	2.626e-02	1.162e-01	7.237e-02	3.725e-02	1.245e-01	1.927e-02	9.802e-03	2.607e-02	1.251e-02	6.494e-03	1.818e-02	1.483e-02	7.466e-03	2.094e-02
2.360e+04	5.052e-02	2.522e-02	1.303e-01	5.979e-02	2.626e-02	1.162e-01	7.237e-02	3.725e-02	1.245e-01	1.927e-02	9.802e-03	2.607e-02	1.251e-02	6.494e-03	1.818e-02	1.320e-02	7.162e-03	1.992e-02
2.370e+04	5.052e-02	2.522e-02	1.303e-01	5.979e-02	2.626e-02	1.162e-01	7.237e-02	3.725e-02	1.245e-01	1.927e-02	9.802e-03	2.607e-02	1.251e-02	6.494e-03	1.818e-02	1.308e-02	7.010e-03	1.992e-02
2.380e+04	5.052e-02	2.522e-02	1.303e-01	5.979e-02	2.626e-02	1.162e-01	7.237e-02	3.725e-02	1.245e-01	1.894e-02	9.802e-03	2.389e-02	1.251e-02	6.494e-03	1.818e-02	1.308e-02	7.010e-03	1.992e-02
2.390e+04	5.052e-02	2.522e-02	1.303e-01	5.979e-02	2.626e-02	1.162e-01	7.237e-02	3.725e-02	1.245e-01	1.894e-02	9.802e-03	2.389e-02	1.251e-02	6.494e-03	1.818e-02	1.308e-02	7.010e-03	1.992e-02
2.400e+04	5.052e-02	2.522e-02	1.303e-01	5.979e-02	2.626e-02	1.162e-01	7.176e-02	3.725e-02	1.135e-01	1.894e-02	9.802e-03	2.389e-02	1.251e-02	6.494e-03	1.818e-02	1.308e-02	7.010e-03	1.992e-02
2.410e+04	5.052e-02	2.522e-02	1.303e-01	5.979e-02	2.603e-02	1.162e-01	7.176e-02	3.725e-02	1.135e-01	1.894e-02	9.802e-03	2.389e-02	1.251e-02	6.494e-03	1.818e-02	1.308e-02	7.010e-03	1.992e-02
2.420e+04	3.463e-02	2.522e-02	1.303e-01	5.979e-02	2.603e-02	1.162e-01	7.176e-02	3.725e-02	1.135e-01	1.894e-02	9.802e-03	2.389e-02	1.251e-02	6.494e-03	1.818e-02	1.308e-02	7.010e-03	1.992e-02
2.430e+04	3.463e-02	2.522e-02	1.303e-01	5.979e-02	2.603e-02	1.089e-01	7.176e-02	3.725e-02	1.135e-01	1.878e-02	9.802e-03	2.389e-02	1.251e-02	6.494e-03	1.818e-02	1.308e-02	7.010e-03	1.992e-02
2.440e+04	3.463e-02	2.522e-02	1.303e-01	5.979e-02	2.603e-02	1.089e-01	7.176e-02	3.725e-02	1.135e-01	1.878e-02	9.802e-03	2.389e-02	1.251e-02	6.494e-03	1.818e-02	1.308e-02	7.010e-03	1.983e-02
2.450e+04	3.463e-02	2.522e-02	1.303e-01	5.979e-02	2.603e-02	1.089e-01	7.176e-02	3.725e-02	1.135e-01	1.840e-02	9.802e-03	2.389e-02	1.251e-02	6.494e-03	1.818e-02	1.308e-02	7.010e-03	1.983e-02
2.460e+04	3.463e-02	2.522e-02	1.303e-01	5.979e-02	2.603e-02	1.089e-01	7.176e-02	3.725e-02	1.135e-01	1.840e-02	9.802e-03	2.389e-02	1.251e-02	6.494e-03	1.818e-02	1.308e-02	7.010e-03	1.784e-02
2.470e+04	3.463e-02	2.522e-02	1.303e-01	5.945e-02	2.603e-02	1.089e-01	7.176e-02	3.725e-02	1.135e-01	1.840e-02	9.802e-03	2.389e-02	1.053e-02	6.015e-03	1.746e-02	1.308e-02	7.010e-03	1.784e-02
2.480e+04	3.463e-02	2.522e-02	1.303e-01	5.077e-02	2.603e-02	1.089e-01	7.176e-02	3.725e-02	1.135e-01	1.790e-02	9.802e-03	2.334e-02	1.053e-02	6.015e-03	1.746e-02	1.308e-02	7.010e-03	1.784e-02
2.490e+04	3.463e-02	2.522e-02	1.303e-01	5.077e-02	2.603e-02	1.089e-01	7.176e-02	3.725e-02	1.135e-01	1.790e-02	9.802e-03	2.334e-02	1.053e-02	6.015e-03	1.746e-02	1.308e-02	7.010e-03	1.784e-02
2.500e+04	3.463e-02	2.522e-02	1.303e-01	5.077e-02	2.603e-02	1.089e-01	7.176e-02	3.725e-02	1.135e-01	1.635e-02	9.174e-03	2.310e-02	1.053e-02	6.015e-03	1.746e-02	1.308e-02	7.010e-03	1.784e-02
2.510e+04	3.463e-02	2.522e-02	1.303e-01	5.077e-02	2.603e-02	1.089e-01	7.176e-02	3.725e-02	1.135e-01	1.635e-02	9.174e-03	2.310e-02	1.053e-02	6.015e-03	1.746e-02	1.308e-02	7.010e-03	1.784e-02
2.520e+04	3.463e-02	2.522e-02	1.303e-01	5.077e-02	2.603e-02	1.089e-01	7.176e-02	3.725e-02	1.135e-01	1.635e-02	9.174e-03	2.310e-02	1.053e-02	6.015e-03	1.746e-02	1.308e-02	7.010e-03	1.784e-02
2.530e+04	3.463e-02	2.522e-02	1.303e-01	5.077e-02	2.603e-02	1.089e-01	7.176e-02	3.725e-02	1.135e-01	1.635e-02	9.174e-03	2.310e-02	1.053e-02	6.015e-03	1.724e-02	1.308e-02	7.010e-03	1.720e-02
2.540e+04	3.463e-02	2.522e-02	1.295e-01	5.077e-02	2.603e-02	8.923e-02	7.176e-02	3.725e-02	1.135e-01	1.635e-02	9.174e-03	2.310e-02	1.053e-02	6.015e-03	1.724e-02	1.308e-02	7.010e-03	1.720e-02
2.550e+04	3.463e-02	2.522e-02	1.295e-01	5.077e-02	2.603e-02	8.923e-02	7.176e-02	3.725e-02	1.135e-01	1.635e-02	9.174e-03	2.251e-02	1.053e-02	6.015e-03	1.724e-02	1.308e-02	7.010e-03	1.720e-02
2.560e+04	3.463e-02	2.522e-02	1.230e-01	5.077e-02	2.603e-02	8.923e-02	7.176e-02	3.725e-02	1.135e-01	1.635e-02	9.174e-03	2.251e-02	1.053e-02	6.015e-03	1.724e-02	1.308e-02	7.010e-03	1.720e-02
2.570e+04	3.463e-02	2.251e-02	1.230e-01	5.077e-02	2.603e-02	8.923e-02	7.176e-02	3.725e-02	1.135e-01	1.631e-02	9.174e-03	2.244e-02	1.044e-02	4.517e-03	1.453e-02	1.308e-02	7.010e-03	1.720e-02
2.580e+04	3.463e-02	2.000e-02	1.230e-01	4.439e-02	2.603e-02	8.669e-02	7.176e-02	3.725e-02	9.528e-02	1.631e-02	9.174e-03	2.244e-02	1.044e-02	4.517e-03	1.453e-02	1.308e-02	7.010e-03	1.720e-02
2.590e+04	3.463e-02	2.000e-02	1.230e-01	4.439e-02	2.603e-02	8.669e-02	7.176e-02	3.725e-02	9.528e-02	1.631e-02	9.174e-03	2.244e-02	1.044e-02	4.517e-03	1.453e-02	1.308e-02	7.010e-03	1.720e-02
2.600e+04	3.463e-02	2.000e-02	1.230e-01	4.008e-02	2.603e-02	8.669e-02	7.176e-02	3.725e-02	9.528e-02	1.631e-02	9.174e-03	2.244e-02	1.000e-02	4.517e-03	1.453e-02	1.308e-02	7.010e-03	1.720e-02
2.610e+04	3.463e-02	2.000e-02	1.230e-01	4.008e-02	2.603e-02	7.686e-02	7.176e-02	3.725e-02	9.528e-02	1.631e-02	9.174e-03	2.244e-02	1.000e-02	4.517e-03	1.453e-02	1.308e-02	7.010e-03	1.720e-02
2.620e+04	3.463e-02	1.668e-02	1.230e-01	4.008e-02	2.603e-02	7.686e-02	7.176e-02	3.725e-02	9.528e-02	1.631e-02	9.174e-03	2.244e-02	1.000e-02	4.517e-03	1.453e-02	1.308e-02	7.010e-03	1.720e-02
2.630e+04	3.463e-02	1.668e-02	1.230e-01	4.008e-02	2.603e-02	7.686e-02	7.176e-02	3.725e-02	9.528e-02	1.631e-02	9.174e-03	2.244e-02	1.000e-02	4.517e-03	1.453e-02	1.308e-02	7.010e-03	1.720e-02
2.640e+04	3.463e-02	1.668e-02	1.230e-01	4.008e-02	2.603e-02	7.686e-02	7.176e-02	3.725e-02	9.528e-02	1.631e-02	9.174e-03	2.244e-02	9.778e-03	4.060e-03	1.452e-02	1.308e-02	7.010e-03	1.720e-02
2.650e+04	3.463e-02	1.668e-02	1.230e-01	4.008e-02	2.603e-02	7.686e-02	7.176e-02	3.725e-02	9.528e-02	1.631e-02	9.174e-03	2.244e-02	9.778e-03	4.060e-03	1.452e-02	1.308e-02	7.010e-03	1.720e-02
2.660e+04	3.463e-02	1.668e-02	1.230e-01	4.008e-02	2.603e-02	7.089e-02	7.176e-02	3.620e-02	9.528e-02	1.631e-02	9.174e-03	2.244e-02	9.778e-03	4.060e-03	1.452e-02	1.294e-02	6.921e-03	1.720e-02
2.670e+04	3.463e-02	1.668e-02	1.230e-01	4.008e-02	2.603e-02	7.089e-02	7.176e-02	3.620e-02	9.528e-02	1.631e-02	9.174e-03	2.244e-02	9.778e-03	4.060e-03	1.452e-02	1.294e-02	6.921e-03	1.720e-02
2.680e+04	3.463e-02	1.668e-02	1.230e-01	4.008e-02	2.603e-02	7.089e-02	7.176e-02	3.620e-02	9.528e-02	1.631e-02	9.174e-03	2.244e-02	9.778e-03	4.060e-03	1.452e-02	1.294e-02	6.921e-03	1.720e-02
2.690e+04	3.463e-02	1.668e-02	1.075e-01	3.370e-02	2.536e-02	6.183e-02	6.914e-02	3.620e-02	9.528e-02	1.631e-02	9.174e-03	2.244e-02	9.778e-03	4.060e-03	1.452e-02	1.294e-02	6.921e-03	1.720e-02
2.700e+04	3.463e-02	1.668e-02	1.075e-01	3.370e-02	2.536e-02	6.183e-02	6.914e-02	3.620e-02	9.528e-02	1.631e-02	9.174e-03	2.244e-02	9.778e-03	4.060e-03	1.452e-02	1.294e-02	6.921e-03	1.720e-02
2.710e+04	3.463e-02	1.668e-02	1.075e-01	3.307e-02	2.247e-02	6.183e-02	6.914e-02	3.620e-02	9.528e-02	1.631e-02	9.174e-03	2.244e-02	9.778e-03	4.060e-03	1.452e-02	1.294e-02	6.921e-03	1.720e-02
2.720e+04	3.463e-02	1.668e-02	1.075e-01	3.307e-02	2.247e-02	6.183e-02	6.914e-02	3.620e-02	9.528e-02	1.631e-02	9.174e-03	2.244e-02	9.778e-03	4.060e-03	1.452e-02	1.294e-02	6.921e-03	1.720e-02
2.730e+04	3.463e-02	1.668e-02	1.075e-01	3.307e-02	2.247e-02	6.183e-02	6.914e-02	3.620e-02	9.528e-02	1.631e-02	9.174e-03	2.244e-02	9.778e-03	4.060e-03	1.452e-02	1.294e-02	6.921e-03	1.720e-02
2.740e+04	3.424e-02	1.668e-02	1.075e-01	3.307e-02	2.247e-02	6.183e-02	6.914e-02	3.620e-02	9.528e-02	1.631e-02	9.174e-03	2.244e-02	9.778e-03	4.060e-03	1.452e-02	1.294e-02	6.921e-03	1.720e-02
2.750e+04	3.424e-02	1.668e-02	9.668e-02	3.307e-02	2.247e-02	6.183e-02	6.243e-02	3.585e-02	8.645e-02	1.631e-02	9.174e-03	2.244e-02	9.778e-03	4.060e-03	1.452e-02	1.294e-02	6.921e-03	1.720e-02
2.760e+04	3.424e-02	1.668e-02	9.668e-02	3.307e-02	2.247e-02	6.183e-02	6.243e-02	3.585e-02	8.645e-02	1.561e-02	9.174e-03	2.244e-02	9.778e-03	4.060e-03	1.452e-02	1.294e-02	6.921e-03	1.720e-02
2.770e+04	3.424e-02	1.668e-02	9.668e-02	3.307e-02	2.247e-02	6.183e-02	6.243e-02	3.585e-02	8.645e-02	1.561e-02	9.174e-03	2.244e-02	9.778e-03	4.060e-03	1.452e-02	1.294e-02	6.921e-03	1.720e-02
2.780e+04	3.424e-02	1.668e-02	9.668e-02	3.307e-02	2.247e-02	6.183e-02	6.243e-02	3.585e-02	8.645e-02	1.561e-02	9.174e-03	2.244e-02	9.778e-03	4.060e-03	1.452e-02	1.294e-02	6.921e-03	1.720e-02
2.790e+04	3.424e-02	1.668e-02	9.483e-02	3.307e-02	2.247e-02	6.183e-02	6.243e-02	3.585e-02	8.645e-02	1.561e-02	9.174e-03	2.244e-02	9.778e-03	4.060e-03	1.452e-02	1.294e-02	6.921e-03	1.720e-02
2.800e+04	3.424e-02	1.668e-02	9.483e-02	3.003e-02	2.007e-02	6.048e-02	6.243e-02	3.585e-02	8.645e-02	1.561e-02	9.174e-03	2.244e-02	9.778e-03	4.060e-03	1.452e-02	1.294e-02	6.921e-03	1.720e-02
2.810e+04	3.424e-02	1.668e-02	9.483e-02	3.003e-02	2.007e-02	6.048e-02	6.243e-02	3.585e-02	8.645e-02	1.561e-02	9.174e-03	2.244e-02	9.778e-03	4.060e-03	1.452e-02	1.294e-02	6.921e-03	1.720e-02
2.820e+04	3.424e-02	1.668e-02	9.483e-02	3.003e-02	2.007e-02	6.048e-02	6.243e-02	3.585e-02	8.645e-02	1.333e-02	9.174e-03	2.025e-02	9.778e-03	4.060e-03	1.452e-02	1.294e-02	6.921e-03	1.720e-02
2.830e+04	3.424e-02	1.668e-02	9.483e-02	3.003e-02	1.955e-02	6.048e-02	6.243e-02	3.585e-02	8.645e-02	1.333e-02	9.174e-03	2.025e-02	9.778e-03	4.060e-03	1.452e-02	1.294e-02	6.921e-03	1.720e-02
2.840e+04	3.424e-02	1.668e-02	9.483e-02	3.003e-02	1.955e-02	6.048e-02	6.243e-02	2.019e-02	8.645e-02	1.333e-02	7.947e-03	2.025e-02	9.778e-03	4.060e-03	1.452e-02	1.294e-02	6.921e-03	1.720e-02
2.850e+04	3.424e-02	1.668e-02	9.483e-02	3.003e-02	1.955e-02	6.048e-02	6.243e-02	2.019e-02	8.645e-02	1.333e-02	7.947e-03	2.025e-02	9.778e-03	4.060e-03	1.452e-02	1.294e-02	6.921e-03	1.720e-02
2.860e+04	3.424e-02	1.668e-02	9.483e-02	3.003e-02	1.955e-02	6.048e-02	4.524e-02	2.019e-02	7.572e-02	1.333e-02	7.947e-03	2.025e-02	9.778e-03	4.060e-03	1.452e-02	1.294e-02	6.921e-03	1.720e-02
2.870e+04	3.424e-02	1.668e-02	9.483e-02	3.003e-02	1.955e-02	6.048e-02	4.524e-02	2.019e-02	7.572e-02	1.329e-02	7.947e-03	1.894e-02	9.778e-03	4.060e-03	1.393e-02	1.294e-02	6.921e-03	1.720e-02
2.880e+04	3.424e-02	1.668e-02	9.483e-02	3.003e-02	1.955e-02	6.048e-02	4.524e-02	2.019e-02	7.572e-02	1.329e-02	7.947e-03	1.894e-02	9.778e-03	4.060e-03	1.393e-02	1.294e-02	6.921e-03	1.598e-02
2.890e+04	3.352e-02	1.668e-02	9.483e-02	3.003e-02	1.955e-02	6.048e-02	4.524e-02	2.019e-02	7.572e-02	1.329e-02	7.947e-03	1.894e-02	9.778e-03	4.060e-03	1.393e-02	1.294e-02	6.921e-03	1.598e-02
2.900e+04	3.352e-02	1.668e-02	9.483e-02	3.003e-02	1.955e-02	6.048e-02	4.524e-02	2.019e-02	7.572e-02	1.329e-02	7.947e-03	1.894e-02	9.778e-03	4.060e-03	1.393e-02	1.294e-02	6.921e-03	1.598e-02
2.910e+04	3.352e-02	1.668e-02	9.483e-02	3.003e-02	1.955e-02	6.048e-02	4.339e-02	2.019e-02	7.572e-02	1.298e-02	7.346e-03	1.840e-02	9.778e-03	4.060e-03	1.393e-02	1.294e-02	6.921e-03	1.598e-02
2.920e+04	3.352e-02	1.668e-02	9.483e-02	3.003e-02	1.955e-02	6.048e-02	4.339e-02	2.019e-02	7.572e-02	1.298e-02	7.346e-03	1.840e-02	9.778e-03	4.060e-03	1.393e-02	1.294e-02	6.921e-03	1.598e-02
2.930e+04	3.352e-02	1.668e-02	9.483e-02	3.003e-02	1.955e-02	6.048e-02	4.339e-02	2.019e-02	7.572e-02	1.298e-02	7.346e-03	1.840e-02	9.778e-03	4.060e-03	1.393e-02	1.294e-02	6.921e-03	1.598e-02
2.940e+04	3.352e-02	1.668e-02	7.211e-02	3.003e-02	1.955e-02	6.048e-02	4.339e-02	2.019e-02	7.572e-02	1.298e-02	7.346e-03	1.840e-02	9.778e-03	4.060e-03	1.393e-02	1.294e-02	6.921e-03	1.598e-02
2.950e+04	2.941e-02	1.668e-02	6.595e-02	3.003e-02	1.955e-02	6.048e-02	4.339e-02	2.019e-02	7.572e-02	1.298e-02	7.346e-03	1.840e-02	9.778e-03	4.060e-03	1.393e-02	1.294e-02	6.921e-03	1.598e-02
2.960e+04	2.858e-02	1.563e-02	6.595e-02	3.003e-02	1.955e-02	6.048e-02	4.339e-02	2.019e-02	7.572e-02	1.298e-02	7.346e-03	1.840e-02	9.778e-03	4.060e-03	1.393e-02	1.294e-02	6.921e-03	1.598e-02
2.970e+04	2.858e-02	1.563e-02	6.595e-02	3.003e-02	1.955e-02	6.048e-02	4.339e-02	2.019e-02	7.572e-02	1.239e-02	7.321e-03	1.790e-02	9.778e-03	4.060e-03	1.393e-02	1.294e-02	6.921e-03	1.598e-02
2.980e+04	2.858e-02	1.563e-02	6.595e-02	3.003e-02	1.955e-02	6.048e-02	4.339e-02	2.019e-02	7.572e-02	1.239e-02	7.321e-03	1.790e-02	9.778e-03	4.060e-03	1.393e-02	1.294e-02	6.921e-03	1.598e-02
2.990e+04	2.642e-02	1.339e-02	6.595e-02	3.003e-02	1.955e-02	6.048e-02	4.339e-02	2.019e-02	7.572e-02	1.239e-02	7.321e-03	1.790e-02	9.778e-03	4.060e-03	1.393e-02	1.021e-02	6.921e-03	1.598e-02
3.000e+04	2.642e-02	1.339e-02	6.595e-02	2.901e-02	1.955e-02	5.979e-02	4.339e-02	2.019e-02	7.572e-02	1.239e-02	7.321e-03	1.790e-02	9.778e-03	4.060e-03	1.393e-02	9.617e-03	6.491e-03	1.593e-02
3.010e+04	2.642e-02	1.339e-02	6.595e-02	2.901e-02	1.955e-02	5.979e-02	4.339e-02	2.019e-02	7.572e-02	1.239e-02	7.321e-03	1.790e-02	9.501e-03	3.994e-03	1.251e-02	9.617e-03	6.491e-03	1.593e-02
3.020e+04	2.642e-02	1.339e-02	6.595e-02	2.901e-02	1.955e-02	5.979e-02	4.339e-02	2.019e-02	7.572e-02	1.239e-02	7.321e-03	1.790e-02	9.501e-03	3.994e-03	1.251e-02	9.617e-03	6.491e-03	1.593e-02
3.030e+04	2.642e-02	1.339e-02	6.595e-02	2.901e-02	1.955e-02	5.979e-02	4.339e-02	2.019e-02	7.572e-02	1.239e-02	7.321e-03	1.790e-02	9.501e-03	3.994e-03	1.251e-02	9.617e-03	6.491e-03	1.593e-02
3.040e+04	2.642e-02	1.339e-02	6.595e-02	2.901e-02	1.955e-02	5.979e-02	4.321e-02	2.019e-02	7.572e-02	1.239e-02	7.321e-03	1.790e-02	9.501e-03	3.994e-03	1.251e-02	9.617e-03	6.491e-03	1.593e-02
3.050e+04	2.642e-02	1.339e-02	6.595e-02	2.901e-02	1.955e-02	5.077e-02	4.321e-02	2.019e-02	7.572e-02	1.239e-02	7.321e-03	1.790e-02	9.501e-03	3.994e-03	1.251e-02	9.617e-03	6.491e-03	1.593e-02
3.060e+04	2.642e-02	1.339e-02	6.595e-02	2.901e-02	1.955e-02	5.077e-02	4.321e-02	2.019e-02	7.572e-02	1.239e-02	7.321e-03	1.790e-02	9.501e-03	3.994e-03	1.251e-02	9.617e-03	6.491e-03	1.593e-02
3.070e+04	2.642e-02	1.339e-02	6.595e-02	2.901e-02	1.955e-02	5.077e-02	4.321e-02	2.019e-02	7.572e-02	1.239e-02	7.321e-03	1.790e-02	9.501e-03	3.994e-03	1.251e-02	9.617e-03	6.491e-03	1.593e-02
3.080e+04	2.642e-02	1.339e-02	6.595e-02	2.901e-02	1.955e-02	5.077e-02	4.321e-02	2.019e-02	7.572e-02	1.239e-02	7.321e-03	1.790e-02	9.501e-03	3.994e-03	1.251e-02	9.617e-03	6.491e-03	1.593e-02
3.090e+04	2.642e-02	1.339e-02	6.595e-02	2.901e-02	1.955e-02	5.077e-02	4.321e-02	2.019e-02	7.572e-02	1.239e-02	7.321e-03	1.790e-02	9.501e-03	3.994e-03	1.251e-02	9.617e-03	6.491e-03	1.593e-02
3.100e+04	2.522e-02	1.339e-02	6.595e-02	2.901e-02	1.955e-02	5.077e-02	4.321e-02	2.019e-02	7.572e-02	1.239e-02	7.321e-03	1.790e-02	9.501e-03	3.994e-03	1.251e-02	9.617e-03	6.491e-03	1.593e-02
3.110e+04	2.522e-02	1.339e-02	6.595e-02	2.901e-02	1.955e-02	5.077e-02	4.321e-02	2.019e-02	7.572e-02	1.239e-02	7.318e-03	1.790e-02	9.501e-03	3.994e-03	1.251e-02	9.617e-03	6.491e-03	1.593e-02
3.120e+04	2.522e-02	1.339e-02	6.595e-02	2.901e-02	1.955e-02	5.077e-02	4.321e-02	2.019e-02	7.572e-02	1.239e-02	7.318e-03	1.790e-02	9.501e-03	3.994e-03	1.251e-02	9.290e-03	6.491e-03	1.573e-02
3.130e+04	2.522e-02	1.339e-02	6.595e-02	2.901e-02	1.955e-02	5.077e-02	4.321e-02	2.019e-02	7.572e-02	1.239e-02	7.318e-03	1.790e-02	9.501e-03	3.994e-03	1.251e-02	9.290e-03	6.491e-03	1.573e-02
3.140e+04	2.522e-02	1.339e-02	6.595e-02	2.901e-02	1.955e-02	5.077e-02	4.321e-02	2.019e-02	7.572e-02	1.239e-02	7.318e-03	1.790e-02	9.501e-03	3.994e-03	1.251e-02	9.290e-03	6.491e-03	1.573e-02
3.150e+04	2.522e-02	1.339e-02	6.595e-02	2.901e-02	1.955e-02	5.077e-02	4.321e-02	2.019e-02	7.572e-02	1.239e-02	7.318e-03	1.790e-02	9.501e-03	3.994e-03	1.251e-02	9.290e-03	6.491e-03	1.573e-02
3.160e+04	2.522e-02	1.339e-02	6.595e-02	2.901e-02	1.955e-02	4.829e-02	4.321e-02	2.019e-02	7.572e-02	1.239e-02	7.318e-03	1.790e-02	9.501e-03	3.994e-03	1.251e-02	9.290e-03	6.491e-03	1.573e-02
3.170e+04	2.522e-02	1.339e-02	6.595e-02	2.901e-02	1.915e-02	4.829e-02	4.321e-02	2.019e-02	7.572e-02	1.239e-02	7.318e-03	1.790e-02	9.501e-03	3.994e-03	1.251e-02	9.290e-03	6.491e-03	1.573e-02
3.180e+04	2.522e-02	1.339e-02	6.595e-02	2.901e-02	1.915e-02	4.829e-02	4.321e-02	2.019e-02	7.572e-02	1.239e-02	7.318e-03	1.790e-02	9.501e-03	3.994e-03	1.251e-02	9.290e-03	6.491e-03	1.573e-02
3.190e+04	2.522e-02	1.339e-02	6.595e-02	2.901e-02	1.915e-02	4.829e-02	4.321e-02	2.019e-02	7.572e-02	1.239e-02	7.318e-03	1.790e-02	9.501e-03	3.994e-03	1.251e-02	9.290e-03	6.491e-03	1.573e-02
3.200e+04	2.522e-02	1.339e-02	6.595e-02	2.809e-02	1.915e-02	4.829e-02	4.321e-02	2.019e-02	7.572e-02	1.239e-02	7.318e-03	1.790e-02	9.501e-03	3.994e-03	1.251e-02	9.290e-03	6.491e-03	1.573e-02
3.210e+04	2.353e-02	1.188e-02	6.595e-02	2.809e-02	1.915e-02	4.829e-02	4.321e-02	2.019e-02	7.572e-02	1.239e-02	7.318e-03	1.790e-02	9.501e-03	3.994e-03	1.251e-02	9.290e-03	6.491e-03	1.573e-02
3.220e+04	2.353e-02	1.188e-02	6.595e-02	2.809e-02	1.915e-02	4.829e-02	4.321e-02	2.019e-02	7.572e-02	1.239e-02	7.318e-03	1.790e-02	9.501e-03	3.823e-03	1.251e-02	9.290e-03	6.491e-03	1.573e-02
3.230e+04	2.353e-02	1.188e-02	6.595e-02	2.809e-02	1.915e-02	4.829e-02	4.321e-02	2.019e-02	7.572e-02	1.239e-02	7.318e-03	1.790e-02	9.501e-03	3.823e-03	1.251e-02	9.290e-03	6.491e-03	1.573e-02
3.240e+04	2.353e-02	1.188e-02	6.595e-02	2.809e-02	1.915e-02	4.829e-02	4.321e-02	2.019e-02	7.572e-02	1.239e-02	7.318e-03	1.790e-02	9.501e-03	3.823e-03	1.251e-02	9.290e-03	6.491e-03	1.573e-02
3.250e+04	2.353e-02	1.188e-02	6.382e-02	2.809e-02	1.915e-02	4.829e-02	4.321e-02	2.019e-02	7.572e-02	1.239e-02	7.318e-03	1.790e-02	9.501e-03	3.823e-03	1.251e-02	9.290e-03	6.491e-03	1.573e-02
3.260e+04	2.353e-02	1.188e-02	6.382e-02	2.809e-02	1.799e-02	4.829e-02	4.321e-02	2.019e-02	7.572e-02	1.239e-02	7.318e-03	1.790e-02	9.501e-03	3.823e-03	1.251e-02	9.290e-03	6.491e-03	1.573e-02
3.270e+04	2.353e-02	1.188e-02	6.382e-02	2.809e-02	1.799e-02	4.829e-02	4.064e-02	2.019e-02	7.572e-02	1.239e-02	7.318e-03	1.790e-02	9.501e-03	3.823e-03	1.251e-02	9.290e-03	6.491e-03	1.573e-02
3.280e+04	2.353e-02	1.188e-02	6.382e-02	2.809e-02	1.799e-02	4.829e-02	4.064e-02	2.019e-02	7.572e-02	1.239e-02	7.318e-03	1.790e-02	9.501e-03	3.823e-03	1.251e-02	9.290e-03	6.491e-03	1.573e-02
3.290e+04	2.353e-02	1.188e-02	6.382e-02	2.809e-02	1.799e-02	4.829e-02	4.064e-02	1.697e-02	7.572e-02	1.239e-02	7.318e-03	1.790e-02	9.501e-03	3.823e-03	1.251e-02	9.290e-03	6.491e-03	1.573e-02
3.300e+04	2.353e-02	1.188e-02	6.382e-02	2.809e-02	1.799e-02	4.829e-02	4.064e-02	1.497e-02	7.572e-02	1.024e-02	7.318e-03	1.790e-02	9.501e-03	3.823e-03	1.251e-02	9.290e-03	6.491e-03	1.573e-02
3.310e+04	2.149e-02	1.167e-02	6.382e-02	2.809e-02	1.799e-02	4.829e-02	4.064e-02	1.497e-02	7.572e-02	1.024e-02	7.318e-03	1.704e-02	9.501e-03	3.823e-03	1.251e-02	9.290e-03	6.491e-03	1.573e-02
3.320e+04	2.149e-02	1.062e-02	6.382e-02	2.809e-02	1.799e-02	4.829e-02	4.064e-02	1.497e-02	7.572e-02	1.024e-02	7.318e-03	1.704e-02	9.501e-03	3.823e-03	1.251e-02	9.290e-03	6.491e-03	1.573e-02
3.330e+04	2.149e-02	1.062e-02	6.382e-02	2.809e-02	1.799e-02	4.829e-02	4.064e-02	1.497e-02	7.572e-02	1.024e-02	7.318e-03	1.704e-02	9.501e-03	3.823e-03	1.251e-02	9.290e-03	6.491e-03	1.573e-02
3.340e+04	2.149e-02	1.062e-02	6.382e-02	2.809e-02	1.799e-02	4.829e-02	4.064e-02	1.497e-02	7.572e-02	1.024e-02	7.318e-03	1.704e-02	9.501e-03	3.823e-03	1.251e-02	9.290e-03	6.491e-03	1.573e-02
3.350e+04	2.149e-02	1.062e-02	6.382e-02	2.809e-02	1.799e-02	4.829e-02	4.064e-02	1.497e-02	7.572e-02	9.802e-03	6.479e-03	1.704e-02	9.501e-03	3.823e-03	1.251e-02	9.290e-03	6.491e-03	1.573e-02
3.360e+04	2.149e-02	1.062e-02	6.382e-02	2.626e-02	1.799e-02	4.829e-02	4.064e-02	1.497e-02	7.572e-02	9.802e-03	6.479e-03	1.704e-02	9.501e-03	3.823e-03	1.251e-02	9.290e-03	6.491e-03	1.573e-02
3.370e+04	2.149e-02	1.062e-02	6.382e-02	2.626e-02	1.799e-02	4.829e-02	3.585e-02	1.497e-02	7.545e-02	9.802e-03	6.479e-03	1.704e-02	9.501e-03	3.823e-03	1.251e-02	8.670e-03	6.491e-03	1.483e-02
3.380e+04	2.149e-02	1.062e-02	6.382e-02	2.626e-02	1.799e-02	4.829e-02	3.585e-02	1.497e-02	7.545e-02	9.802e-03	6.479e-03	1.704e-02	9.501e-03	3.823e-03	1.217e-02	8.670e-03	6.491e-03	1.483e-02
3.390e+04	2.149e-02	1.062e-02	6.382e-02	2.626e-02	1.799e-02	4.829e-02	3.585e-02	1.497e-02	7.545e-02	9.802e-03	6.479e-03	1.704e-02	9.501e-03	3.823e-03	1.217e-02	8.670e-03	6.491e-03	1.483e-02
3.400e+04	2.149e-02	1.062e-02	6.382e-02	2.626e-02	1.799e-02	4.829e-02	3.585e-02	1.497e-02	7.545e-02	9.802e-03	6.479e-03	1.704e-02	7.955e-03	3.757e-03	1.159e-02	8.670e-03	6.491e-03	1.483e-02
3.410e+04	2.149e-02	1.062e-02	6.382e-02	2.626e-02	1.785e-02	4.829e-02	3.585e-02	1.497e-02	7.545e-02	9.802e-03	6.479e-03	1.704e-02	7.955e-03	3.757e-03	1.159e-02	8.670e-03	6.491e-03	1.483e-02
3.420e+04	2.149e-02	1.062e-02	6.382e-02	2.626e-02	1.785e-02	4.829e-02	3.585e-02	1.497e-02	7.545e-02	9.802e-03	6.479e-03	1.704e-02	7.955e-03	3.757e-03	1.159e-02	8.670e-03	6.491e-03	1.483e-02
3.430e+04	2.149e-02	1.062e-02	5.545e-02	2.536e-02	1.785e-02	4.439e-02	3.585e-02	1.497e-02	7.545e-02	9.802e-03	6.479e-03	1.704e-02	7.853e-03	3.757e-03	1.159e-02	8.670e-03	6.491e-03	1.483e-02
3.440e+04	1.719e-02	1.004e-02	4.700e-02	2.536e-02	1.785e-02	4.439e-02	3.585e-02	1.497e-02	7.545e-02	9.802e-03	6.479e-03	1.704e-02	7.853e-03	3.757e-03	1.159e-02	8.670e-03	6.491e-03	1.483e-02
3.450e+04	1.719e-02	1.004e-02	4.288e-02	2.536e-02	1.785e-02	4.439e-02	3.585e-02	1.497e-02	7.545e-02	9.802e-03	6.479e-03	1.635e-02	7.853e-03	3.757e-03	1.159e-02	8.670e-03	6.491e-03	1.483e-02
3.460e+04	1.719e-02	1.004e-02	4.288e-02	2.536e-02	1.613e-02	4.439e-02	3.585e-02	1.497e-02	7.545e-02	9.802e-03	6.479e-03	1.635e-02	7.853e-03	3.757e-03	1.159e-02	8.670e-03	6.491e-03	1.483e-02
3.470e+04	1.719e-02	1.004e-02	4.288e-02	2.536e-02	1.613e-02	4.439e-02	3.585e-02	1.497e-02	7.545e-02	9.802e-03	6.479e-03	1.635e-02	7.853e-03	3.757e-03	1.159e-02	8.670e-03	6.491e-03	1.483e-02
3.480e+04	1.719e-02	1.004e-02	4.288e-02	2.536e-02	1.613e-02	4.439e-02	3.585e-02	1.497e-02	7.545e-02	9.655e-03	6.479e-03	1.615e-02	7.853e-03	3.757e-03	1.159e-02	8.670e-03	6.491e-03	1.483e-02
3.490e+04	1.719e-02	1.004e-02	4.288e-02	2.536e-02	1.613e-02	4.439e-02	3.585e-02	1.497e-02	7.545e-02	8.962e-03	6.470e-03	1.357e-02	7.853e-03	3.757e-03	1.159e-02	8.670e-03	6.491e-03	1.483e-02
3.500e+04	1.719e-02	1.004e-02	4.288e-02	2.536e-02	1.613e-02	4.439e-02	3.585e-02	1.497e-02	7.545e-02	8.962e-03	6.470e-03	1.357e-02	7.853e-03	3.757e-03	1.159e-02	8.670e-03	6.491e-03	1.483e-02
3.510e+04	1.719e-02	1.004e-02	4.288e-02	2.536e-02	1.613e-02	4.439e-02	3.585e-02	1.497e-02	7.545e-02	8.334e-03	6.470e-03	1.333e-02	7.853e-03	3.757e-03	1.159e-02	8.670e-03	6.491e-03	1.350e-02
3.520e+04	1.719e-02	1.004e-02	4.288e-02	2.536e-02	1.613e-02	4.439e-02	3.585e-02	1.497e-02	7.545e-02	8.334e-03	6.470e-03	1.333e-02	7.853e-03	3.757e-03	1.159e-02	8.670e-03	6.491e-03	1.350e-02
3.530e+04	1.691e-02	1.004e-02	4.288e-02	2.536e-02	1.613e-02	4.439e-02	3.585e-02	1.497e-02	7.545e-02	8.334e-03	6.470e-03	1.333e-02	7.853e-03	3.757e-03	1.159e-02	8.670e-03	6.491e-03	1.350e-02
3.540e+04	1.691e-02	1.004e-02	4.288e-02	2.536e-02	1.613e-02	4.439e-02	3.585e-02	1.497e-02	7.545e-02	8.334e-03	6.470e-03	1.333e-02	7.853e-03	3.757e-03	1.159e-02	8.670e-03	6.491e-03	1.350e-02
3.550e+04	1.691e-02	1.004e-02	4.288e-02	2.536e-02	1.613e-02	4.439e-02	3.585e-02	1.497e-02	7.545e-02	8.334e-03	6.470e-03	1.333e-02	7.853e-03	3.757e-03	1.159e-02	8.670e-03	6.491e-03	1.308e-02
3.560e+04	1.691e-02	1.004e-02	4.288e-02	2.536e-02	1.613e-02	4.439e-02	3.585e-02	1.497e-02	7.545e-02	8.334e-03	6.470e-03	1.333e-02	7.853e-03	3.757e-03	1.159e-02	8.670e-03	6.491e-03	1.308e-02
3.570e+04	1.691e-02	8.502e-03	4.288e-02	2.536e-02	1.613e-02	4.439e-02	3.585e-02	1.497e-02	7.545e-02	8.334e-03	6.470e-03	1.333e-02	7.853e-03	3.757e-03	1.159e-02	8.670e-03	6.491e-03	1.308e-02
3.580e+04	1.691e-02	8.502e-03	4.288e-02	2.536e-02	1.613e-02	4.439e-02	3.585e-02	1.497e-02	7.545e-02	8.334e-03	6.470e-03	1.333e-02	7.853e-03	3.757e-03	1.159e-02	8.670e-03	6.491e-03	1.308e-02
3.590e+04	1.691e-02	8.502e-03	4.288e-02	2.536e-02	1.613e-02	4.439e-02	3.585e-02	1.497e-02	7.545e-02	8.334e-03	6.470e-03	1.333e-02	7.853e-03	3.757e-03	1.159e-02	8.670e-03	6.491e-03	1.308e-02
3.600e+04	1.691e-02	8.502e-03	4.288e-02	2.536e-02	1.613e-02	4.439e-02	3.585e-02	1.497e-02	7.545e-02	8.334e-03	6.470e-03	1.333e-02	7.853e-03	3.757e-03	1.159e-02	8.670e-03	6.491e-03	1.308e-02
3.610e+04	1.691e-02	8.502e-03	4.288e-02	2.536e-02	1.613e-02	4.439e-02	3.585e-02	1.497e-02	7.545e-02	8.334e-03	6.470e-03	1.333e-02	7.853e-03	3.757e-03	1.159e-02	8.670e-03	6.491e-03	1.308e-02
3.620e+04	1.691e-02	8.502e-03	4.288e-02	2.536e-02	1.613e-02	4.439e-02	3.585e-02	1.497e-02	7.545e-02	8.334e-03	6.470e-03	1.333e-02	7.853e-03	3.757e-03	1.159e-02	8.670e-03	6.491e-03	1.308e-02
3.630e+04	1.668e-02	7.872e-03	4.288e-02	2.536e-02	1.613e-02	4.439e-02	3.585e-02	1.497e-02	7.545e-02	8.334e-03	6.470e-03	1.333e-02	7.853e-03	3.757e-03	1.159e-02	8.670e-03	6.491e-03	1.308e-02
3.640e+04	1.668e-02	7.872e-03	4.288e-02	2.536e-02	1.613e-02	4.008e-02	3.585e-02	1.497e-02	7.545e-02	8.334e-03	6.470e-03	1.333e-02	7.853e-03	3.757e-03	1.159e-02	8.670e-03	6.491e-03	1.308e-02
3.650e+04	1.668e-02	7.872e-03	4.288e-02	2.536e-02	1.613e-02	4.008e-02	3.585e-02	1.497e-02	7.545e-02	8.334e-03	6.470e-03	1.333e-02	7.853e-03	3.757e-03	1.159e-02	8.670e-03	6.491e-03	1.308e-02
3.660e+04	1.668e-02	7.872e-03	4.288e-02	2.536e-02	1.613e-02	4.008e-02	3.449e-02	1.497e-02	7.545e-02	8.334e-03	6.470e-03	1.333e-02	7.853e-03	3.757e-03	1.159e-02	8.670e-03	6.491e-03	1.308e-02
3.670e+04	1.668e-02	7.872e-03	4.288e-02	2.536e-02	1.613e-02	4.008e-02	3.449e-02	1.497e-02	7.545e-02	8.334e-03	6.470e-03	1.333e-02	7.853e-03	3.757e-03	1.159e-02	8.670e-03	6.491e-03	1.308e-02
3.680e+04	1.668e-02	7.872e-03	4.288e-02	2.536e-02	1.613e-02	4.008e-02	3.440e-02	1.497e-02	7.545e-02	8.334e-03	6.470e-03	1.333e-02	7.853e-03	3.757e-03	1.159e-02	8.670e-03	6.491e-03	1.308e-02
3.690e+04	1.668e-02	7.872e-03	4.288e-02	2.536e-02	1.613e-02	4.008e-02	3.440e-02	1.497e-02	7.545e-02	7.947e-03	6.158e-03	1.333e-02	7.853e-03	3.757e-03	1.159e-02	8.670e-03	6.491e-03	1.308e-02
3.700e+04	1.668e-02	7.872e-03	4.288e-02	2.536e-02	1.613e-02	4.008e-02	3.440e-02	1.497e-02	7.545e-02	7.947e-03	6.158e-03	1.333e-02	7.853e-03	3.757e-03	1.159e-02	8.670e-03	6.491e-03	1.308e-02
3.710e+04	1.668e-02	7.872e-03	4.288e-02	2.536e-02	1.613e-02	4.008e-02	3.440e-02	1.497e-02	7.545e-02	7.887e-03	6.158e-03	1.333e-02	7.853e-03	3.757e-03	1.159e-02	8.670e-03	6.491e-03	1.308e-02
3.720e+04	1.668e-02	7.872e-03	4.288e-02	2.536e-02	1.613e-02	4.008e-02	3.440e-02	1.497e-02	7.545e-02	7.814e-03	5.664e-03	1.333e-02	7.853e-03	3.757e-03	1.159e-02	8.670e-03	6.491e-03	1.308e-02
3.730e+04	1.668e-02	7.872e-03	4.288e-02	2.536e-02	1.613e-02	4.008e-02	3.440e-02	1.497e-02	7.545e-02	7.814e-03	5.664e-03	1.333e-02	7.853e-03	3.757e-03	1.159e-02	8.670e-03	6.491e-03	1.308e-02
3.740e+04	1.668e-02	7.872e-03	4.288e-02	2.404e-02	1.248e-02	3.664e-02	3.180e-02	1.497e-02	7.545e-02	7.814e-03	5.664e-03	1.333e-02	7.853e-03	3.757e-03	1.155e-02	8.670e-03	6.491e-03	1.294e-02
3.750e+04	1.668e-02	7.872e-03	4.288e-02	2.404e-02	1.248e-02	3.664e-02	3.180e-02	1.497e-02	7.294e-02	7.814e-03	5.664e-03	1.333e-02	7.853e-03	3.757e-03	1.155e-02	8.624e-03	5.517e-03	1.294e-02
3.760e+04	1.668e-02	7.872e-03	4.288e-02	2.404e-02	1.248e-02	3.664e-02	3.180e-02	1.497e-02	7.294e-02	7.814e-03	5.664e-03	1.333e-02	7.853e-03	3.757e-03	1.155e-02	8.624e-03	5.517e-03	1.294e-02
3.770e+04	1.668e-02	7.872e-03	4.288e-02	2.404e-02	1.248e-02	3.664e-02	3.180e-02	1.497e-02	7.294e-02	7.814e-03	5.664e-03	1.333e-02	7.853e-03	3.757e-03	1.155e-02	8.624e-03	5.517e-03	1.294e-02
3.780e+04	1.668e-02	7.452e-03	4.201e-02	2.319e-02	1.035e-02	3.307e-02	3.180e-02	1.497e-02	7.294e-02	7.814e-03	5.664e-03	1.333e-02	7.853e-03	3.757e-03	1.155e-02	8.624e-03	5.517e-03	1.294e-02
3.790e+04	1.668e-02	7.452e-03	4.201e-02	2.319e-02	1.035e-02	3.307e-02	2.916e-02	1.497e-02	7.294e-02	7.814e-03	5.664e-03	1.333e-02	7.853e-03	3.757e-03	1.155e-02	8.624e-03	5.517e-03	1.294e-02
3.800e+04	1.668e-02	7.452e-03	4.201e-02	2.319e-02	1.035e-02	3.307e-02	2.916e-02	1.497e-02	7.294e-02	7.814e-03	5.664e-03	1.333e-02	7.853e-03	3.757e-03	1.155e-02	8.624e-03	5.517e-03	1.294e-02
3.810e+04	1.668e-02	7.452e-03	4.201e-02	2.319e-02	1.035e-02	3.307e-02	2.916e-02	1.497e-02	7.294e-02	7.814e-03	5.664e-03	1.333e-02	7.853e-03	3.757e-03	1.155e-02	8.624e-03	5.517e-03	1.294e-02
3.820e+04	1.668e-02	7.452e-03	4.201e-02	2.319e-02	1.035e-02	3.307e-02	2.916e-02	1.497e-02	7.294e-02	7.814e-03	5.664e-03	1.333e-02	7.853e-03	3.757e-03	1.155e-02	8.624e-03	5.517e-03	1.294e-02
3.830e+04	1.668e-02	7.452e-03	3.914e-02	2.319e-02	1.035e-02	3.307e-02	2.916e-02	1.497e-02	7.294e-02	7.814e-03	5.664e-03	1.333e-02	7.853e-03	3.757e-03	1.155e-02	8.624e-03	5.517e-03	1.294e-02
3.840e+04	1.668e-02	7.452e-03	3.914e-02	2.319e-02	9.750e-03	3.307e-02	2.916e-02	1.497e-02	7.294e-02	7.814e-03	5.664e-03	1.333e-02	7.853e-03	3.757e-03	1.155e-02	8.624e-03	5.517e-03	1.294e-02
3.850e+04	1.668e-02	7.452e-03	3.914e-02	2.319e-02	9.750e-03	3.307e-02	2.779e-02	1.334e-02	7.294e-02	7.814e-03	5.664e-03	1.333e-02	7.853e-03	3.757e-03	1.155e-02	8.624e-03	5.517e-03	1.294e-02
3.860e+04	1.668e-02	7.452e-03	3.914e-02	2.319e-02	9.750e-03	3.307e-02	2.779e-02	1.334e-02	7.294e-02	7.814e-03	5.664e-03	1.333e-02	7.853e-03	3.757e-03	1.155e-02	8.624e-03	5.517e-03	1.294e-02
3.870e+04	1.668e-02	7.452e-03	3.914e-02	2.319e-02	9.750e-03	3.307e-02	2.779e-02	1.334e-02	7.294e-02	7.814e-03	5.664e-03	1.333e-02	7.853e-03	3.757e-03	1.155e-02	8.624e-03	5.517e-03	1.294e-02
3.880e+04	1.668e-02	7.452e-03	3.914e-02	2.319e-02	9.750e-03	3.307e-02	2.779e-02	1.334e-02	7.294e-02	7.814e-03	5.664e-03	1.333e-02	7.853e-03	3.757e-03	1.155e-02	8.624e-03	5.517e-03	1.294e-02
3.890e+04	1.668e-02	7.452e-03	3.914e-02	2.319e-02	9.750e-03	3.307e-02	2.779e-02	1.334e-02	7.294e-02	7.814e-03	5.664e-03	1.333e-02	7.853e-03	3.757e-03	1.155e-02	8.624e-03	5.517e-03	1.294e-02
3.900e+04	1.668e-02	7.452e-03	3.914e-02	2.319e-02	9.750e-03	3.307e-02	2.779e-02	1.334e-02	5.439e-02	7.814e-03	5.664e-03	1.333e-02	7.853e-03	3.757e-03	1.155e-02	8.624e-03	5.517e-03	1.294e-02
3.910e+04	1.668e-02	7.452e-03	3.914e-02	2.319e-02	9.750e-03	3.307e-02	2.186e-02	1.334e-02	5.439e-02	7.814e-03	5.664e-03	1.333e-02	7.853e-03	3.757e-03	1.155e-02	8.624e-03	5.517e-03	1.294e-02
3.920e+04	1.668e-02	7.452e-03	3.914e-02	2.319e-02	9.750e-03	3.307e-02	2.186e-02	1.334e-02	5.439e-02	7.814e-03	5.664e-03	1.333e-02	7.853e-03	3.757e-03	1.155e-02	8.624e-03	5.517e-03	1.294e-02
3.930e+04	1.668e-02	7.452e-03	3.914e-02	2.319e-02	9.750e-03	3.307e-02	2.186e-02	1.334e-02	5.439e-02	7.346e-03	5.664e-03	1.213e-02	7.853e-03	3.757e-03	1.155e-02	8.616e-03	5.344e-03	1.249e-02
3.940e+04	1.668e-02	7.452e-03	3.914e-02	2.319e-02	9.750e-03	3.307e-02	2.186e-02	1.334e-02	5.439e-02	7.346e-03	5.664e-03	1.213e-02	7.853e-03	3.757e-03	1.155e-02	8.616e-03	5.344e-03	1.249e-02
3.950e+04	1.563e-02	7.452e-03	3.914e-02	2.319e-02	9.750e-03	3.307e-02	2.186e-02	1.061e-02	5.439e-02	7.346e-03	5.664e-03	1.213e-02	7.853e-03	3.757e-03	1.155e-02	8.616e-03	5.344e-03	1.249e-02
3.960e+04	1.563e-02	7.452e-03	3.914e-02	2.319e-02	9.750e-03	3.307e-02	2.186e-02	1.061e-02	5.439e-02	7.346e-03	5.664e-03	1.213e-02	7.853e-03	3.757e-03	1.155e-02	8.616e-03	5.344e-03	1.249e-02
3.970e+04	1.563e-02	7.452e-03	3.864e-02	2.319e-02	9.750e-03	3.307e-02	2.186e-02	1.061e-02	5.439e-02	7.346e-03	5.664e-03	1.213e-02	7.853e-03	3.757e-03	1.155e-02	8.616e-03	5.344e-03	1.249e-02
3.980e+04	1.563e-02	7.452e-03	3.864e-02	2.319e-02	9.750e-03	3.307e-02	2.186e-02	1.061e-02	5.439e-02	7.346e-03	5.664e-03	1.213e-02	7.853e-03	3.757e-03	1.155e-02	8.616e-03	5.344e-03	1.249e-02
3.990e+04	1.563e-02	7.452e-03	3.864e-02	2.319e-02	9.750e-03	3.307e-02	2.186e-02	1.061e-02	5.439e-02	7.321e-03	5.293e-03	1.213e-02	7.853e-03	3.757e-03	1.155e-02	8.616e-03	5.344e-03	1.249e-02
4.000e+04	1.563e-02	7.452e-03	3.864e-02	2.319e-02	9.750e-03	3.307e-02	2.186e-02	1.061e-02	5.439e-02	7.321e-03	5.293e-03	1.213e-02	7.853e-03	3.757e-03	1.155e-02	8.616e-03	5.344e-03	1.249e-02
4.010e+04	1.563e-02	7.452e-03	3.864e-02	2.319e-02	9.750e-03	3.307e-02	2.186e-02	1.061e-02	5.439e-02	7.321e-03	5.293e-03	1.213e-02	7.853e-03	3.757e-03	1.155e-02	8.616e-03	5.344e-03	1.249e-02
4.020e+04	1.563e-02	7.452e-03	3.864e-02	2.319e-02	9.750e-03	3.307e-02	2.186e-02	1.061e-02	5.439e-02	7.321e-03	5.293e-03	1.213e-02	7.853e-03	3.757e-03	1.155e-02	8.616e-03	5.344e-03	1.249e-02
4.030e+04	1.563e-02	7.452e-03	3.864e-02	2.319e-02	9.750e-03	3.307e-02	2.186e-02	7.495e-03	5.439e-02	7.321e-03	5.293e-03	1.213e-02	7.853e-03	3.757e-03	1.155e-02	8.616e-03	5.344e-03	1.249e-02
4.040e+04	1.563e-02	7.452e-03	3.864e-02	2.319e-02	9.750e-03	3.307e-02	2.186e-02	7.495e-03	5.439e-02	7.321e-03	5.293e-03	1.213e-02	7.853e-03	3.757e-03	1.155e-02	8.616e-03	5.344e-03	1.249e-02
4.050e+04	1.563e-02	7.452e-03	3.864e-02	2.319e-02	9.750e-03	3.307e-02	2.186e-02	7.495e-03	5.439e-02	7.321e-03	5.293e-03	1.213e-02	7.853e-03	3.757e-03	1.155e-02	8.616e-03	5.344e-03	1.249e-02
4.060e+04	1.563e-02	7.452e-03	3.864e-02	2.319e-02	9.750e-03	3.307e-02	2.186e-02	7.495e-03	5.439e-02	7.321e-03	5.293e-03	1.213e-02	7.853e-03	3.757e-03	1.155e-02	8.616e-03	5.344e-03	1.170e-02
4.070e+04	1.563e-02	7.452e-03	3.864e-02	2.319e-02	9.750e-03	3.079e-02	2.186e-02	7.495e-03	5.439e-02	7.321e-03	5.293e-03	1.213e-02	7.853e-03	3.757e-03	1.155e-02	8.616e-03	5.344e-03	1.170e-02
4.080e+04	1.563e-02	6.991e-03	3.864e-02	2.319e-02	9.750e-03	3.079e-02	2.186e-02	7.495e-03	5.439e-02	7.321e-03	5.293e-03	1.213e-02	7.853e-03	3.757e-03	1.155e-02	8.616e-03	5.344e-03	1.170e-02
4.090e+04	1.563e-02	6.991e-03	3.864e-02	2.319e-02	9.750e-03	3.079e-02	2.186e-02	7.495e-03	5.439e-02	7.321e-03	5.292e-03	1.213e-02	7.853e-03	3.757e-03	1.155e-02	8.616e-03	5.344e-03	1.170e-02
4.100e+04	1.529e-02	6.991e-03	3.864e-02	2.319e-02	9.750e-03	3.079e-02	2.186e-02	7.495e-03	5.439e-02	7.321e-03	5.292e-03	1.213e-02	7.853e-03	3.757e-03	1.155e-02	8.616e-03	5.344e-03	1.170e-02
4.110e+04	1.529e-02	6.991e-03	3.864e-02	2.319e-02	9.750e-03	3.079e-02	2.186e-02	7.495e-03	5.439e-02	7.321e-03	5.292e-03	1.213e-02	7.853e-03	3.757e-03	1.155e-02	8.616e-03	5.344e-03	1.170e-02
4.120e+04	1.529e-02	6.991e-03	3.864e-02	2.319e-02	9.750e-03	3.079e-02	2.186e-02	7.495e-03	5.439e-02	7.321e-03	5.292e-03	1.213e-02	7.853e-03	3.757e-03	1.155e-02	8.616e-03	5.344e-03	1.170e-02
4.130e+04	1.529e-02	6.991e-03	3.864e-02	2.080e-02	9.750e-03	3.079e-02	2.186e-02	7.495e-03	5.439e-02	7.321e-03	5.292e-03	1.213e-02	7.853e-03	3.757e-03	1.155e-02	8.616e-03	5.344e-03	1.170e-02
4.140e+04	1.529e-02	6.991e-03	3.864e-02	2.080e-02	9.750e-03	3.079e-02	2.186e-02	7.495e-03	5.439e-02	7.321e-03	5.292e-03	1.213e-02	7.853e-03	3.757e-03	1.155e-02	8.616e-03	5.344e-03	1.170e-02
4.150e+04	1.529e-02	6.991e-03	3.864e-02	2.080e-02	9.750e-03	3.079e-02	2.186e-02	7.495e-03	5.439e-02	7.321e-03	5.292e-03	1.213e-02	7.853e-03	3.757e-03	1.155e-02	8.616e-03	5.344e-03	1.170e-02
4.160e+04	1.529e-02	6.991e-03	3.864e-02	2.080e-02	9.750e-03	3.079e-02	2.186e-02	7.495e-03	5.439e-02	7.321e-03	5.292e-03	1.213e-02	7.853e-03	3.757e-03	1.155e-02	7.580e-03	5.344e-03	9.617e-03
4.170e+04	1.529e-02	6.991e-03	3.864e-02	2.080e-02	9.750e-03	3.079e-02	2.186e-02	7.495e-03	5.439e-02	7.321e-03	5.292e-03	1.213e-02	7.853e-03	3.757e-03	1.155e-02	7.580e-03	5.344e-03	9.617e-03
4.180e+04	1.529e-02	6.835e-03	3.864e-02	2.080e-02	9.750e-03	3.079e-02	2.186e-02	7.495e-03	5.439e-02	7.321e-03	5.292e-03	1.213e-02	7.853e-03	3.757e-03	1.155e-02	7.580e-03	5.344e-03	9.617e-03
4.190e+04	1.529e-02	6.835e-03	3.864e-02	2.080e-02	9.750e-03	3.079e-02	2.111e-02	7.495e-03	4.339e-02	7.321e-03	5.292e-03	1.213e-02	7.853e-03	3.757e-03	1.155e-02	7.580e-03	5.344e-03	9.617e-03
4.200e+04	1.529e-02	6.835e-03	3.864e-02	2.080e-02	9.750e-03	3.079e-02	2.111e-02	7.495e-03	4.339e-02	7.321e-03	5.292e-03	1.213e-02	7.853e-03	3.757e-03	1.155e-02	7.580e-03	5.344e-03	9.617e-03
4.210e+04	1.529e-02	6.835e-03	3.864e-02	2.080e-02	9.750e-03	3.079e-02	2.111e-02	7.495e-03	4.339e-02	7.321e-03	5.292e-03	1.213e-02	7.853e-03	3.757e-03	1.155e-02	7.580e-03	5.344e-03	9.617e-03
4.220e+04	1.529e-02	6.835e-03	3.864e-02	2.080e-02	9.750e-03	3.079e-02	2.111e-02	7.495e-03	4.339e-02	7.321e-03	5.292e-03	1.213e-02	7.853e-03	3.757e-03	1.155e-02	7.580e-03	5.344e-03	9.617e-03
4.230e+04	1.529e-02	6.835e-03	3.244e-02	2.080e-02	9.750e-03	3.079e-02	2.111e-02	7.495e-03	4.339e-02	7.321e-03	5.292e-03	1.213e-02	7.853e-03	3.757e-03	1.155e-02	7.580e-03	5.344e-03	9.617e-03
4.240e+04	1.529e-02	6.835e-03	3.244e-02	2.080e-02	9.750e-03	3.079e-02	2.111e-02	7.495e-03	4.339e-02	7.321e-03	5.292e-03	1.213e-02	7.853e-03	3.757e-03	1.155e-02	7.580e-03	5.344e-03	9.617e-03
4.250e+04	1.529e-02	6.835e-03	3.244e-02	2.080e-02	9.750e-03	3.003e-02	2.111e-02	7.495e-03	4.339e-02	7.321e-03	5.292e-03	1.213e-02	7.853e-03	3.757e-03	1.155e-02	7.580e-03	5.344e-03	9.617e-03
4.260e+04	1.529e-02	6.835e-03	3.244e-02	2.080e-02	9.750e-03	3.003e-02	2.111e-02	7.495e-03	4.339e-02	7.321e-03	5.292e-03	1.213e-02	7.853e-03	3.757e-03	1.155e-02	7.580e-03	5.344e-03	9.617e-03
4.270e+04	1.529e-02	6.835e-03	3.244e-02	2.080e-02	9.750e-03	3.003e-02	2.111e-02	7.495e-03	4.339e-02	7.321e-03	5.292e-03	1.213e-02	7.853e-03	3.757e-03	1.155e-02	7.580e-03	5.344e-03	9.617e-03
4.280e+04	1.529e-02	6.835e-03	2.731e-02	2.080e-02	9.750e-03	2.901e-02	2.111e-02	7.495e-03	4.339e-02	7.321e-03	5.292e-03	1.213e-02	7.853e-03	3.757e-03	1.155e-02	7.580e-03	5.344e-03	9.617e-03
4.290e+04	1.529e-02	6.835e-03	2.731e-02	2.080e-02	9.750e-03	2.626e-02	2.111e-02	7.495e-03	4.339e-02	7.318e-03	5.163e-03	1.213e-02	7.853e-03	3.757e-03	1.155e-02	7.580e-03	5.344e-03	9.617e-03
4.300e+04	1.529e-02	6.835e-03	2.731e-02	2.080e-02	9.750e-03	2.626e-02	2.111e-02	7.495e-03	4.339e-02	7.318e-03	5.163e-03	1.213e-02	7.853e-03	3.757e-03	1.155e-02	7.580e-03	5.344e-03	9.617e-03
4.310e+04	1.526e-02	6.835e-03	2.731e-02	2.080e-02	9.750e-03	2.626e-02	2.111e-02	7.495e-03	4.339e-02	6.978e-03	5.163e-03	1.067e-02	7.853e-03	3.757e-03	1.155e-02	7.580e-03	5.344e-03	9.617e-03
4.320e+04	1.526e-02	6.835e-03	2.731e-02	2.080e-02	9.750e-03	2.626e-02	2.111e-02	7.495e-03	4.339e-02	6.978e-03	5.163e-03	1.067e-02	7.853e-03	3.757e-03	1.155e-02	7.580e-03	5.344e-03	9.617e-03
4.330e+04	1.526e-02	6.835e-03	2.731e-02	2.007e-02	8.880e-03	2.536e-02	2.111e-02	7.495e-03	4.339e-02	6.978e-03	5.163e-03	1.067e-02	7.853e-03	3.757e-03	1.155e-02	7.580e-03	5.344e-03	9.617e-03
4.340e+04	1.526e-02	6.835e-03	2.731e-02	2.007e-02	8.880e-03	2.536e-02	2.111e-02	7.412e-03	4.339e-02	6.978e-03	5.163e-03	1.067e-02	7.853e-03	3.757e-03	1.155e-02	7.580e-03	5.344e-03	9.617e-03
4.350e+04	1.526e-02	6.835e-03	2.731e-02	2.007e-02	8.880e-03	2.536e-02	2.111e-02	7.412e-03	4.339e-02	6.978e-03	5.163e-03	1.067e-02	7.853e-03	3.757e-03	1.155e-02	7.580e-03	5.344e-03	9.617e-03
4.360e+04	1.526e-02	6.835e-03	2.396e-02	2.007e-02	8.880e-03	2.536e-02	2.111e-02	7.412e-03	4.339e-02	6.978e-03	5.163e-03	1.067e-02	7.853e-03	3.757e-03	1.155e-02	7.580e-03	5.344e-03	9.617e-03
4.370e+04	1.526e-02	6.835e-03	2.396e-02	2.007e-02	8.880e-03	2.536e-02	2.111e-02	7.412e-03	4.339e-02	6.978e-03	5.163e-03	1.067e-02	7.853e-03	3.757e-03	1.155e-02	7.580e-03	5.344e-03	9.617e-03
4.380e+04	1.526e-02	6.835e-03	2.396e-02	2.007e-02	8.880e-03	2.536e-02	2.111e-02	7.412e-03	4.339e-02	6.978e-03	5.163e-03	1.067e-02	7.853e-03	3.757e-03	1.155e-02	7.580e-03	5.344e-03	9.617e-03
4.390e+04	1.526e-02	6.835e-03	2.396e-02	2.007e-02	8.880e-03	2.536e-02	2.111e-02	7.412e-03	4.339e-02	6.978e-03	5.163e-03	1.067e-02	7.853e-03	3.757e-03	1.155e-02	7.580e-03	5.344e-03	9.617e-03
4.400e+04	1.526e-02	6.835e-03	2.396e-02	1.915e-02	8.842e-03	2.536e-02	2.111e-02	7.412e-03	4.339e-02	6.978e-03	5.163e-03	1.067e-02	7.853e-03	3.757e-03	1.155e-02	7.580e-03	5.344e-03	9.617e-03
4.410e+04	1.526e-02	6.835e-03	2.396e-02	1.915e-02	8.842e-03	2.536e-02	2.111e-02	7.412e-03	4.339e-02	6.795e-03	4.753e-03	8.962e-03	7.853e-03	3.757e-03	1.155e-02	7.580e-03	5.344e-03	9.617e-03
4.420e+04	1.526e-02	6.835e-03	2.396e-02	1.915e-02	8.740e-03	2.536e-02	2.111e-02	7.412e-03	4.339e-02	6.795e-03	4.753e-03	8.962e-03	7.853e-03	3.757e-03	1.155e-02	7.580e-03	5.344e-03	9.617e-03
4.430e+04	1.526e-02	6.835e-03	2.396e-02	1.915e-02	8.740e-03	2.536e-02	2.111e-02	7.412e-03	4.339e-02	6.795e-03	4.753e-03	8.962e-03	7.853e-03	3.757e-03	1.155e-02	7.580e-03	5.344e-03	9.617e-03
4.440e+04	1.526e-02	6.835e-03	2.396e-02	1.915e-02	8.740e-03	2.536e-02	2.111e-02	7.412e-03	4.339e-02	6.795e-03	4.753e-03	8.962e-03	7.853e-03	3.757e-03	1.155e-02	7.580e-03	5.344e-03	9.617e-03
4.450e+04	1.526e-02	6.835e-03	2.396e-02	1.915e-02	8.740e-03	2.536e-02	2.111e-02	7.412e-03	4.339e-02	6.795e-03	4.753e-03	8.962e-03	7.853e-03	3.757e-03	1.155e-02	7.580e-03	5.344e-03	9.617e-03
4.460e+04	1.526e-02	6.835e-03	2.396e-02	1.915e-02	8.740e-03	2.536e-02	2.111e-02	7.412e-03	4.339e-02	6.795e-03	4.753e-03	8.962e-03	7.853e-03	3.757e-03	1.155e-02	7.580e-03	5.344e-03	9.617e-03
4.470e+04	1.526e-02	6.835e-03	2.396e-02	1.915e-02	8.740e-03	2.536e-02	2.111e-02	7.412e-03	4.339e-02	6.795e-03	4.753e-03	8.962e-03	7.853e-03	3.757e-03	1.155e-02	7.580e-03	5.344e-03	9.617e-03
4.480e+04	1.526e-02	6.835e-03	2.396e-02	1.915e-02	8.740e-03	2.536e-02	2.111e-02	7.412e-03	4.339e-02	6.795e-03	4.753e-03	8.962e-03	7.853e-03	3.757e-03	1.155e-02	7.580e-03	5.344e-03	9.617e-03
4.490e+04	1.526e-02	6.835e-03	2.396e-02	1.915e-02	8.740e-03	2.536e-02	2.111e-02	7.412e-03	4.339e-02	6.795e-03	4.753e-03	8.962e-03	7.853e-03	2.811e-03	1.155e-02	7.580e-03	5.344e-03	9.617e-03
4.500e+04	1.526e-02	6.835e-03	2.396e-02	1.915e-02	8.740e-03	2.536e-02	2.111e-02	7.412e-03	4.088e-02	6.795e-03	4.753e-03	8.962e-03	7.853e-03	2.811e-03	1.155e-02	7.580e-03	5.344e-03	9.617e-03
4.510e+04	1.526e-02	6.835e-03	2.396e-02	1.915e-02	8.740e-03	2.536e-02	2.111e-02	7.412e-03	4.088e-02	6.795e-03	4.753e-03	8.962e-03	7.225e-03	2.811e-03	9.778e-03	7.580e-03	5.344e-03	9.617e-03
4.520e+04	1.526e-02	5.652e-03	2.396e-02	1.915e-02	8.740e-03	2.536e-02	2.111e-02	7.412e-03	4.088e-02	6.795e-03	4.753e-03	8.962e-03	7.225e-03	2.811e-03	9.778e-03	7.580e-03	5.344e-03	9.617e-03
4.530e+04	1.526e-02	5.652e-03	2.396e-02	1.915e-02	8.740e-03	2.536e-02	2.111e-02	7.412e-03	4.088e-02	6.795e-03	4.753e-03	8.962e-03	7.225e-03	2.811e-03	9.778e-03	7.580e-03	5.344e-03	9.617e-03
4.540e+04	1.526e-02	5.652e-03	2.396e-02	1.915e-02	8.740e-03	2.536e-02	2.111e-02	7.412e-03	4.088e-02	6.795e-03	4.753e-03	8.962e-03	7.225e-03	2.811e-03	9.778e-03	7.580e-03	5.344e-03	9.617e-03
4.550e+04	1.526e-02	5.652e-03	2.396e-02	1.785e-02	8.740e-03	2.536e-02	2.087e-02	7.412e-03	3.795e-02	6.795e-03	4.753e-03	8.962e-03	7.225e-03	2.811e-03	9.778e-03	7.580e-03	5.344e-03	9.617e-03
4.560e+04	1.526e-02	5.652e-03	2.396e-02	1.785e-02	8.740e-03	2.536e-02	2.087e-02	7.412e-03	3.795e-02	6.795e-03	4.753e-03	8.962e-03	7.225e-03	2.811e-03	9.778e-03	7.580e-03	5.344e-03	9.617e-03
4.570e+04	1.526e-02	5.652e-03	2.396e-02	1.785e-02	8.740e-03	2.536e-02	2.087e-02	7.412e-03	3.795e-02	6.795e-03	4.753e-03	8.962e-03	7.225e-03	2.811e-03	9.778e-03	7.580e-03	5.344e-03	9.617e-03
4.580e+04	1.526e-02	5.652e-03	2.396e-02	1.785e-02	7.939e-03	2.536e-02	2.000e-02	7.412e-03	3.795e-02	6.795e-03	4.753e-03	8.962e-03	7.225e-03	2.811e-03	9.778e-03	7.580e-03	5.344e-03	9.617e-03
4.590e+04	1.526e-02	5.652e-03	2.396e-02	1.785e-02	7.939e-03	2.536e-02	2.000e-02	7.412e-03	3.795e-02	6.795e-03	4.753e-03	8.962e-03	7.225e-03	2.811e-03	9.778e-03	7.580e-03	5.344e-03	9.617e-03
4.600e+04	1.526e-02	5.652e-03	2.396e-02	1.785e-02	7.939e-03	2.536e-02	2.000e-02	7.412e-03	3.795e-02	6.795e-03	4.753e-03	8.962e-03	7.225e-03	2.811e-03	9.778e-03	7.580e-03	5.344e-03	9.617e-03
4.610e+04	1.431e-02	5.652e-03	2.353e-02	1.785e-02	7.939e-03	2.536e-02	2.000e-02	7.412e-03	3.795e-02	6.795e-03	4.753e-03	8.962e-03	7.225e-03	2.811e-03	9.778e-03	7.580e-03	5.344e-03	9.617e-03
4.620e+04	1.431e-02	5.652e-03	2.353e-02	1.785e-02	7.939e-03	2.536e-02	2.000e-02	7.412e-03	3.795e-02	6.795e-03	4.753e-03	8.962e-03	7.225e-03	2.811e-03	9.778e-03	7.580e-03	5.344e-03	9.617e-03
4.630e+04	1.431e-02	5.652e-03	2.353e-02	1.785e-02	7.939e-03	2.536e-02	2.000e-02	7.412e-03	3.795e-02	6.795e-03	4.753e-03	8.962e-03	7.225e-03	2.811e-03	9.778e-03	7.580e-03	5.344e-03	9.617e-03
4.640e+04	1.431e-02	5.652e-03	2.353e-02	1.785e-02	7.939e-03	2.536e-02	2.000e-02	7.412e-03	3.795e-02	6.795e-03	4.753e-03	8.962e-03	7.225e-03	2.811e-03	9.778e-03	7.580e-03	5.344e-03	9.617e-03
4.650e+04	1.431e-02	5.652e-03	2.353e-02	1.785e-02	7.939e-03	2.536e-02	1.692e-02	7.412e-03	3.795e-02	6.795e-03	4.753e-03	8.962e-03	7.225e-03	2.811e-03	9.778e-03	7.580e-03	4.977e-03	9.617e-03
4.660e+04	1.431e-02	5.652e-03	2.353e-02	1.785e-02	7.939e-03	2.536e-02	1.692e-02	7.412e-03	3.795e-02	6.795e-03	4.753e-03	8.962e-03	7.225e-03	2.811e-03	9.778e-03	7.580e-03	4.977e-03	9.617e-03
4.670e+04	1.431e-02	5.652e-03	2.353e-02	1.785e-02	7.939e-03	2.536e-02	1.692e-02	7.412e-03	3.795e-02	6.795e-03	4.753e-03	8.962e-03	7.225e-03	2.811e-03	9.778e-03	7.580e-03	4.977e-03	9.617e-03
4.680e+04	1.431e-02	5.652e-03	2.353e-02	1.785e-02	7.939e-03	2.536e-02	1.692e-02	7.197e-03	3.795e-02	6.795e-03	4.753e-03	8.962e-03	7.225e-03	2.811e-03	9.778e-03	7.580e-03	4.977e-03	9.617e-03
4.690e+04	1.431e-02	5.652e-03	2.353e-02	1.785e-02	7.939e-03	2.536e-02	1.692e-02	7.197e-03	3.795e-02	6.795e-03	4.753e-03	8.962e-03	7.225e-03	2.811e-03	9.778e-03	7.580e-03	4.977e-03	9.617e-03
4.700e+04	1.089e-02	5.557e-03	2.353e-02	1.785e-02	7.939e-03	2.536e-02	1.692e-02	7.197e-03	3.795e-02	6.795e-03	4.753e-03	8.907e-03	7.225e-03	2.811e-03	9.778e-03	7.580e-03	4.977e-03	9.617e-03
4.710e+04	1.089e-02	5.557e-03	2.353e-02	1.785e-02	7.939e-03	2.536e-02	1.692e-02	7.197e-03	3.795e-02	6.795e-03	4.753e-03	8.907e-03	7.225e-03	2.811e-03	9.778e-03	7.580e-03	4.977e-03	9.617e-03
4.720e+04	1.089e-02	5.557e-03	2.353e-02	1.785e-02	7.939e-03	2.536e-02	1.692e-02	7.197e-03	3.795e-02	6.795e-03	4.753e-03	8.907e-03	7.225e-03	2.811e-03	9.778e-03	7.580e-03	4.977e-03	9.617e-03
4.730e+04	1.089e-02	5.557e-03	2.353e-02	1.785e-02	7.939e-03	2.536e-02	1.692e-02	7.197e-03	3.795e-02	6.795e-03	4.753e-03	8.907e-03	7.225e-03	2.811e-03	9.778e-03	7.580e-03	4.977e-03	9.617e-03
4.740e+04	1.089e-02	5.557e-03	2.353e-02	1.785e-02	7.939e-03	2.536e-02	1.692e-02	7.197e-03	3.795e-02	6.795e-03	4.753e-03	8.907e-03	7.225e-03	2.811e-03	9.778e-03	7.580e-03	4.977e-03	9.617e-03
4.750e+04	1.089e-02	5.557e-03	2.353e-02	1.785e-02	7.939e-03	2.536e-02	1.692e-02	7.197e-03	3.795e-02	6.795e-03	4.753e-03	8.907e-03	7.225e-03	2.811e-03	9.778e-03	7.580e-03	4.977e-03	9.617e-03
4.760e+04	8.971e-03	4.880e-03	2.353e-02	1.785e-02	7.939e-03	2.536e-02	1.692e-02	7.197e-03	3.795e-02	6.795e-03	4.753e-03	8.907e-03	7.225e-03	2.811e-03	9.778e-03	7.580e-03	4.977e-03	9.617e-03
4.770e+04	8.971e-03	4.880e-03	2.353e-02	1.785e-02	7.939e-03	2.536e-02	1.692e-02	7.197e-03	3.795e-02	6.795e-03	4.753e-03	8.907e-03	7.225e-03	2.811e-03	9.778e-03	7.580e-03	4.977e-03	9.617e-03
4.780e+04	8.971e-03	4.880e-03	2.353e-02	1.785e-02	7.939e-03	2.536e-02	1.692e-02	7.197e-03	3.795e-02	6.795e-03	4.753e-03	8.907e-03	7.225e-03	2.811e-03	9.778e-03	7.580e-03	4.977e-03	9.617e-03
4.790e+04	8.971e-03	4.880e-03	2.353e-02	1.785e-02	7.939e-03	2.536e-02	1.692e-02	7.197e-03	3.795e-02	6.795e-03	4.753e-03	8.907e-03	7.225e-03	2.811e-03	9.778e-03	7.580e-03	4.977e-03	9.617e-03
4.800e+04	8.971e-03	4.880e-03	2.353e-02	1.785e-02	7.939e-03	2.536e-02	1.692e-02	7.197e-03	3.795e-02	6.795e-03	4.753e-03	8.907e-03	7.225e-03	2.811e-03	9.778e-03	7.580e-03	4.977e-03	9.617e-03
4.810e+04	8.971e-03	4.880e-03	2.353e-02	1.785e-02	7.939e-03	2.536e-02	1.692e-02	7.197e-03	3.795e-02	6.795e-03	4.753e-03	8.907e-03	7.225e-03	2.811e-03	9.778e-03	7.580e-03	4.977e-03	9.617e-03
4.820e+04	8.971e-03	4.880e-03	2.353e-02	1.785e-02	7.939e-03	2.536e-02	1.692e-02	7.197e-03	3.795e-02	6.795e-03	4.753e-03	8.907e-03	7.225e-03	2.811e-03	9.778e-03	7.580e-03	4.977e-03	9.617e-03
4.830e+04	8.971e-03	4.880e-03	2.353e-02	1.785e-02	7.939e-03	2.536e-02	1.692e-02	5.636e-03	3.795e-02	6.795e-03	4.753e-03	8.907e-03	7.225e-03	2.811e-03	9.778e-03	7.580e-03	4.977e-03	9.617e-03
4.840e+04	8.971e-03	4.880e-03	2.353e-02	1.785e-02	7.939e-03	2.536e-02	1.692e-02	5.636e-03	3.795e-02	6.795e-03	4.753e-03	8.907e-03	7.225e-03	2.811e-03	9.778e-03	7.580e-03	4.977e-03	9.617e-03
4.850e+04	8.908e-03	4.880e-03	2.353e-02	1.785e-02	7.939e-03	2.536e-02	1.692e-02	5.636e-03	3.795e-02	6.795e-03	4.753e-03	8.907e-03	7.225e-03	2.811e-03	9.778e-03	7.580e-03	4.977e-03	9.617e-03
4.860e+04	8.908e-03	4.880e-03	2.353e-02	1.785e-02	7.939e-03	2.474e-02	1.692e-02	5.636e-03	3.795e-02	6.795e-03	4.753e-03	8.907e-03	7.225e-03	2.811e-03	9.778e-03	7.580e-03	4.977e-03	9.617e-03
4.870e+04	8.908e-03	4.704e-03	2.353e-02	1.785e-02	7.939e-03	2.474e-02	1.692e-02	5.636e-03	3.795e-02	6.795e-03	4.753e-03	8.907e-03	7.225e-03	2.811e-03	9.778e-03	7.580e-03	4.977e-03	9.617e-03
4.880e+04	8.908e-03	4.704e-03	2.353e-02	1.785e-02	7.939e-03	2.474e-02	1.692e-02	5.636e-03	3.795e-02	6.795e-03	4.753e-03	8.907e-03	7.225e-03	2.811e-03	9.778e-03	7.580e-03	4.977e-03	9.617e-03
4.890e+04	8.908e-03	4.704e-03	2.353e-02	1.785e-02	7.939e-03	2.474e-02	1.692e-02	5.636e-03	3.795e-02	6.795e-03	4.753e-03	8.907e-03	7.225e-03	2.811e-03	9.778e-03	7.580e-03	4.977e-03	9.617e-03
4.900e+04	8.908e-03	4.704e-03	2.353e-02	1.785e-02	7.939e-03	2.474e-02	1.692e-02	5.636e-03	3.795e-02	6.479e-03	4.457e-03	8.334e-03	7.225e-03	2.811e-03	9.778e-03	7.580e-03	4.977e-03	9.617e-03
4.910e+04	8.908e-03	4.704e-03	2.353e-02	1.785e-02	7.939e-03	2.474e-02	1.692e-02	5.636e-03	3.795e-02	6.479e-03	4.457e-03	8.334e-03	7.225e-03	2.811e-03	9.778e-03	7.580e-03	4.977e-03	9.617e-03
4.920e+04	8.908e-03	4.704e-03	2.353e-02	1.785e-02	7.939e-03	2.474e-02	1.497e-02	5.636e-03	3.795e-02	6.479e-03	4.457e-03	8.334e-03	7.225e-03	2.811e-03	9.778e-03	7.580e-03	4.977e-03	9.617e-03
4.930e+04	8.908e-03	4.704e-03	2.353e-02	1.785e-02	7.939e-03	2.474e-02	1.497e-02	5.636e-03	3.795e-02	6.479e-03	4.457e-03	8.334e-03	7.225e-03	2.811e-03	9.778e-03	7.580e-03	4.977e-03	9.617e-03
4.940e+04	8.908e-03	4.704e-03	2.353e-02	1.785e-02	7.939e-03	2.474e-02	1.497e-02	5.636e-03	3.795e-02	6.479e-03	4.457e-03	8.334e-03	7.225e-03	2.811e-03	9.778e-03	7.580e-03	4.977e-03	9.617e-03
4.950e+04	7.452e-03	3.694e-03	2.353e-02	1.785e-02	7.939e-03	2.474e-02	1.497e-02	5.636e-03	3.795e-02	6.479e-03	4.457e-03	8.334e-03	7.225e-03	2.811e-03	9.778e-03	7.580e-03	4.977e-03	9.617e-03
4.960e+04	7.452e-03	3.694e-03	2.353e-02	1.785e-02	7.939e-03	2.474e-02	1.497e-02	5.636e-03	3.795e-02	6.479e-03	4.457e-03	8.334e-03	7.225e-03	2.811e-03	9.778e-03	7.580e-03	4.977e-03	9.617e-03
4.970e+04	7.452e-03	3.694e-03	2.353e-02	1.785e-02	7.939e-03	2.474e-02	1.497e-02	5.636e-03	3.795e-02	6.479e-03	4.457e-03	8.334e-03	7.225e-03	2.811e-03	9.778e-03	7.580e-03	4.977e-03	9.617e-03
4.980e+04	7.387e-03	3.574e-03	1.719e-02	1.496e-02	7.939e-03	2.474e-02	1.497e-02	5.636e-03	3.795e-02	6.479e-03	4.457e-03	8.334e-03	7.225e-03	2.811e-03	9.778e-03	7.580e-03	4.977e-03	9.617e-03
4.990e+04	7.387e-03	3.574e-03	1.719e-02	1.496e-02	7.939e-03	2.474e-02	1.497e-02	5.636e-03	3.795e-02	6.479e-03	4.457e-03	8.334e-03	7.225e-03	2.811e-03	9.778e-03	7.580e-03	4.977e-03	9.617e-03
5.000e+04	7.387e-03	3.574e-03	1.719e-02	1.496e-02	7.939e-03	2.474e-02	1.497e-02	5.636e-03	3.795e-02	6.479e-03	4.457e-03	8.334e-03	7.225e-03	2.811e-03	9.778e-03	7.580e-03	4.977e-03	9.617e-03
