n.evals.q.1.0.	_.vs.4.nav.e_maze.ga.pleiotropy.1.0.all.each.brain.pleiotropy.sd	_.vs.4.nav.e_maze.ga.pleiotropy.1.0.all.each.brain.pleiotropy.sd.min	_.vs.4.nav.e_maze.ga.pleiotropy.1.0.all.each.brain.pleiotropy.sd.max	_.vs.4.nav.e_maze.ga.pleiotropy.1.0.unique.all.each.brain.pleiotropy.sd	_.vs.4.nav.e_maze.ga.pleiotropy.1.0.unique.all.each.brain.pleiotropy.sd.min	_.vs.4.nav.e_maze.ga.pleiotropy.1.0.unique.all.each.brain.pleiotropy.sd.max	_.vs.4.nav.e_maze.ga.pleiotropy.1.0.sequential.all.each.brain.pleiotropy.sd	_.vs.4.nav.e_maze.ga.pleiotropy.1.0.sequential.all.each.brain.pleiotropy.sd.min	_.vs.4.nav.e_maze.ga.pleiotropy.1.0.sequential.all.each.brain.pleiotropy.sd.max	_.vs.4.nav.y_maze.ga.pleiotropy.1.0.all.each.brain.pleiotropy.sd	_.vs.4.nav.y_maze.ga.pleiotropy.1.0.all.each.brain.pleiotropy.sd.min	_.vs.4.nav.y_maze.ga.pleiotropy.1.0.all.each.brain.pleiotropy.sd.max	_.vs.4.nav.y_maze.ga.pleiotropy.1.0.unique.all.each.brain.pleiotropy.sd	_.vs.4.nav.y_maze.ga.pleiotropy.1.0.unique.all.each.brain.pleiotropy.sd.min	_.vs.4.nav.y_maze.ga.pleiotropy.1.0.unique.all.each.brain.pleiotropy.sd.max	_.vs.4.nav.y_maze.ga.pleiotropy.1.0.sequential.all.each.brain.pleiotropy.sd	_.vs.4.nav.y_maze.ga.pleiotropy.1.0.sequential.all.each.brain.pleiotropy.sd.min	_.vs.4.nav.y_maze.ga.pleiotropy.1.0.sequential.all.each.brain.pleiotropy.sd.max
1.000e+02	5.883e-02	5.565e-02	6.146e-02	0.000e+00	0.000e+00	0.000e+00	0.000e+00	0.000e+00	0.000e+00	5.883e-02	5.565e-02	6.146e-02	0.000e+00	0.000e+00	0.000e+00	0.000e+00	0.000e+00	0.000e+00
2.000e+02	6.060e-02	5.743e-02	6.233e-02	1.653e-01	1.627e-01	1.686e-01	1.680e-01	1.605e-01	1.716e-01	5.934e-02	5.674e-02	6.253e-02	1.668e-01	1.656e-01	1.685e-01	1.667e-01	1.630e-01	1.704e-01
3.000e+02	5.994e-02	5.751e-02	6.379e-02	1.639e-01	1.617e-01	1.664e-01	1.647e-01	1.600e-01	1.680e-01	6.061e-02	5.717e-02	6.241e-02	1.645e-01	1.617e-01	1.671e-01	1.651e-01	1.609e-01	1.677e-01
4.000e+02	5.996e-02	5.584e-02	6.188e-02	1.573e-01	1.527e-01	1.607e-01	1.555e-01	1.509e-01	1.609e-01	5.974e-02	5.730e-02	6.269e-02	1.560e-01	1.543e-01	1.586e-01	1.561e-01	1.510e-01	1.631e-01
5.000e+02	6.028e-02	5.558e-02	6.329e-02	1.502e-01	1.442e-01	1.532e-01	1.485e-01	1.413e-01	1.565e-01	6.057e-02	5.797e-02	6.380e-02	1.501e-01	1.426e-01	1.528e-01	1.484e-01	1.412e-01	1.566e-01
6.000e+02	5.941e-02	5.778e-02	6.210e-02	1.433e-01	1.356e-01	1.480e-01	1.431e-01	1.343e-01	1.532e-01	6.137e-02	5.784e-02	6.341e-02	1.431e-01	1.376e-01	1.476e-01	1.416e-01	1.356e-01	1.512e-01
7.000e+02	6.018e-02	5.776e-02	6.284e-02	1.391e-01	1.299e-01	1.418e-01	1.369e-01	1.302e-01	1.480e-01	6.079e-02	5.829e-02	6.337e-02	1.360e-01	1.311e-01	1.429e-01	1.355e-01	1.293e-01	1.468e-01
8.000e+02	5.941e-02	5.687e-02	6.304e-02	1.349e-01	1.286e-01	1.378e-01	1.337e-01	1.225e-01	1.410e-01	6.195e-02	5.834e-02	6.420e-02	1.312e-01	1.235e-01	1.370e-01	1.298e-01	1.220e-01	1.369e-01
9.000e+02	6.000e-02	5.703e-02	6.358e-02	1.294e-01	1.218e-01	1.324e-01	1.278e-01	1.200e-01	1.339e-01	6.131e-02	5.875e-02	6.437e-02	1.268e-01	1.195e-01	1.358e-01	1.253e-01	1.186e-01	1.374e-01
1.000e+03	6.049e-02	5.590e-02	6.277e-02	1.240e-01	1.183e-01	1.305e-01	1.231e-01	1.139e-01	1.318e-01	6.101e-02	5.921e-02	6.272e-02	1.202e-01	1.177e-01	1.342e-01	1.247e-01	1.168e-01	1.317e-01
1.100e+03	5.923e-02	5.611e-02	6.245e-02	1.208e-01	1.152e-01	1.290e-01	1.188e-01	1.104e-01	1.278e-01	6.112e-02	5.865e-02	6.359e-02	1.192e-01	1.087e-01	1.321e-01	1.235e-01	1.130e-01	1.284e-01
1.200e+03	5.948e-02	5.734e-02	6.233e-02	1.159e-01	1.107e-01	1.272e-01	1.128e-01	1.071e-01	1.282e-01	6.147e-02	5.922e-02	6.379e-02	1.152e-01	1.068e-01	1.290e-01	1.194e-01	1.103e-01	1.244e-01
1.300e+03	5.992e-02	5.718e-02	6.159e-02	1.133e-01	1.053e-01	1.213e-01	1.114e-01	1.029e-01	1.227e-01	6.091e-02	5.920e-02	6.604e-02	1.101e-01	1.030e-01	1.232e-01	1.158e-01	1.089e-01	1.230e-01
1.400e+03	5.954e-02	5.737e-02	6.176e-02	1.121e-01	1.060e-01	1.185e-01	1.110e-01	1.044e-01	1.223e-01	6.153e-02	5.926e-02	6.508e-02	1.085e-01	9.946e-02	1.229e-01	1.139e-01	1.061e-01	1.213e-01
1.500e+03	5.970e-02	5.634e-02	6.236e-02	1.076e-01	9.982e-02	1.142e-01	1.093e-01	1.012e-01	1.220e-01	6.080e-02	5.771e-02	6.518e-02	1.060e-01	9.547e-02	1.230e-01	1.121e-01	1.022e-01	1.171e-01
1.600e+03	5.978e-02	5.543e-02	6.250e-02	1.053e-01	9.723e-02	1.144e-01	1.050e-01	9.730e-02	1.210e-01	6.151e-02	5.821e-02	6.438e-02	1.029e-01	9.313e-02	1.199e-01	1.102e-01	1.041e-01	1.173e-01
1.700e+03	5.992e-02	5.595e-02	6.315e-02	1.042e-01	9.386e-02	1.105e-01	1.050e-01	9.723e-02	1.213e-01	6.139e-02	5.779e-02	6.416e-02	1.029e-01	9.279e-02	1.186e-01	1.066e-01	9.976e-02	1.141e-01
1.800e+03	6.036e-02	5.609e-02	6.266e-02	1.041e-01	9.238e-02	1.097e-01	1.046e-01	9.447e-02	1.194e-01	6.017e-02	5.760e-02	6.468e-02	9.868e-02	8.999e-02	1.163e-01	1.052e-01	1.008e-01	1.119e-01
1.900e+03	5.992e-02	5.566e-02	6.352e-02	1.010e-01	9.277e-02	1.095e-01	1.032e-01	9.059e-02	1.186e-01	6.017e-02	5.760e-02	6.335e-02	9.745e-02	9.001e-02	1.151e-01	1.045e-01	9.552e-02	1.122e-01
2.000e+03	5.865e-02	5.471e-02	6.239e-02	9.838e-02	8.982e-02	1.072e-01	1.025e-01	8.952e-02	1.153e-01	5.955e-02	5.688e-02	6.445e-02	9.746e-02	8.703e-02	1.151e-01	1.028e-01	9.590e-02	1.105e-01
2.100e+03	5.811e-02	5.591e-02	6.344e-02	9.618e-02	8.585e-02	1.041e-01	9.928e-02	8.953e-02	1.121e-01	5.900e-02	5.677e-02	6.561e-02	9.759e-02	8.383e-02	1.112e-01	1.017e-01	9.115e-02	1.091e-01
2.200e+03	5.786e-02	5.626e-02	6.280e-02	9.348e-02	8.209e-02	1.025e-01	9.943e-02	8.331e-02	1.122e-01	5.968e-02	5.697e-02	6.500e-02	9.671e-02	8.452e-02	1.080e-01	9.457e-02	9.143e-02	1.069e-01
2.300e+03	5.882e-02	5.631e-02	6.295e-02	9.159e-02	8.032e-02	1.046e-01	9.928e-02	8.421e-02	1.104e-01	5.982e-02	5.596e-02	6.525e-02	9.639e-02	8.289e-02	1.075e-01	9.459e-02	8.810e-02	1.042e-01
2.400e+03	5.832e-02	5.562e-02	6.382e-02	9.030e-02	7.913e-02	1.014e-01	9.830e-02	8.564e-02	1.074e-01	5.961e-02	5.515e-02	6.341e-02	9.201e-02	8.009e-02	1.058e-01	9.486e-02	8.711e-02	1.026e-01
2.500e+03	5.768e-02	5.504e-02	6.311e-02	8.761e-02	7.749e-02	9.746e-02	9.577e-02	8.438e-02	1.074e-01	5.981e-02	5.596e-02	6.409e-02	9.311e-02	7.937e-02	1.044e-01	9.409e-02	8.729e-02	1.028e-01
2.600e+03	5.727e-02	5.484e-02	6.309e-02	8.510e-02	7.703e-02	9.648e-02	9.610e-02	8.280e-02	1.072e-01	6.039e-02	5.600e-02	6.403e-02	9.397e-02	7.835e-02	1.023e-01	9.462e-02	8.625e-02	1.016e-01
2.700e+03	5.716e-02	5.395e-02	6.415e-02	8.538e-02	7.446e-02	9.697e-02	9.472e-02	8.135e-02	1.041e-01	6.026e-02	5.616e-02	6.337e-02	9.236e-02	7.940e-02	1.014e-01	9.126e-02	8.593e-02	1.015e-01
2.800e+03	5.685e-02	5.402e-02	6.342e-02	8.324e-02	7.418e-02	9.437e-02	9.501e-02	8.115e-02	1.024e-01	6.001e-02	5.612e-02	6.358e-02	8.999e-02	7.918e-02	9.914e-02	9.098e-02	8.437e-02	9.764e-02
2.900e+03	5.788e-02	5.460e-02	6.384e-02	8.092e-02	7.474e-02	9.436e-02	9.523e-02	7.864e-02	1.019e-01	5.959e-02	5.553e-02	6.347e-02	8.988e-02	7.932e-02	9.957e-02	9.056e-02	8.425e-02	9.711e-02
3.000e+03	5.798e-02	5.444e-02	6.324e-02	8.020e-02	7.122e-02	9.262e-02	9.280e-02	7.678e-02	1.021e-01	5.918e-02	5.646e-02	6.363e-02	8.780e-02	7.883e-02	9.723e-02	9.063e-02	8.317e-02	9.690e-02
3.100e+03	5.715e-02	5.304e-02	6.264e-02	8.009e-02	7.073e-02	9.249e-02	8.838e-02	7.545e-02	9.935e-02	5.926e-02	5.632e-02	6.458e-02	8.784e-02	7.504e-02	9.763e-02	9.096e-02	7.940e-02	9.739e-02
3.200e+03	5.718e-02	5.290e-02	6.246e-02	7.958e-02	7.105e-02	8.938e-02	8.833e-02	7.653e-02	9.928e-02	5.857e-02	5.614e-02	6.345e-02	8.775e-02	7.264e-02	9.614e-02	9.076e-02	7.496e-02	9.725e-02
3.300e+03	5.687e-02	5.308e-02	6.239e-02	7.726e-02	7.102e-02	8.698e-02	8.715e-02	7.762e-02	9.916e-02	5.874e-02	5.585e-02	6.377e-02	8.828e-02	7.244e-02	9.456e-02	9.035e-02	7.575e-02	9.353e-02
3.400e+03	5.655e-02	5.308e-02	6.296e-02	7.603e-02	6.943e-02	8.629e-02	8.716e-02	7.560e-02	9.981e-02	5.963e-02	5.584e-02	6.356e-02	8.368e-02	7.150e-02	9.448e-02	8.737e-02	7.419e-02	9.311e-02
3.500e+03	5.708e-02	5.218e-02	6.341e-02	7.610e-02	6.758e-02	8.630e-02	8.454e-02	7.216e-02	1.009e-01	5.940e-02	5.560e-02	6.271e-02	8.268e-02	7.182e-02	9.514e-02	8.823e-02	7.355e-02	9.311e-02
3.600e+03	5.768e-02	5.226e-02	6.196e-02	7.593e-02	6.686e-02	8.766e-02	8.481e-02	7.097e-02	9.586e-02	5.881e-02	5.571e-02	6.246e-02	8.202e-02	7.041e-02	9.514e-02	8.558e-02	7.321e-02	9.334e-02
3.700e+03	5.832e-02	5.235e-02	6.255e-02	7.555e-02	6.581e-02	8.824e-02	8.436e-02	7.084e-02	9.634e-02	5.953e-02	5.687e-02	6.215e-02	8.146e-02	7.057e-02	9.497e-02	8.501e-02	7.001e-02	9.300e-02
3.800e+03	5.704e-02	5.167e-02	6.350e-02	7.305e-02	6.546e-02	8.841e-02	8.306e-02	6.929e-02	9.330e-02	5.898e-02	5.693e-02	6.252e-02	8.041e-02	6.920e-02	9.388e-02	8.494e-02	7.055e-02	9.172e-02
3.900e+03	5.777e-02	5.211e-02	6.466e-02	7.157e-02	6.353e-02	8.864e-02	8.375e-02	6.937e-02	9.330e-02	5.925e-02	5.645e-02	6.205e-02	7.943e-02	6.942e-02	9.423e-02	8.496e-02	7.082e-02	9.172e-02
4.000e+03	5.791e-02	5.239e-02	6.537e-02	7.123e-02	6.352e-02	8.843e-02	8.228e-02	7.056e-02	9.376e-02	5.918e-02	5.594e-02	6.255e-02	8.170e-02	6.801e-02	9.401e-02	8.445e-02	7.031e-02	9.062e-02
4.100e+03	5.789e-02	5.168e-02	6.493e-02	7.141e-02	6.349e-02	8.877e-02	8.254e-02	7.009e-02	9.345e-02	5.962e-02	5.504e-02	6.220e-02	8.150e-02	6.765e-02	9.249e-02	8.353e-02	6.897e-02	9.062e-02
4.200e+03	5.784e-02	5.221e-02	6.329e-02	7.138e-02	6.278e-02	8.867e-02	8.240e-02	7.098e-02	9.437e-02	5.914e-02	5.540e-02	6.228e-02	7.954e-02	6.814e-02	9.245e-02	8.334e-02	6.757e-02	8.835e-02
4.300e+03	5.685e-02	5.170e-02	6.486e-02	7.111e-02	6.216e-02	8.213e-02	8.131e-02	7.098e-02	9.531e-02	5.914e-02	5.626e-02	6.219e-02	7.991e-02	6.841e-02	9.235e-02	8.227e-02	6.738e-02	8.740e-02
4.400e+03	5.778e-02	5.171e-02	6.564e-02	7.098e-02	6.250e-02	8.240e-02	8.166e-02	7.021e-02	9.636e-02	5.902e-02	5.624e-02	6.237e-02	7.976e-02	6.942e-02	9.143e-02	8.230e-02	6.704e-02	8.667e-02
4.500e+03	5.767e-02	5.192e-02	6.530e-02	6.970e-02	5.914e-02	8.236e-02	8.068e-02	7.026e-02	9.537e-02	5.862e-02	5.659e-02	6.228e-02	7.937e-02	6.985e-02	9.197e-02	8.107e-02	6.700e-02	8.591e-02
4.600e+03	5.770e-02	5.230e-02	6.460e-02	6.895e-02	5.872e-02	8.238e-02	7.978e-02	7.033e-02	9.490e-02	5.880e-02	5.655e-02	6.281e-02	7.855e-02	6.600e-02	9.128e-02	7.936e-02	6.602e-02	8.599e-02
4.700e+03	5.706e-02	5.261e-02	6.457e-02	6.729e-02	5.978e-02	8.356e-02	7.965e-02	6.954e-02	9.247e-02	5.837e-02	5.630e-02	6.403e-02	7.822e-02	6.615e-02	9.048e-02	7.889e-02	6.692e-02	8.599e-02
4.800e+03	5.731e-02	5.123e-02	6.569e-02	6.850e-02	5.850e-02	8.381e-02	7.637e-02	7.031e-02	9.206e-02	5.821e-02	5.624e-02	6.421e-02	7.699e-02	6.609e-02	9.074e-02	7.816e-02	6.686e-02	8.639e-02
4.900e+03	5.650e-02	5.295e-02	6.340e-02	6.719e-02	5.960e-02	7.746e-02	7.695e-02	6.799e-02	9.318e-02	5.837e-02	5.617e-02	6.438e-02	7.695e-02	6.533e-02	9.155e-02	7.914e-02	6.672e-02	8.387e-02
5.000e+03	5.620e-02	5.300e-02	6.388e-02	6.786e-02	5.852e-02	7.743e-02	7.585e-02	6.598e-02	9.323e-02	5.900e-02	5.647e-02	6.420e-02	7.477e-02	6.533e-02	9.155e-02	7.909e-02	6.615e-02	8.502e-02
5.100e+03	5.793e-02	5.344e-02	6.477e-02	6.615e-02	5.920e-02	7.706e-02	7.585e-02	6.684e-02	9.283e-02	5.930e-02	5.639e-02	6.356e-02	7.571e-02	6.569e-02	9.154e-02	7.798e-02	6.410e-02	8.524e-02
5.200e+03	5.742e-02	5.322e-02	6.508e-02	6.642e-02	5.770e-02	7.757e-02	7.519e-02	6.534e-02	9.143e-02	5.896e-02	5.561e-02	6.340e-02	7.540e-02	6.550e-02	9.220e-02	7.803e-02	6.476e-02	8.311e-02
5.300e+03	5.766e-02	5.317e-02	6.445e-02	6.606e-02	5.749e-02	7.653e-02	7.427e-02	6.577e-02	9.312e-02	5.917e-02	5.528e-02	6.318e-02	7.528e-02	6.550e-02	9.210e-02	7.776e-02	6.486e-02	8.311e-02
5.400e+03	5.775e-02	5.272e-02	6.456e-02	6.515e-02	5.694e-02	7.746e-02	7.368e-02	6.582e-02	9.050e-02	5.978e-02	5.547e-02	6.360e-02	7.594e-02	6.569e-02	9.135e-02	7.585e-02	6.622e-02	8.311e-02
5.500e+03	5.680e-02	5.247e-02	6.352e-02	6.460e-02	5.605e-02	7.758e-02	7.355e-02	6.725e-02	9.035e-02	5.957e-02	5.604e-02	6.345e-02	7.540e-02	6.506e-02	9.135e-02	7.585e-02	6.609e-02	8.326e-02
5.600e+03	5.685e-02	5.250e-02	6.566e-02	6.468e-02	5.599e-02	7.737e-02	7.464e-02	6.818e-02	8.970e-02	5.990e-02	5.600e-02	6.345e-02	7.578e-02	6.469e-02	8.178e-02	7.605e-02	6.568e-02	8.349e-02
5.700e+03	5.630e-02	5.268e-02	6.793e-02	6.485e-02	5.601e-02	7.746e-02	7.461e-02	6.482e-02	8.944e-02	6.038e-02	5.600e-02	6.389e-02	7.587e-02	6.442e-02	8.213e-02	7.592e-02	6.586e-02	8.347e-02
5.800e+03	5.726e-02	5.316e-02	6.770e-02	6.479e-02	5.504e-02	7.746e-02	7.522e-02	6.482e-02	8.984e-02	6.073e-02	5.636e-02	6.328e-02	7.576e-02	6.474e-02	8.156e-02	7.576e-02	6.606e-02	8.322e-02
5.900e+03	5.699e-02	5.191e-02	6.684e-02	6.515e-02	5.514e-02	7.736e-02	7.503e-02	6.395e-02	9.105e-02	6.099e-02	5.615e-02	6.290e-02	7.367e-02	6.431e-02	8.156e-02	7.594e-02	6.622e-02	8.102e-02
6.000e+03	5.736e-02	5.264e-02	6.588e-02	6.576e-02	5.575e-02	7.795e-02	7.529e-02	6.316e-02	9.045e-02	6.118e-02	5.681e-02	6.289e-02	7.480e-02	6.408e-02	8.121e-02	7.579e-02	6.676e-02	8.161e-02
6.100e+03	5.693e-02	5.241e-02	6.588e-02	6.519e-02	5.549e-02	7.685e-02	7.329e-02	6.258e-02	8.852e-02	6.103e-02	5.681e-02	6.328e-02	7.463e-02	6.371e-02	8.187e-02	7.407e-02	6.605e-02	8.149e-02
6.200e+03	5.693e-02	5.222e-02	6.491e-02	6.573e-02	5.497e-02	7.642e-02	7.422e-02	6.258e-02	9.131e-02	6.098e-02	5.613e-02	6.403e-02	7.455e-02	6.393e-02	8.026e-02	7.407e-02	6.649e-02	8.146e-02
6.300e+03	5.761e-02	5.222e-02	6.495e-02	6.573e-02	5.487e-02	7.584e-02	7.508e-02	6.026e-02	9.131e-02	5.907e-02	5.583e-02	6.423e-02	7.455e-02	6.393e-02	8.010e-02	7.370e-02	6.620e-02	8.182e-02
6.400e+03	5.761e-02	5.250e-02	6.491e-02	6.724e-02	5.428e-02	7.596e-02	7.544e-02	6.026e-02	9.076e-02	6.003e-02	5.583e-02	6.393e-02	7.215e-02	6.309e-02	8.010e-02	7.359e-02	6.706e-02	8.182e-02
6.500e+03	5.775e-02	5.250e-02	6.544e-02	6.711e-02	5.439e-02	7.559e-02	7.266e-02	6.169e-02	8.977e-02	6.055e-02	5.573e-02	6.404e-02	7.217e-02	6.341e-02	7.844e-02	7.208e-02	6.764e-02	8.182e-02
6.600e+03	5.778e-02	5.290e-02	6.587e-02	6.660e-02	5.371e-02	7.157e-02	7.266e-02	5.895e-02	8.974e-02	6.012e-02	5.609e-02	6.393e-02	7.152e-02	6.357e-02	7.713e-02	7.112e-02	6.742e-02	8.072e-02
6.700e+03	5.873e-02	5.300e-02	6.540e-02	6.586e-02	5.349e-02	7.274e-02	7.129e-02	5.899e-02	8.974e-02	6.059e-02	5.604e-02	6.393e-02	7.097e-02	6.254e-02	7.712e-02	7.065e-02	6.742e-02	8.068e-02
6.800e+03	5.860e-02	5.139e-02	6.540e-02	6.530e-02	5.404e-02	7.274e-02	7.221e-02	5.858e-02	9.126e-02	6.097e-02	5.592e-02	6.477e-02	7.088e-02	6.244e-02	7.698e-02	7.046e-02	6.695e-02	8.099e-02
6.900e+03	5.867e-02	5.096e-02	6.594e-02	6.440e-02	5.417e-02	7.267e-02	7.778e-02	5.902e-02	9.141e-02	6.111e-02	5.630e-02	6.418e-02	7.035e-02	6.193e-02	7.770e-02	7.101e-02	6.717e-02	7.543e-02
7.000e+03	5.810e-02	5.070e-02	6.690e-02	6.440e-02	5.437e-02	7.293e-02	7.747e-02	5.942e-02	9.117e-02	6.139e-02	5.676e-02	6.421e-02	6.958e-02	6.241e-02	7.743e-02	7.131e-02	6.772e-02	7.578e-02
7.100e+03	5.850e-02	5.145e-02	6.648e-02	6.139e-02	5.505e-02	7.152e-02	7.765e-02	6.001e-02	9.103e-02	6.084e-02	5.697e-02	6.421e-02	6.958e-02	6.241e-02	8.071e-02	7.157e-02	6.741e-02	7.555e-02
7.200e+03	5.850e-02	5.211e-02	6.648e-02	6.101e-02	5.519e-02	7.107e-02	7.758e-02	5.940e-02	8.626e-02	6.108e-02	5.676e-02	6.400e-02	6.748e-02	6.111e-02	8.045e-02	7.158e-02	6.593e-02	7.550e-02
7.300e+03	5.843e-02	5.211e-02	6.677e-02	6.039e-02	5.509e-02	7.054e-02	7.770e-02	5.919e-02	8.275e-02	6.120e-02	5.718e-02	6.528e-02	6.748e-02	6.173e-02	8.045e-02	7.158e-02	6.629e-02	7.468e-02
7.400e+03	5.838e-02	5.196e-02	6.783e-02	6.020e-02	5.340e-02	7.004e-02	7.831e-02	5.879e-02	8.282e-02	6.093e-02	5.710e-02	6.531e-02	6.974e-02	6.156e-02	8.049e-02	7.142e-02	6.642e-02	7.504e-02
7.500e+03	5.853e-02	5.173e-02	6.738e-02	6.046e-02	5.327e-02	7.004e-02	7.461e-02	5.900e-02	8.195e-02	6.059e-02	5.643e-02	6.482e-02	6.989e-02	6.178e-02	8.079e-02	7.037e-02	6.586e-02	7.689e-02
7.600e+03	5.853e-02	5.110e-02	6.712e-02	6.046e-02	5.448e-02	7.004e-02	7.307e-02	6.169e-02	8.250e-02	6.205e-02	5.656e-02	6.500e-02	7.004e-02	6.173e-02	8.079e-02	6.980e-02	6.624e-02	7.781e-02
7.700e+03	5.865e-02	5.053e-02	6.747e-02	6.020e-02	5.480e-02	7.001e-02	7.274e-02	6.162e-02	8.218e-02	6.205e-02	5.710e-02	6.471e-02	7.035e-02	6.173e-02	8.100e-02	6.947e-02	6.547e-02	7.406e-02
7.800e+03	5.900e-02	5.012e-02	6.724e-02	6.013e-02	5.521e-02	6.780e-02	7.288e-02	6.073e-02	8.218e-02	6.205e-02	5.632e-02	6.454e-02	6.954e-02	6.173e-02	8.092e-02	6.979e-02	6.531e-02	7.406e-02
7.900e+03	5.958e-02	5.050e-02	6.685e-02	5.989e-02	5.521e-02	6.848e-02	7.335e-02	5.991e-02	8.218e-02	6.257e-02	5.643e-02	6.579e-02	6.915e-02	6.182e-02	8.079e-02	6.979e-02	6.551e-02	7.386e-02
8.000e+03	5.850e-02	5.080e-02	6.634e-02	6.034e-02	5.312e-02	6.891e-02	7.335e-02	6.003e-02	8.143e-02	6.257e-02	5.643e-02	6.514e-02	6.915e-02	6.170e-02	8.079e-02	6.983e-02	6.551e-02	7.537e-02
8.100e+03	5.850e-02	5.025e-02	6.592e-02	5.939e-02	5.325e-02	6.891e-02	7.449e-02	6.067e-02	8.143e-02	6.233e-02	5.599e-02	6.497e-02	6.957e-02	6.076e-02	8.005e-02	6.983e-02	6.681e-02	7.537e-02
8.200e+03	5.694e-02	4.925e-02	6.592e-02	5.939e-02	5.306e-02	6.766e-02	7.540e-02	6.089e-02	8.014e-02	6.233e-02	5.528e-02	6.532e-02	6.948e-02	6.079e-02	8.079e-02	6.895e-02	6.551e-02	7.537e-02
8.300e+03	5.694e-02	4.960e-02	6.645e-02	5.923e-02	5.297e-02	6.764e-02	7.527e-02	6.001e-02	7.991e-02	6.079e-02	5.552e-02	6.548e-02	6.919e-02	6.016e-02	8.078e-02	6.895e-02	6.537e-02	7.489e-02
8.400e+03	5.760e-02	4.984e-02	6.645e-02	5.922e-02	5.209e-02	6.746e-02	7.362e-02	6.001e-02	8.006e-02	6.203e-02	5.518e-02	6.514e-02	6.877e-02	6.057e-02	8.029e-02	6.895e-02	6.485e-02	7.525e-02
8.500e+03	5.759e-02	5.008e-02	6.654e-02	5.832e-02	5.184e-02	6.764e-02	7.277e-02	5.994e-02	7.991e-02	6.065e-02	5.518e-02	6.533e-02	6.660e-02	6.143e-02	8.063e-02	6.924e-02	6.507e-02	7.445e-02
8.600e+03	5.966e-02	5.031e-02	6.645e-02	5.774e-02	5.165e-02	6.764e-02	7.277e-02	6.028e-02	7.950e-02	6.065e-02	5.545e-02	6.569e-02	6.684e-02	6.143e-02	8.060e-02	6.895e-02	6.544e-02	7.372e-02
8.700e+03	6.050e-02	5.183e-02	6.694e-02	5.743e-02	5.215e-02	6.764e-02	7.297e-02	5.939e-02	8.092e-02	6.065e-02	5.532e-02	6.583e-02	6.695e-02	6.157e-02	8.060e-02	6.925e-02	6.544e-02	7.316e-02
8.800e+03	6.059e-02	5.125e-02	6.645e-02	5.816e-02	5.096e-02	6.838e-02	7.264e-02	5.860e-02	8.092e-02	6.139e-02	5.532e-02	6.563e-02	6.636e-02	6.163e-02	8.025e-02	6.925e-02	6.561e-02	7.316e-02
8.900e+03	5.974e-02	5.125e-02	6.449e-02	5.829e-02	5.003e-02	6.729e-02	7.085e-02	5.850e-02	8.146e-02	6.139e-02	5.549e-02	6.570e-02	6.713e-02	6.216e-02	8.009e-02	6.944e-02	6.536e-02	7.316e-02
9.000e+03	5.796e-02	5.170e-02	6.546e-02	5.829e-02	5.080e-02	6.698e-02	7.085e-02	5.882e-02	8.146e-02	6.065e-02	5.664e-02	6.537e-02	6.695e-02	6.209e-02	8.044e-02	6.946e-02	6.523e-02	7.294e-02
9.100e+03	5.734e-02	5.159e-02	6.544e-02	5.788e-02	5.018e-02	6.776e-02	7.072e-02	5.800e-02	8.053e-02	6.079e-02	5.664e-02	6.537e-02	6.640e-02	6.155e-02	8.044e-02	7.016e-02	6.523e-02	7.397e-02
9.200e+03	5.854e-02	5.146e-02	6.568e-02	5.778e-02	5.111e-02	6.776e-02	6.911e-02	5.796e-02	8.053e-02	6.079e-02	5.621e-02	6.576e-02	6.569e-02	6.155e-02	8.044e-02	7.008e-02	6.490e-02	7.402e-02
9.300e+03	5.821e-02	5.144e-02	6.609e-02	5.695e-02	5.009e-02	6.776e-02	6.881e-02	5.862e-02	8.129e-02	6.102e-02	5.642e-02	6.514e-02	6.569e-02	6.220e-02	7.957e-02	7.021e-02	6.493e-02	7.402e-02
9.400e+03	5.793e-02	4.947e-02	6.609e-02	5.714e-02	5.034e-02	6.801e-02	6.871e-02	5.870e-02	8.129e-02	6.102e-02	5.615e-02	6.453e-02	6.470e-02	6.220e-02	7.957e-02	6.972e-02	6.568e-02	7.417e-02
9.500e+03	5.784e-02	4.947e-02	6.609e-02	5.730e-02	5.041e-02	6.868e-02	6.898e-02	5.980e-02	8.129e-02	6.136e-02	5.619e-02	6.438e-02	6.470e-02	6.158e-02	7.957e-02	7.006e-02	6.568e-02	7.417e-02
9.600e+03	5.842e-02	4.908e-02	6.565e-02	5.695e-02	5.051e-02	6.922e-02	6.886e-02	5.962e-02	8.200e-02	6.150e-02	5.619e-02	6.570e-02	6.573e-02	6.169e-02	7.957e-02	7.004e-02	6.565e-02	7.471e-02
9.700e+03	5.780e-02	4.908e-02	6.639e-02	5.737e-02	5.051e-02	6.922e-02	6.892e-02	5.962e-02	8.057e-02	6.150e-02	5.643e-02	6.548e-02	6.613e-02	6.147e-02	7.696e-02	7.004e-02	6.097e-02	7.484e-02
9.800e+03	5.770e-02	4.923e-02	6.617e-02	5.714e-02	5.091e-02	6.959e-02	6.892e-02	6.194e-02	8.112e-02	6.150e-02	5.624e-02	6.644e-02	6.613e-02	6.232e-02	7.703e-02	7.004e-02	6.117e-02	7.353e-02
9.900e+03	5.727e-02	4.936e-02	6.577e-02	5.714e-02	5.099e-02	6.903e-02	6.829e-02	6.066e-02	8.047e-02	6.124e-02	5.624e-02	6.644e-02	6.611e-02	6.272e-02	7.946e-02	6.943e-02	6.117e-02	7.307e-02
1.000e+04	5.722e-02	4.888e-02	6.541e-02	5.710e-02	5.083e-02	6.936e-02	6.748e-02	6.003e-02	8.269e-02	6.091e-02	5.829e-02	6.660e-02	6.582e-02	6.272e-02	7.957e-02	6.873e-02	6.117e-02	7.381e-02
1.010e+04	5.770e-02	5.134e-02	6.541e-02	5.777e-02	5.126e-02	6.948e-02	6.748e-02	6.005e-02	8.199e-02	6.118e-02	5.668e-02	6.623e-02	6.563e-02	6.272e-02	7.957e-02	6.825e-02	6.128e-02	7.383e-02
1.020e+04	5.770e-02	5.103e-02	6.541e-02	5.737e-02	5.186e-02	6.975e-02	6.735e-02	5.960e-02	8.199e-02	6.124e-02	5.701e-02	6.623e-02	6.563e-02	6.272e-02	7.886e-02	6.790e-02	6.098e-02	7.223e-02
1.030e+04	5.731e-02	5.126e-02	6.549e-02	5.758e-02	5.198e-02	6.911e-02	6.688e-02	5.973e-02	8.171e-02	6.156e-02	5.658e-02	6.623e-02	6.563e-02	6.254e-02	7.931e-02	6.848e-02	6.104e-02	7.223e-02
1.040e+04	5.819e-02	5.009e-02	6.496e-02	5.800e-02	5.288e-02	6.891e-02	6.688e-02	5.988e-02	8.171e-02	6.165e-02	5.658e-02	6.664e-02	6.563e-02	6.216e-02	7.931e-02	6.804e-02	6.131e-02	7.223e-02
1.050e+04	5.746e-02	5.009e-02	6.497e-02	5.755e-02	5.288e-02	6.665e-02	6.645e-02	5.988e-02	8.175e-02	6.161e-02	5.658e-02	6.657e-02	6.671e-02	6.255e-02	7.907e-02	6.762e-02	6.131e-02	7.223e-02
1.060e+04	5.759e-02	4.903e-02	6.497e-02	5.776e-02	5.288e-02	6.794e-02	6.658e-02	5.988e-02	8.170e-02	6.044e-02	5.672e-02	6.588e-02	6.626e-02	6.217e-02	7.904e-02	6.794e-02	6.147e-02	7.175e-02
1.070e+04	5.839e-02	4.927e-02	6.497e-02	5.801e-02	5.139e-02	6.903e-02	6.642e-02	6.071e-02	8.170e-02	6.039e-02	5.656e-02	6.588e-02	6.626e-02	6.217e-02	7.689e-02	6.762e-02	6.096e-02	7.272e-02
1.080e+04	5.839e-02	4.955e-02	6.598e-02	5.795e-02	5.181e-02	6.884e-02	6.642e-02	5.904e-02	8.164e-02	6.039e-02	5.656e-02	6.564e-02	6.678e-02	6.209e-02	7.689e-02	6.762e-02	6.096e-02	7.272e-02
1.090e+04	5.932e-02	4.955e-02	6.598e-02	5.795e-02	5.181e-02	6.884e-02	6.763e-02	5.937e-02	8.164e-02	6.065e-02	5.639e-02	6.564e-02	6.764e-02	6.197e-02	7.689e-02	6.762e-02	6.028e-02	7.370e-02
1.100e+04	5.902e-02	4.957e-02	6.700e-02	5.766e-02	5.181e-02	6.926e-02	6.746e-02	6.052e-02	8.333e-02	6.065e-02	5.639e-02	6.564e-02	6.630e-02	6.313e-02	7.701e-02	6.781e-02	6.028e-02	7.370e-02
1.110e+04	5.943e-02	4.951e-02	6.700e-02	5.739e-02	5.195e-02	6.932e-02	6.769e-02	6.004e-02	8.310e-02	6.065e-02	5.639e-02	6.564e-02	6.627e-02	6.291e-02	7.701e-02	6.743e-02	6.025e-02	7.370e-02
1.120e+04	5.927e-02	5.000e-02	6.804e-02	5.751e-02	5.191e-02	6.932e-02	6.746e-02	5.958e-02	8.310e-02	6.022e-02	5.635e-02	6.450e-02	6.627e-02	6.290e-02	7.701e-02	6.743e-02	6.025e-02	7.370e-02
1.130e+04	5.761e-02	5.051e-02	6.804e-02	5.751e-02	5.191e-02	6.932e-02	6.746e-02	5.950e-02	8.418e-02	6.022e-02	5.635e-02	6.447e-02	6.627e-02	6.291e-02	7.701e-02	6.728e-02	6.025e-02	7.353e-02
1.140e+04	5.797e-02	5.091e-02	6.819e-02	5.751e-02	5.191e-02	6.932e-02	6.716e-02	6.049e-02	8.404e-02	6.081e-02	5.684e-02	6.433e-02	6.627e-02	6.246e-02	7.701e-02	6.655e-02	6.025e-02	7.353e-02
1.150e+04	5.797e-02	5.074e-02	6.741e-02	5.756e-02	5.191e-02	6.932e-02	6.695e-02	6.049e-02	8.404e-02	6.119e-02	5.635e-02	6.431e-02	6.581e-02	6.249e-02	7.689e-02	6.765e-02	6.089e-02	7.353e-02
1.160e+04	5.797e-02	5.074e-02	6.764e-02	5.774e-02	5.191e-02	7.145e-02	6.713e-02	5.940e-02	8.476e-02	6.119e-02	5.621e-02	6.431e-02	6.695e-02	6.289e-02	7.689e-02	6.765e-02	6.089e-02	7.485e-02
1.170e+04	5.797e-02	5.096e-02	6.741e-02	5.803e-02	5.218e-02	7.145e-02	6.662e-02	5.989e-02	8.416e-02	6.120e-02	5.626e-02	6.431e-02	6.675e-02	6.255e-02	7.689e-02	6.743e-02	6.089e-02	7.407e-02
1.180e+04	5.797e-02	5.056e-02	6.741e-02	5.803e-02	5.185e-02	7.217e-02	6.717e-02	5.989e-02	8.354e-02	6.119e-02	5.626e-02	6.474e-02	6.705e-02	6.239e-02	7.689e-02	6.654e-02	6.069e-02	7.439e-02
1.190e+04	5.761e-02	5.051e-02	6.562e-02	5.803e-02	5.349e-02	7.184e-02	6.631e-02	5.912e-02	8.333e-02	6.093e-02	5.626e-02	6.515e-02	6.705e-02	6.178e-02	7.689e-02	6.654e-02	6.084e-02	7.407e-02
1.200e+04	5.761e-02	5.025e-02	6.562e-02	5.803e-02	5.349e-02	7.184e-02	6.631e-02	5.912e-02	8.333e-02	6.098e-02	5.650e-02	6.549e-02	6.699e-02	6.127e-02	7.689e-02	6.684e-02	6.084e-02	7.407e-02
1.210e+04	5.782e-02	5.035e-02	6.609e-02	5.780e-02	5.316e-02	7.184e-02	6.618e-02	5.912e-02	8.329e-02	6.034e-02	5.753e-02	6.549e-02	6.606e-02	6.076e-02	7.689e-02	6.684e-02	6.096e-02	7.407e-02
1.220e+04	5.791e-02	5.070e-02	6.609e-02	5.780e-02	5.334e-02	7.211e-02	6.670e-02	5.910e-02	8.498e-02	6.108e-02	5.753e-02	6.518e-02	6.606e-02	6.076e-02	7.701e-02	6.755e-02	6.000e-02	7.419e-02
1.230e+04	5.838e-02	5.080e-02	6.577e-02	5.689e-02	5.357e-02	7.225e-02	6.568e-02	5.920e-02	8.482e-02	6.100e-02	5.753e-02	6.531e-02	6.595e-02	6.076e-02	7.708e-02	6.739e-02	6.000e-02	7.407e-02
1.240e+04	5.838e-02	5.078e-02	6.516e-02	5.674e-02	5.162e-02	7.225e-02	6.624e-02	5.934e-02	8.479e-02	6.100e-02	5.753e-02	6.577e-02	6.595e-02	6.076e-02	7.708e-02	6.739e-02	6.009e-02	7.407e-02
1.250e+04	5.771e-02	5.080e-02	6.536e-02	5.674e-02	5.162e-02	7.239e-02	6.660e-02	5.933e-02	8.473e-02	6.045e-02	5.753e-02	6.567e-02	6.595e-02	6.075e-02	7.708e-02	6.739e-02	6.000e-02	7.402e-02
1.260e+04	5.819e-02	5.100e-02	6.536e-02	5.674e-02	5.162e-02	7.239e-02	6.530e-02	5.772e-02	8.465e-02	6.098e-02	5.753e-02	6.496e-02	6.635e-02	6.013e-02	7.708e-02	6.748e-02	5.999e-02	7.418e-02
1.270e+04	5.819e-02	5.100e-02	6.316e-02	5.682e-02	5.098e-02	7.239e-02	6.609e-02	5.756e-02	8.465e-02	6.098e-02	5.756e-02	6.479e-02	6.671e-02	6.013e-02	7.697e-02	6.665e-02	5.971e-02	7.256e-02
1.280e+04	5.730e-02	5.135e-02	6.316e-02	5.770e-02	5.098e-02	7.195e-02	6.474e-02	5.756e-02	8.465e-02	6.022e-02	5.779e-02	6.479e-02	6.586e-02	6.013e-02	7.697e-02	6.665e-02	5.998e-02	7.256e-02
1.290e+04	5.730e-02	5.065e-02	6.302e-02	5.739e-02	5.199e-02	7.195e-02	6.474e-02	5.751e-02	8.187e-02	6.022e-02	5.773e-02	6.479e-02	6.598e-02	6.013e-02	7.697e-02	6.640e-02	5.998e-02	7.256e-02
1.300e+04	5.837e-02	5.033e-02	6.302e-02	5.739e-02	5.131e-02	7.195e-02	6.576e-02	5.751e-02	8.291e-02	6.131e-02	5.779e-02	6.479e-02	6.506e-02	6.013e-02	7.697e-02	6.669e-02	5.998e-02	7.342e-02
1.310e+04	5.837e-02	4.995e-02	6.365e-02	5.739e-02	5.073e-02	7.205e-02	6.695e-02	5.781e-02	8.219e-02	5.974e-02	5.746e-02	6.479e-02	6.479e-02	6.049e-02	7.617e-02	6.669e-02	5.998e-02	7.290e-02
1.320e+04	5.838e-02	5.046e-02	6.316e-02	5.697e-02	5.089e-02	7.292e-02	6.566e-02	5.815e-02	8.329e-02	5.970e-02	5.714e-02	6.422e-02	6.476e-02	6.101e-02	7.617e-02	6.485e-02	5.960e-02	7.202e-02
1.330e+04	5.900e-02	5.022e-02	6.420e-02	5.697e-02	5.089e-02	7.292e-02	6.566e-02	5.837e-02	8.329e-02	6.015e-02	5.739e-02	6.390e-02	6.471e-02	6.207e-02	7.581e-02	6.485e-02	5.955e-02	7.233e-02
1.340e+04	5.900e-02	5.070e-02	6.420e-02	5.760e-02	5.188e-02	7.292e-02	6.499e-02	5.852e-02	8.346e-02	6.015e-02	5.739e-02	6.390e-02	6.471e-02	6.135e-02	7.581e-02	6.445e-02	5.941e-02	7.233e-02
1.350e+04	5.900e-02	5.014e-02	6.314e-02	5.706e-02	5.214e-02	7.300e-02	6.499e-02	5.846e-02	8.346e-02	6.010e-02	5.749e-02	6.390e-02	6.471e-02	6.112e-02	7.528e-02	6.464e-02	5.941e-02	7.269e-02
1.360e+04	5.900e-02	5.046e-02	6.300e-02	5.737e-02	5.247e-02	7.300e-02	6.499e-02	5.835e-02	8.401e-02	6.065e-02	5.768e-02	6.390e-02	6.497e-02	6.156e-02	7.528e-02	6.476e-02	5.941e-02	7.262e-02
1.370e+04	5.706e-02	5.033e-02	6.300e-02	5.768e-02	5.247e-02	7.284e-02	6.499e-02	5.846e-02	8.491e-02	6.065e-02	5.709e-02	6.338e-02	6.497e-02	6.156e-02	7.528e-02	6.507e-02	5.894e-02	7.227e-02
1.380e+04	5.722e-02	5.044e-02	6.387e-02	5.751e-02	5.222e-02	7.284e-02	6.499e-02	5.885e-02	8.491e-02	6.010e-02	5.619e-02	6.338e-02	6.497e-02	6.131e-02	7.528e-02	6.584e-02	5.885e-02	7.134e-02
1.390e+04	5.706e-02	5.056e-02	6.403e-02	5.751e-02	5.302e-02	7.284e-02	6.499e-02	5.870e-02	8.575e-02	6.045e-02	5.664e-02	6.330e-02	6.497e-02	6.131e-02	7.528e-02	6.507e-02	5.861e-02	7.028e-02
1.400e+04	5.724e-02	5.055e-02	6.403e-02	5.759e-02	5.302e-02	7.284e-02	6.479e-02	5.870e-02	8.575e-02	6.118e-02	5.658e-02	6.330e-02	6.497e-02	6.092e-02	7.528e-02	6.507e-02	5.885e-02	7.068e-02
1.410e+04	5.724e-02	5.055e-02	6.352e-02	5.756e-02	5.246e-02	7.287e-02	6.382e-02	5.760e-02	8.575e-02	6.087e-02	5.658e-02	6.336e-02	6.524e-02	5.878e-02	7.400e-02	6.549e-02	5.947e-02	7.145e-02
1.420e+04	5.722e-02	4.995e-02	6.291e-02	5.756e-02	5.246e-02	7.282e-02	6.360e-02	5.684e-02	8.557e-02	6.096e-02	5.714e-02	6.336e-02	6.546e-02	6.018e-02	7.421e-02	6.519e-02	5.949e-02	7.145e-02
1.430e+04	5.722e-02	4.995e-02	6.349e-02	5.784e-02	5.089e-02	6.683e-02	6.394e-02	5.684e-02	8.568e-02	6.005e-02	5.667e-02	6.389e-02	6.544e-02	5.970e-02	7.460e-02	6.519e-02	5.927e-02	7.071e-02
1.440e+04	5.722e-02	4.955e-02	6.328e-02	5.784e-02	5.117e-02	6.683e-02	6.338e-02	5.684e-02	8.510e-02	6.023e-02	5.621e-02	6.395e-02	6.544e-02	5.970e-02	7.460e-02	6.519e-02	5.949e-02	7.075e-02
1.450e+04	5.722e-02	4.955e-02	6.293e-02	5.668e-02	5.091e-02	6.667e-02	6.245e-02	5.799e-02	8.510e-02	6.032e-02	5.630e-02	6.386e-02	6.512e-02	6.005e-02	7.479e-02	6.519e-02	5.940e-02	7.140e-02
1.460e+04	5.722e-02	4.955e-02	6.293e-02	5.682e-02	5.070e-02	6.748e-02	6.359e-02	5.816e-02	8.489e-02	6.045e-02	5.645e-02	6.386e-02	6.547e-02	6.014e-02	7.477e-02	6.519e-02	5.940e-02	7.135e-02
1.470e+04	5.754e-02	4.955e-02	6.325e-02	5.685e-02	5.049e-02	6.713e-02	6.359e-02	5.819e-02	8.489e-02	6.023e-02	5.618e-02	6.373e-02	6.547e-02	6.079e-02	7.477e-02	6.312e-02	5.892e-02	7.234e-02
1.480e+04	5.754e-02	4.955e-02	6.325e-02	5.668e-02	5.049e-02	6.712e-02	6.359e-02	5.676e-02	8.489e-02	6.030e-02	5.618e-02	6.548e-02	6.559e-02	6.219e-02	7.382e-02	6.271e-02	5.892e-02	7.247e-02
1.490e+04	5.869e-02	4.955e-02	6.358e-02	5.759e-02	5.068e-02	6.712e-02	6.359e-02	5.566e-02	8.489e-02	6.030e-02	5.618e-02	6.611e-02	6.544e-02	6.182e-02	7.289e-02	6.260e-02	5.927e-02	7.283e-02
1.500e+04	5.889e-02	4.955e-02	6.359e-02	5.760e-02	5.074e-02	6.712e-02	6.359e-02	5.566e-02	7.883e-02	6.032e-02	5.618e-02	6.611e-02	6.586e-02	6.182e-02	7.305e-02	6.260e-02	5.764e-02	7.286e-02
1.510e+04	5.875e-02	4.980e-02	6.271e-02	5.760e-02	5.075e-02	6.712e-02	6.365e-02	5.754e-02	7.883e-02	6.032e-02	5.630e-02	6.627e-02	6.555e-02	6.182e-02	7.268e-02	6.192e-02	5.763e-02	7.286e-02
1.520e+04	5.875e-02	4.942e-02	6.258e-02	5.759e-02	5.009e-02	6.738e-02	6.379e-02	5.776e-02	7.852e-02	6.032e-02	5.630e-02	6.627e-02	6.627e-02	6.182e-02	7.268e-02	6.227e-02	5.817e-02	7.368e-02
1.530e+04	5.920e-02	4.905e-02	6.258e-02	5.759e-02	5.028e-02	6.818e-02	6.382e-02	5.817e-02	7.895e-02	6.032e-02	5.630e-02	6.588e-02	6.657e-02	6.182e-02	7.268e-02	6.259e-02	5.737e-02	7.368e-02
1.540e+04	5.921e-02	4.905e-02	6.281e-02	5.759e-02	5.126e-02	6.825e-02	6.408e-02	5.805e-02	7.989e-02	6.032e-02	5.636e-02	6.474e-02	6.654e-02	6.213e-02	7.313e-02	6.290e-02	5.737e-02	7.333e-02
1.550e+04	5.881e-02	4.905e-02	6.287e-02	5.759e-02	5.191e-02	6.825e-02	6.408e-02	5.829e-02	8.035e-02	6.030e-02	5.630e-02	6.371e-02	6.654e-02	6.074e-02	7.337e-02	6.290e-02	5.688e-02	7.351e-02
1.560e+04	5.881e-02	4.765e-02	6.287e-02	5.759e-02	5.049e-02	6.825e-02	6.360e-02	5.829e-02	8.035e-02	6.149e-02	5.626e-02	6.330e-02	6.654e-02	6.080e-02	7.301e-02	6.271e-02	5.688e-02	7.334e-02
1.570e+04	5.881e-02	4.743e-02	6.271e-02	5.759e-02	5.053e-02	6.825e-02	6.360e-02	5.829e-02	8.079e-02	6.149e-02	5.624e-02	6.326e-02	6.595e-02	5.998e-02	7.337e-02	6.264e-02	5.736e-02	7.334e-02
1.580e+04	5.792e-02	4.786e-02	6.268e-02	5.759e-02	5.053e-02	6.825e-02	6.284e-02	5.833e-02	7.989e-02	6.110e-02	5.624e-02	6.336e-02	6.604e-02	5.999e-02	7.337e-02	6.264e-02	5.736e-02	7.334e-02
1.590e+04	5.842e-02	4.786e-02	6.193e-02	5.651e-02	4.985e-02	6.856e-02	6.401e-02	5.732e-02	7.989e-02	6.110e-02	5.626e-02	6.336e-02	6.604e-02	6.040e-02	7.340e-02	6.307e-02	5.723e-02	7.311e-02
1.600e+04	5.632e-02	4.840e-02	6.200e-02	5.651e-02	4.985e-02	6.819e-02	6.401e-02	5.727e-02	8.002e-02	6.110e-02	5.647e-02	6.336e-02	6.691e-02	6.040e-02	7.392e-02	6.311e-02	5.757e-02	7.277e-02
1.610e+04	5.632e-02	4.822e-02	6.235e-02	5.705e-02	5.031e-02	6.819e-02	6.360e-02	5.729e-02	8.002e-02	6.116e-02	5.583e-02	6.397e-02	6.746e-02	6.040e-02	7.392e-02	6.255e-02	5.757e-02	7.266e-02
1.620e+04	5.632e-02	4.822e-02	6.255e-02	5.722e-02	5.026e-02	6.843e-02	6.338e-02	5.729e-02	8.002e-02	6.116e-02	5.624e-02	6.397e-02	6.746e-02	6.074e-02	7.444e-02	6.254e-02	5.757e-02	7.321e-02
1.630e+04	5.653e-02	4.834e-02	6.245e-02	5.617e-02	5.089e-02	6.727e-02	6.416e-02	5.736e-02	7.845e-02	6.127e-02	5.595e-02	6.397e-02	6.726e-02	6.076e-02	7.444e-02	6.252e-02	5.770e-02	7.304e-02
1.640e+04	5.692e-02	4.839e-02	6.253e-02	5.653e-02	5.103e-02	6.663e-02	6.419e-02	5.710e-02	7.893e-02	6.128e-02	5.595e-02	6.346e-02	6.710e-02	6.054e-02	7.444e-02	6.227e-02	5.752e-02	7.304e-02
1.650e+04	5.692e-02	4.839e-02	6.253e-02	5.731e-02	5.032e-02	6.663e-02	6.386e-02	5.710e-02	7.855e-02	6.128e-02	5.638e-02	6.333e-02	6.722e-02	6.054e-02	7.444e-02	6.227e-02	5.757e-02	7.208e-02
1.660e+04	5.694e-02	4.839e-02	6.253e-02	5.731e-02	5.103e-02	6.663e-02	6.432e-02	5.710e-02	7.855e-02	6.104e-02	5.566e-02	6.356e-02	6.722e-02	6.054e-02	7.268e-02	6.214e-02	5.778e-02	7.208e-02
1.670e+04	5.694e-02	4.839e-02	6.457e-02	5.731e-02	5.101e-02	6.627e-02	6.432e-02	5.659e-02	7.855e-02	6.096e-02	5.573e-02	6.442e-02	6.727e-02	5.940e-02	7.258e-02	6.182e-02	5.798e-02	7.208e-02
1.680e+04	5.645e-02	4.861e-02	6.457e-02	5.747e-02	5.101e-02	6.627e-02	6.363e-02	5.730e-02	7.881e-02	6.096e-02	5.638e-02	6.442e-02	6.694e-02	5.940e-02	7.258e-02	6.182e-02	5.816e-02	7.208e-02
1.690e+04	5.645e-02	4.861e-02	6.421e-02	5.724e-02	4.790e-02	6.565e-02	6.363e-02	5.727e-02	7.948e-02	6.142e-02	5.603e-02	6.442e-02	6.801e-02	5.942e-02	7.336e-02	6.182e-02	5.825e-02	7.191e-02
1.700e+04	5.628e-02	4.839e-02	6.470e-02	5.724e-02	4.825e-02	6.601e-02	6.338e-02	5.685e-02	8.011e-02	6.142e-02	5.603e-02	6.540e-02	6.801e-02	5.942e-02	7.339e-02	6.219e-02	5.816e-02	7.205e-02
1.710e+04	5.628e-02	4.839e-02	6.475e-02	5.731e-02	4.825e-02	6.601e-02	6.355e-02	5.685e-02	8.011e-02	6.176e-02	5.603e-02	6.588e-02	6.730e-02	5.927e-02	7.331e-02	6.233e-02	5.752e-02	7.221e-02
1.720e+04	5.628e-02	4.839e-02	6.475e-02	5.763e-02	4.825e-02	6.529e-02	6.329e-02	5.629e-02	8.011e-02	6.176e-02	5.603e-02	6.604e-02	6.726e-02	5.942e-02	7.331e-02	6.207e-02	5.746e-02	7.221e-02
1.730e+04	5.628e-02	4.855e-02	6.475e-02	5.784e-02	4.825e-02	6.529e-02	6.329e-02	5.642e-02	8.011e-02	6.153e-02	5.603e-02	6.588e-02	6.766e-02	5.940e-02	7.412e-02	6.207e-02	5.746e-02	7.221e-02
1.740e+04	5.628e-02	4.855e-02	6.475e-02	5.784e-02	4.825e-02	6.479e-02	6.329e-02	5.642e-02	8.011e-02	6.153e-02	5.638e-02	6.541e-02	6.765e-02	5.902e-02	7.412e-02	6.207e-02	5.751e-02	7.202e-02
1.750e+04	5.577e-02	4.798e-02	6.457e-02	5.784e-02	4.825e-02	6.549e-02	6.266e-02	5.563e-02	8.138e-02	6.153e-02	5.677e-02	6.541e-02	6.752e-02	5.997e-02	7.412e-02	6.207e-02	5.751e-02	7.202e-02
1.760e+04	5.577e-02	4.797e-02	6.437e-02	5.784e-02	4.764e-02	6.551e-02	6.329e-02	5.583e-02	8.097e-02	6.153e-02	5.677e-02	6.541e-02	6.752e-02	5.979e-02	7.466e-02	6.207e-02	5.716e-02	7.187e-02
1.770e+04	5.577e-02	4.784e-02	6.437e-02	5.784e-02	4.764e-02	6.543e-02	6.329e-02	5.670e-02	8.056e-02	6.166e-02	5.677e-02	6.479e-02	6.765e-02	5.997e-02	7.438e-02	6.139e-02	5.728e-02	7.187e-02
1.780e+04	5.680e-02	4.725e-02	6.437e-02	5.766e-02	4.765e-02	6.506e-02	6.329e-02	5.697e-02	8.056e-02	6.162e-02	5.677e-02	6.479e-02	6.713e-02	6.020e-02	7.460e-02	6.102e-02	5.728e-02	7.187e-02
1.790e+04	5.680e-02	4.725e-02	6.476e-02	5.766e-02	4.765e-02	6.506e-02	6.307e-02	5.697e-02	8.014e-02	6.162e-02	5.667e-02	6.524e-02	6.711e-02	5.986e-02	7.408e-02	6.118e-02	5.760e-02	7.202e-02
1.800e+04	5.603e-02	4.748e-02	6.476e-02	5.568e-02	4.765e-02	6.506e-02	6.307e-02	5.697e-02	7.994e-02	6.126e-02	5.668e-02	6.524e-02	6.711e-02	5.986e-02	7.408e-02	6.118e-02	5.716e-02	7.241e-02
1.810e+04	5.601e-02	4.710e-02	6.436e-02	5.716e-02	4.765e-02	6.515e-02	6.307e-02	5.695e-02	7.994e-02	6.126e-02	5.672e-02	6.524e-02	6.738e-02	5.980e-02	7.408e-02	6.118e-02	5.716e-02	7.248e-02
1.820e+04	5.601e-02	4.681e-02	6.433e-02	5.708e-02	4.765e-02	6.525e-02	6.226e-02	5.695e-02	7.994e-02	6.126e-02	5.672e-02	6.531e-02	6.738e-02	5.975e-02	7.470e-02	6.118e-02	5.729e-02	7.248e-02
1.830e+04	5.715e-02	4.681e-02	6.416e-02	5.736e-02	4.765e-02	6.620e-02	6.123e-02	5.755e-02	7.994e-02	6.112e-02	5.672e-02	6.642e-02	6.738e-02	5.975e-02	7.232e-02	6.118e-02	5.729e-02	7.248e-02
1.840e+04	5.713e-02	4.681e-02	6.380e-02	5.739e-02	4.730e-02	6.620e-02	6.048e-02	5.622e-02	7.994e-02	6.112e-02	5.672e-02	6.587e-02	6.738e-02	5.950e-02	7.224e-02	6.118e-02	5.763e-02	7.248e-02
1.850e+04	5.624e-02	4.677e-02	6.346e-02	5.739e-02	4.730e-02	6.620e-02	6.048e-02	5.753e-02	8.044e-02	6.112e-02	5.672e-02	6.588e-02	6.738e-02	5.975e-02	7.296e-02	6.080e-02	5.678e-02	7.221e-02
1.860e+04	5.624e-02	4.768e-02	6.346e-02	5.739e-02	4.730e-02	6.627e-02	6.090e-02	5.753e-02	8.044e-02	6.112e-02	5.710e-02	6.695e-02	6.723e-02	5.975e-02	7.434e-02	6.080e-02	5.653e-02	7.221e-02
1.870e+04	5.591e-02	4.768e-02	6.346e-02	5.763e-02	4.730e-02	6.627e-02	6.120e-02	5.688e-02	8.080e-02	6.114e-02	5.710e-02	6.747e-02	6.631e-02	6.013e-02	7.441e-02	6.080e-02	5.627e-02	7.228e-02
1.880e+04	5.624e-02	4.768e-02	6.332e-02	5.763e-02	4.730e-02	6.604e-02	6.167e-02	5.702e-02	8.155e-02	6.089e-02	5.763e-02	6.747e-02	6.559e-02	5.944e-02	7.441e-02	6.080e-02	5.627e-02	7.335e-02
1.890e+04	5.770e-02	4.674e-02	6.338e-02	5.763e-02	4.730e-02	6.518e-02	6.167e-02	5.688e-02	8.155e-02	6.089e-02	5.788e-02	6.747e-02	6.591e-02	5.944e-02	7.419e-02	6.080e-02	5.627e-02	7.352e-02
1.900e+04	5.770e-02	4.674e-02	6.382e-02	5.763e-02	4.730e-02	6.518e-02	6.167e-02	5.688e-02	8.227e-02	6.089e-02	5.678e-02	6.769e-02	6.591e-02	5.923e-02	7.388e-02	6.085e-02	5.627e-02	7.352e-02
1.910e+04	5.718e-02	4.674e-02	6.382e-02	5.763e-02	4.730e-02	6.518e-02	6.167e-02	5.688e-02	8.227e-02	6.089e-02	5.678e-02	6.781e-02	6.595e-02	5.882e-02	7.388e-02	6.098e-02	5.608e-02	7.352e-02
1.920e+04	5.718e-02	4.674e-02	6.360e-02	5.731e-02	4.730e-02	6.518e-02	6.014e-02	5.724e-02	8.257e-02	6.089e-02	5.695e-02	6.781e-02	6.602e-02	5.882e-02	7.179e-02	6.098e-02	5.632e-02	7.320e-02
1.930e+04	5.718e-02	4.674e-02	6.360e-02	5.699e-02	4.730e-02	6.518e-02	6.026e-02	5.724e-02	8.281e-02	6.089e-02	5.710e-02	6.766e-02	6.622e-02	5.882e-02	7.179e-02	6.098e-02	5.638e-02	7.286e-02
1.940e+04	5.718e-02	4.623e-02	6.360e-02	5.672e-02	4.669e-02	6.518e-02	6.026e-02	5.724e-02	8.212e-02	6.041e-02	5.784e-02	6.745e-02	6.622e-02	5.882e-02	7.184e-02	6.098e-02	5.705e-02	7.235e-02
1.950e+04	5.718e-02	4.578e-02	6.321e-02	5.690e-02	4.669e-02	6.442e-02	6.026e-02	5.724e-02	8.171e-02	6.041e-02	5.784e-02	6.731e-02	6.542e-02	5.882e-02	7.125e-02	6.098e-02	5.674e-02	7.235e-02
1.960e+04	5.718e-02	4.571e-02	6.417e-02	5.690e-02	4.669e-02	6.442e-02	6.026e-02	5.681e-02	8.175e-02	6.041e-02	5.819e-02	6.670e-02	6.542e-02	5.882e-02	7.125e-02	6.098e-02	5.674e-02	7.235e-02
1.970e+04	5.717e-02	4.567e-02	6.379e-02	5.680e-02	4.623e-02	6.442e-02	6.039e-02	5.706e-02	8.175e-02	6.041e-02	5.751e-02	6.670e-02	6.568e-02	5.881e-02	7.125e-02	6.100e-02	5.669e-02	7.235e-02
1.980e+04	5.668e-02	4.567e-02	6.379e-02	5.634e-02	4.623e-02	6.442e-02	6.039e-02	5.706e-02	8.214e-02	6.071e-02	5.751e-02	6.670e-02	6.537e-02	5.976e-02	7.095e-02	6.157e-02	5.714e-02	7.260e-02
1.990e+04	5.668e-02	4.567e-02	6.379e-02	5.634e-02	4.553e-02	6.442e-02	6.101e-02	5.653e-02	8.219e-02	6.071e-02	5.767e-02	6.670e-02	6.559e-02	5.925e-02	7.179e-02	6.167e-02	5.714e-02	7.260e-02
2.000e+04	5.668e-02	4.726e-02	6.360e-02	5.634e-02	4.553e-02	6.442e-02	6.057e-02	5.638e-02	8.219e-02	6.081e-02	5.767e-02	6.667e-02	6.577e-02	5.925e-02	7.179e-02	6.167e-02	5.714e-02	7.267e-02
2.010e+04	5.668e-02	4.726e-02	6.360e-02	5.634e-02	4.553e-02	6.453e-02	6.098e-02	5.601e-02	8.214e-02	6.081e-02	5.767e-02	6.667e-02	6.577e-02	5.925e-02	7.141e-02	6.193e-02	5.714e-02	7.258e-02
2.020e+04	5.587e-02	4.726e-02	6.360e-02	5.601e-02	4.555e-02	6.453e-02	6.098e-02	5.624e-02	8.214e-02	6.151e-02	5.845e-02	6.642e-02	6.594e-02	5.994e-02	7.142e-02	6.193e-02	5.714e-02	7.309e-02
2.030e+04	5.587e-02	4.714e-02	6.360e-02	5.566e-02	4.524e-02	6.453e-02	6.098e-02	5.624e-02	8.214e-02	6.151e-02	5.788e-02	6.577e-02	6.573e-02	5.998e-02	7.142e-02	6.193e-02	5.714e-02	7.309e-02
2.040e+04	5.587e-02	4.715e-02	6.356e-02	5.571e-02	4.524e-02	6.493e-02	6.195e-02	5.636e-02	8.225e-02	6.151e-02	5.788e-02	6.577e-02	6.573e-02	5.998e-02	7.126e-02	6.207e-02	5.714e-02	7.284e-02
2.050e+04	5.587e-02	4.728e-02	6.356e-02	5.595e-02	4.541e-02	6.493e-02	6.195e-02	5.575e-02	8.214e-02	6.151e-02	5.772e-02	6.612e-02	6.573e-02	6.012e-02	7.123e-02	6.216e-02	5.726e-02	7.309e-02
2.060e+04	5.654e-02	4.728e-02	6.322e-02	5.587e-02	4.598e-02	6.493e-02	6.157e-02	5.650e-02	8.185e-02	6.151e-02	5.772e-02	6.612e-02	6.543e-02	6.018e-02	7.123e-02	6.216e-02	5.672e-02	7.309e-02
2.070e+04	5.718e-02	4.778e-02	6.322e-02	5.587e-02	4.598e-02	6.452e-02	6.157e-02	5.650e-02	8.205e-02	6.151e-02	5.772e-02	6.685e-02	6.534e-02	5.973e-02	7.131e-02	6.274e-02	5.672e-02	7.309e-02
2.080e+04	5.718e-02	4.778e-02	6.322e-02	5.588e-02	4.593e-02	6.452e-02	6.189e-02	5.571e-02	8.266e-02	6.100e-02	5.772e-02	6.612e-02	6.543e-02	5.964e-02	7.131e-02	6.274e-02	5.672e-02	7.309e-02
2.090e+04	5.704e-02	4.764e-02	6.293e-02	5.588e-02	4.566e-02	6.513e-02	6.162e-02	5.571e-02	8.266e-02	6.100e-02	5.772e-02	6.684e-02	6.543e-02	5.990e-02	7.208e-02	6.326e-02	5.672e-02	7.291e-02
2.100e+04	5.612e-02	4.612e-02	6.293e-02	5.609e-02	4.566e-02	6.513e-02	6.162e-02	5.600e-02	8.243e-02	6.100e-02	5.764e-02	6.685e-02	6.642e-02	5.990e-02	7.208e-02	6.326e-02	5.600e-02	7.291e-02
2.110e+04	5.653e-02	4.612e-02	6.293e-02	5.617e-02	4.566e-02	6.525e-02	6.162e-02	5.653e-02	8.243e-02	6.100e-02	5.764e-02	6.708e-02	6.642e-02	5.995e-02	7.208e-02	6.365e-02	5.600e-02	7.291e-02
2.120e+04	5.613e-02	4.601e-02	6.304e-02	5.653e-02	4.569e-02	6.525e-02	6.162e-02	5.656e-02	8.238e-02	6.100e-02	5.764e-02	6.752e-02	6.643e-02	5.995e-02	7.208e-02	6.336e-02	5.600e-02	7.291e-02
2.130e+04	5.613e-02	4.601e-02	6.304e-02	5.653e-02	4.569e-02	6.525e-02	6.162e-02	5.653e-02	8.261e-02	6.100e-02	5.772e-02	6.779e-02	6.673e-02	5.995e-02	7.044e-02	6.336e-02	5.600e-02	7.258e-02
2.140e+04	5.613e-02	4.601e-02	6.304e-02	5.653e-02	4.572e-02	6.525e-02	6.174e-02	5.653e-02	8.261e-02	6.097e-02	5.772e-02	6.790e-02	6.673e-02	6.012e-02	7.115e-02	6.377e-02	5.600e-02	7.258e-02
2.150e+04	5.617e-02	4.601e-02	6.304e-02	5.653e-02	4.610e-02	6.525e-02	6.174e-02	5.595e-02	8.266e-02	6.097e-02	5.772e-02	6.790e-02	6.627e-02	6.012e-02	7.115e-02	6.334e-02	5.600e-02	7.258e-02
2.160e+04	5.617e-02	4.586e-02	6.358e-02	5.653e-02	4.610e-02	6.525e-02	6.128e-02	5.587e-02	8.266e-02	6.097e-02	5.772e-02	6.790e-02	6.573e-02	6.012e-02	7.104e-02	6.330e-02	5.604e-02	7.228e-02
2.170e+04	5.617e-02	4.592e-02	6.358e-02	5.595e-02	4.643e-02	6.525e-02	6.174e-02	5.587e-02	8.250e-02	6.097e-02	5.776e-02	6.748e-02	6.573e-02	6.012e-02	7.104e-02	6.330e-02	5.565e-02	7.228e-02
2.180e+04	5.445e-02	4.592e-02	6.305e-02	5.595e-02	4.643e-02	6.525e-02	6.174e-02	5.568e-02	8.250e-02	6.223e-02	5.776e-02	6.812e-02	6.460e-02	5.944e-02	6.904e-02	6.330e-02	5.621e-02	7.248e-02
2.190e+04	5.362e-02	4.592e-02	6.364e-02	5.590e-02	4.643e-02	6.525e-02	6.174e-02	5.568e-02	8.250e-02	6.176e-02	5.776e-02	6.812e-02	6.460e-02	5.944e-02	6.904e-02	6.330e-02	5.667e-02	7.248e-02
2.200e+04	5.362e-02	4.592e-02	6.364e-02	5.590e-02	4.643e-02	6.480e-02	6.178e-02	5.587e-02	8.250e-02	6.176e-02	5.776e-02	6.812e-02	6.555e-02	5.944e-02	6.904e-02	6.445e-02	5.667e-02	7.248e-02
2.210e+04	5.362e-02	4.592e-02	6.364e-02	5.590e-02	4.643e-02	6.480e-02	6.227e-02	5.601e-02	8.366e-02	6.176e-02	5.776e-02	6.812e-02	6.555e-02	5.920e-02	6.904e-02	6.445e-02	5.751e-02	7.205e-02
2.220e+04	5.362e-02	4.610e-02	6.364e-02	5.578e-02	4.643e-02	6.480e-02	6.296e-02	5.536e-02	8.347e-02	6.176e-02	5.755e-02	6.841e-02	6.515e-02	5.915e-02	6.903e-02	6.311e-02	5.679e-02	7.178e-02
2.230e+04	5.320e-02	4.610e-02	6.405e-02	5.578e-02	4.643e-02	6.480e-02	6.296e-02	5.536e-02	8.144e-02	6.176e-02	5.722e-02	6.841e-02	6.515e-02	5.915e-02	6.866e-02	6.311e-02	5.679e-02	7.178e-02
2.240e+04	5.320e-02	4.610e-02	6.251e-02	5.578e-02	4.632e-02	6.480e-02	6.318e-02	5.536e-02	8.204e-02	6.181e-02	5.763e-02	6.775e-02	6.515e-02	5.880e-02	6.866e-02	6.322e-02	5.668e-02	7.058e-02
2.250e+04	5.320e-02	4.588e-02	6.311e-02	5.603e-02	4.632e-02	6.480e-02	6.318e-02	5.536e-02	8.218e-02	6.182e-02	5.783e-02	6.775e-02	6.414e-02	5.881e-02	6.858e-02	6.321e-02	5.668e-02	7.058e-02
2.260e+04	5.320e-02	4.588e-02	6.269e-02	5.598e-02	4.665e-02	6.480e-02	6.318e-02	5.520e-02	8.218e-02	6.193e-02	5.783e-02	6.775e-02	6.414e-02	5.881e-02	6.858e-02	6.321e-02	5.600e-02	7.166e-02
2.270e+04	5.320e-02	4.592e-02	6.269e-02	5.598e-02	4.633e-02	6.435e-02	6.318e-02	5.475e-02	8.218e-02	6.193e-02	5.803e-02	6.775e-02	6.414e-02	5.881e-02	6.858e-02	6.321e-02	5.600e-02	7.197e-02
2.280e+04	5.334e-02	4.624e-02	6.269e-02	5.517e-02	4.549e-02	6.435e-02	6.309e-02	5.475e-02	8.218e-02	6.193e-02	5.780e-02	6.775e-02	6.414e-02	5.881e-02	6.873e-02	6.330e-02	5.600e-02	7.107e-02
2.290e+04	5.334e-02	4.624e-02	6.269e-02	5.517e-02	4.549e-02	6.448e-02	6.304e-02	5.393e-02	8.218e-02	6.193e-02	5.804e-02	6.790e-02	6.414e-02	5.785e-02	6.875e-02	6.334e-02	5.600e-02	7.107e-02
2.300e+04	5.334e-02	4.624e-02	6.073e-02	5.517e-02	4.585e-02	6.493e-02	6.304e-02	5.391e-02	8.202e-02	6.216e-02	5.808e-02	6.790e-02	6.414e-02	5.785e-02	6.875e-02	6.334e-02	5.600e-02	7.107e-02
2.310e+04	5.370e-02	4.624e-02	6.073e-02	5.450e-02	4.575e-02	6.506e-02	6.304e-02	5.391e-02	8.202e-02	6.216e-02	5.804e-02	6.776e-02	6.464e-02	5.825e-02	6.875e-02	6.235e-02	5.600e-02	7.107e-02
2.320e+04	5.370e-02	4.624e-02	6.163e-02	5.450e-02	4.575e-02	6.506e-02	6.290e-02	5.391e-02	8.202e-02	6.216e-02	5.804e-02	6.776e-02	6.464e-02	5.785e-02	6.875e-02	6.293e-02	5.600e-02	7.107e-02
2.330e+04	5.370e-02	4.621e-02	6.081e-02	5.450e-02	4.575e-02	6.506e-02	6.218e-02	5.391e-02	8.202e-02	6.290e-02	5.804e-02	6.776e-02	6.389e-02	5.785e-02	6.863e-02	6.293e-02	5.600e-02	7.107e-02
2.340e+04	5.370e-02	4.621e-02	6.081e-02	5.450e-02	4.575e-02	6.506e-02	6.351e-02	5.383e-02	7.539e-02	6.274e-02	5.832e-02	6.776e-02	6.407e-02	5.791e-02	6.863e-02	6.292e-02	5.590e-02	7.095e-02
2.350e+04	5.370e-02	4.551e-02	6.081e-02	5.450e-02	4.585e-02	6.506e-02	6.351e-02	5.388e-02	7.595e-02	6.335e-02	5.880e-02	6.670e-02	6.407e-02	5.791e-02	6.863e-02	6.292e-02	5.611e-02	7.054e-02
2.360e+04	5.331e-02	4.529e-02	6.068e-02	5.417e-02	4.585e-02	6.506e-02	6.351e-02	5.400e-02	7.595e-02	6.335e-02	5.880e-02	6.698e-02	6.407e-02	5.791e-02	7.018e-02	6.304e-02	5.611e-02	7.135e-02
2.370e+04	5.317e-02	4.527e-02	6.116e-02	5.417e-02	4.567e-02	6.489e-02	6.256e-02	5.400e-02	7.595e-02	6.335e-02	5.880e-02	6.690e-02	6.386e-02	5.791e-02	7.018e-02	6.304e-02	5.611e-02	7.171e-02
2.380e+04	5.317e-02	4.527e-02	6.116e-02	5.417e-02	4.567e-02	6.489e-02	6.256e-02	5.405e-02	7.561e-02	6.312e-02	5.880e-02	6.690e-02	6.458e-02	5.813e-02	7.018e-02	6.304e-02	5.611e-02	7.117e-02
2.390e+04	5.371e-02	4.527e-02	6.131e-02	5.407e-02	4.607e-02	6.482e-02	6.256e-02	5.405e-02	7.561e-02	6.295e-02	5.843e-02	6.698e-02	6.458e-02	5.813e-02	7.018e-02	6.304e-02	5.645e-02	7.117e-02
2.400e+04	5.371e-02	4.527e-02	6.131e-02	5.493e-02	4.562e-02	6.482e-02	6.256e-02	5.357e-02	7.561e-02	6.295e-02	5.889e-02	6.641e-02	6.471e-02	5.813e-02	7.018e-02	6.255e-02	5.638e-02	7.117e-02
2.410e+04	5.371e-02	4.527e-02	6.131e-02	5.493e-02	4.607e-02	6.452e-02	6.256e-02	5.357e-02	7.561e-02	6.295e-02	5.889e-02	6.629e-02	6.476e-02	5.813e-02	7.018e-02	6.196e-02	5.638e-02	7.155e-02
2.420e+04	5.417e-02	4.440e-02	6.156e-02	5.493e-02	4.607e-02	6.508e-02	6.256e-02	5.328e-02	7.561e-02	6.295e-02	5.889e-02	6.552e-02	6.452e-02	5.789e-02	7.018e-02	6.141e-02	5.638e-02	7.155e-02
2.430e+04	5.417e-02	4.440e-02	6.156e-02	5.493e-02	4.607e-02	6.508e-02	6.220e-02	5.357e-02	7.561e-02	6.322e-02	5.819e-02	6.552e-02	6.452e-02	5.789e-02	7.018e-02	6.159e-02	5.632e-02	7.155e-02
2.440e+04	5.454e-02	4.410e-02	6.146e-02	5.488e-02	4.631e-02	6.508e-02	6.220e-02	5.357e-02	7.512e-02	6.283e-02	5.819e-02	6.552e-02	6.549e-02	5.798e-02	7.018e-02	6.239e-02	5.627e-02	7.155e-02
2.450e+04	5.454e-02	4.430e-02	6.081e-02	5.488e-02	4.607e-02	6.508e-02	6.243e-02	5.350e-02	7.512e-02	6.290e-02	5.819e-02	6.552e-02	6.549e-02	5.743e-02	7.018e-02	6.288e-02	5.627e-02	7.097e-02
2.460e+04	5.478e-02	4.430e-02	6.080e-02	5.488e-02	4.607e-02	6.508e-02	6.243e-02	5.214e-02	7.537e-02	6.290e-02	5.819e-02	6.552e-02	6.463e-02	5.852e-02	7.018e-02	6.288e-02	5.627e-02	7.097e-02
2.470e+04	5.408e-02	4.430e-02	6.139e-02	5.488e-02	4.532e-02	6.530e-02	6.243e-02	5.265e-02	7.493e-02	6.290e-02	5.819e-02	6.552e-02	6.474e-02	5.852e-02	7.014e-02	6.300e-02	5.663e-02	7.097e-02
2.480e+04	5.350e-02	4.407e-02	6.139e-02	5.488e-02	4.532e-02	6.500e-02	6.266e-02	5.215e-02	7.371e-02	6.290e-02	5.819e-02	6.519e-02	6.474e-02	5.852e-02	7.014e-02	6.300e-02	5.742e-02	7.097e-02
2.490e+04	5.312e-02	4.475e-02	6.139e-02	5.488e-02	4.532e-02	6.500e-02	6.245e-02	5.164e-02	7.393e-02	6.290e-02	5.819e-02	6.525e-02	6.447e-02	5.852e-02	7.014e-02	6.300e-02	5.862e-02	7.097e-02
2.500e+04	5.200e-02	4.435e-02	6.139e-02	5.488e-02	4.532e-02	6.500e-02	6.245e-02	5.164e-02	7.393e-02	6.290e-02	5.845e-02	6.479e-02	6.414e-02	5.834e-02	7.001e-02	6.300e-02	5.865e-02	7.090e-02
2.510e+04	5.200e-02	4.445e-02	6.213e-02	5.488e-02	4.532e-02	6.536e-02	6.245e-02	5.164e-02	7.370e-02	6.290e-02	5.845e-02	6.549e-02	6.449e-02	5.834e-02	6.976e-02	6.255e-02	5.890e-02	7.251e-02
2.520e+04	5.200e-02	4.445e-02	6.230e-02	5.488e-02	4.518e-02	6.508e-02	6.313e-02	5.164e-02	7.427e-02	6.290e-02	5.819e-02	6.549e-02	6.449e-02	5.834e-02	6.994e-02	6.255e-02	5.890e-02	7.251e-02
2.530e+04	5.222e-02	4.438e-02	6.230e-02	5.504e-02	4.506e-02	6.522e-02	6.313e-02	5.164e-02	7.427e-02	6.274e-02	5.812e-02	6.549e-02	6.449e-02	5.834e-02	7.092e-02	6.255e-02	5.890e-02	7.157e-02
2.540e+04	5.222e-02	4.435e-02	6.230e-02	5.518e-02	4.506e-02	6.522e-02	6.318e-02	5.164e-02	7.427e-02	6.285e-02	5.807e-02	6.552e-02	6.453e-02	5.834e-02	7.087e-02	6.255e-02	5.845e-02	7.157e-02
2.550e+04	5.267e-02	4.443e-02	6.230e-02	5.547e-02	4.506e-02	6.536e-02	6.266e-02	5.170e-02	7.459e-02	6.285e-02	5.850e-02	6.552e-02	6.433e-02	5.834e-02	7.091e-02	6.216e-02	5.845e-02	7.185e-02
2.560e+04	5.267e-02	4.479e-02	6.354e-02	5.596e-02	4.483e-02	6.536e-02	6.257e-02	5.254e-02	7.435e-02	6.285e-02	5.807e-02	6.552e-02	6.457e-02	5.834e-02	7.091e-02	6.226e-02	5.871e-02	7.211e-02
2.570e+04	5.267e-02	4.479e-02	6.375e-02	5.596e-02	4.483e-02	6.536e-02	6.340e-02	5.226e-02	7.435e-02	6.285e-02	5.807e-02	6.611e-02	6.397e-02	5.834e-02	7.091e-02	6.212e-02	5.871e-02	7.211e-02
2.580e+04	5.215e-02	4.454e-02	6.375e-02	5.596e-02	4.483e-02	6.536e-02	6.317e-02	5.168e-02	7.420e-02	6.284e-02	5.807e-02	6.611e-02	6.371e-02	5.801e-02	7.091e-02	6.233e-02	5.821e-02	7.211e-02
2.590e+04	5.215e-02	4.454e-02	6.433e-02	5.596e-02	4.483e-02	6.536e-02	6.317e-02	5.195e-02	7.420e-02	6.295e-02	5.927e-02	6.637e-02	6.380e-02	5.790e-02	7.091e-02	6.341e-02	5.821e-02	7.211e-02
2.600e+04	5.215e-02	4.535e-02	6.356e-02	5.635e-02	4.504e-02	6.536e-02	6.317e-02	5.195e-02	7.305e-02	6.295e-02	5.873e-02	6.649e-02	6.380e-02	5.790e-02	7.091e-02	6.425e-02	5.828e-02	7.211e-02
2.610e+04	5.215e-02	4.535e-02	6.356e-02	5.635e-02	4.508e-02	6.420e-02	6.337e-02	5.191e-02	7.297e-02	6.295e-02	5.922e-02	6.649e-02	6.380e-02	5.832e-02	7.091e-02	6.425e-02	5.828e-02	7.211e-02
2.620e+04	5.191e-02	4.482e-02	6.356e-02	5.635e-02	4.509e-02	6.420e-02	6.337e-02	5.191e-02	7.297e-02	6.295e-02	5.922e-02	6.649e-02	6.380e-02	5.832e-02	7.071e-02	6.425e-02	5.828e-02	7.211e-02
2.630e+04	5.325e-02	4.482e-02	6.371e-02	5.617e-02	4.535e-02	6.420e-02	6.318e-02	5.204e-02	7.297e-02	6.321e-02	5.922e-02	6.649e-02	6.442e-02	5.880e-02	7.071e-02	6.425e-02	5.848e-02	7.211e-02
2.640e+04	5.325e-02	4.482e-02	6.371e-02	5.629e-02	4.508e-02	6.433e-02	6.318e-02	5.204e-02	7.297e-02	6.321e-02	5.877e-02	6.649e-02	6.442e-02	5.880e-02	7.071e-02	6.425e-02	5.860e-02	7.211e-02
2.650e+04	5.325e-02	4.482e-02	6.371e-02	5.629e-02	4.546e-02	6.433e-02	6.249e-02	5.227e-02	7.297e-02	6.338e-02	5.877e-02	6.649e-02	6.442e-02	5.880e-02	7.071e-02	6.296e-02	5.837e-02	7.180e-02
2.660e+04	5.325e-02	4.482e-02	6.371e-02	5.599e-02	4.575e-02	6.231e-02	6.249e-02	5.227e-02	7.313e-02	6.338e-02	5.877e-02	6.649e-02	6.442e-02	5.920e-02	7.071e-02	6.323e-02	5.837e-02	6.975e-02
2.670e+04	5.325e-02	4.475e-02	6.371e-02	5.599e-02	4.575e-02	6.025e-02	6.249e-02	5.227e-02	7.313e-02	6.338e-02	5.877e-02	6.654e-02	6.416e-02	5.920e-02	7.048e-02	6.323e-02	5.837e-02	6.975e-02
2.680e+04	5.343e-02	4.475e-02	6.371e-02	5.590e-02	4.575e-02	6.025e-02	6.249e-02	5.227e-02	7.313e-02	6.321e-02	5.877e-02	6.654e-02	6.416e-02	5.920e-02	7.048e-02	6.299e-02	5.739e-02	6.975e-02
2.690e+04	5.343e-02	4.475e-02	6.371e-02	5.590e-02	4.619e-02	6.025e-02	6.197e-02	5.227e-02	7.313e-02	6.321e-02	5.877e-02	6.508e-02	6.319e-02	5.778e-02	7.185e-02	6.277e-02	5.739e-02	6.828e-02
2.700e+04	5.343e-02	4.509e-02	6.371e-02	5.397e-02	4.619e-02	6.025e-02	6.111e-02	5.227e-02	7.299e-02	6.321e-02	5.862e-02	6.555e-02	6.319e-02	5.778e-02	7.185e-02	6.277e-02	5.645e-02	6.828e-02
2.710e+04	5.343e-02	4.509e-02	6.334e-02	5.397e-02	4.679e-02	6.025e-02	6.111e-02	5.227e-02	7.299e-02	6.323e-02	5.891e-02	6.555e-02	6.324e-02	5.838e-02	7.185e-02	6.277e-02	5.652e-02	6.828e-02
2.720e+04	5.343e-02	4.509e-02	6.334e-02	5.397e-02	4.610e-02	6.025e-02	6.157e-02	5.231e-02	7.387e-02	6.323e-02	5.906e-02	6.524e-02	6.324e-02	5.838e-02	7.185e-02	6.277e-02	5.695e-02	6.828e-02
2.730e+04	5.285e-02	4.455e-02	6.334e-02	5.388e-02	4.610e-02	6.049e-02	6.108e-02	5.231e-02	7.388e-02	6.304e-02	5.912e-02	6.524e-02	6.304e-02	5.838e-02	7.185e-02	6.265e-02	5.801e-02	6.828e-02
2.740e+04	5.328e-02	4.530e-02	6.338e-02	5.386e-02	4.610e-02	6.049e-02	6.155e-02	5.231e-02	7.388e-02	6.323e-02	5.862e-02	6.504e-02	6.358e-02	5.838e-02	7.185e-02	6.265e-02	5.801e-02	6.828e-02
2.750e+04	5.290e-02	4.509e-02	6.338e-02	5.379e-02	4.610e-02	6.053e-02	6.124e-02	5.231e-02	7.388e-02	6.323e-02	5.898e-02	6.504e-02	6.358e-02	5.839e-02	7.157e-02	6.262e-02	5.801e-02	6.585e-02
2.760e+04	5.290e-02	4.509e-02	6.338e-02	5.379e-02	4.669e-02	6.064e-02	6.219e-02	5.103e-02	7.315e-02	6.323e-02	5.898e-02	6.508e-02	6.393e-02	5.839e-02	7.157e-02	6.270e-02	5.801e-02	6.585e-02
2.770e+04	5.290e-02	4.509e-02	6.338e-02	5.379e-02	4.669e-02	6.004e-02	6.219e-02	5.103e-02	7.315e-02	6.323e-02	5.898e-02	6.543e-02	6.393e-02	5.839e-02	7.157e-02	6.270e-02	5.801e-02	6.551e-02
2.780e+04	5.290e-02	4.534e-02	6.293e-02	5.379e-02	4.669e-02	6.004e-02	6.219e-02	5.084e-02	7.315e-02	6.338e-02	5.748e-02	6.543e-02	6.408e-02	5.839e-02	7.157e-02	6.268e-02	5.801e-02	6.551e-02
2.790e+04	5.290e-02	4.434e-02	6.304e-02	5.379e-02	4.530e-02	6.004e-02	6.219e-02	5.084e-02	7.315e-02	6.352e-02	5.739e-02	6.543e-02	6.408e-02	5.839e-02	7.157e-02	6.268e-02	5.731e-02	6.551e-02
2.800e+04	5.290e-02	4.394e-02	6.304e-02	5.410e-02	4.530e-02	6.004e-02	6.219e-02	5.084e-02	7.315e-02	6.347e-02	5.846e-02	6.543e-02	6.408e-02	5.839e-02	7.153e-02	6.268e-02	5.673e-02	6.551e-02
2.810e+04	5.261e-02	4.394e-02	6.340e-02	5.410e-02	4.493e-02	6.004e-02	6.182e-02	5.084e-02	7.305e-02	6.347e-02	5.846e-02	6.543e-02	6.377e-02	5.820e-02	7.153e-02	6.270e-02	5.649e-02	6.540e-02
2.820e+04	5.295e-02	4.394e-02	6.365e-02	5.410e-02	4.509e-02	6.004e-02	6.182e-02	5.017e-02	7.305e-02	6.347e-02	5.860e-02	6.563e-02	6.382e-02	5.820e-02	7.153e-02	6.270e-02	5.649e-02	6.496e-02
2.830e+04	5.303e-02	4.394e-02	6.365e-02	5.410e-02	4.509e-02	5.980e-02	6.182e-02	5.017e-02	7.208e-02	6.347e-02	5.869e-02	6.563e-02	6.382e-02	5.820e-02	7.153e-02	6.270e-02	5.645e-02	6.495e-02
2.840e+04	5.303e-02	4.394e-02	6.365e-02	5.410e-02	4.509e-02	5.980e-02	6.131e-02	5.026e-02	7.191e-02	6.326e-02	5.869e-02	6.563e-02	6.382e-02	5.820e-02	7.198e-02	6.302e-02	5.645e-02	6.495e-02
2.850e+04	5.316e-02	4.399e-02	6.365e-02	5.297e-02	4.509e-02	5.980e-02	6.131e-02	5.047e-02	7.149e-02	6.326e-02	5.834e-02	6.488e-02	6.382e-02	5.800e-02	7.231e-02	6.321e-02	5.645e-02	6.495e-02
2.860e+04	5.406e-02	4.408e-02	6.365e-02	5.297e-02	4.509e-02	6.007e-02	6.137e-02	4.959e-02	7.149e-02	6.317e-02	5.834e-02	6.488e-02	6.382e-02	5.697e-02	7.231e-02	6.309e-02	5.643e-02	6.495e-02
2.870e+04	5.297e-02	4.390e-02	6.363e-02	5.293e-02	4.483e-02	6.020e-02	6.137e-02	4.959e-02	7.217e-02	6.317e-02	5.858e-02	6.488e-02	6.382e-02	5.697e-02	7.334e-02	6.277e-02	5.645e-02	6.511e-02
2.880e+04	5.297e-02	4.390e-02	6.363e-02	5.293e-02	4.711e-02	6.020e-02	6.137e-02	4.959e-02	7.217e-02	6.317e-02	5.858e-02	6.478e-02	6.382e-02	5.697e-02	7.311e-02	6.170e-02	5.645e-02	6.490e-02
2.890e+04	5.506e-02	4.390e-02	6.363e-02	5.293e-02	4.770e-02	6.020e-02	6.137e-02	4.959e-02	7.192e-02	6.317e-02	5.865e-02	6.478e-02	6.382e-02	5.697e-02	7.311e-02	6.170e-02	5.650e-02	6.490e-02
2.900e+04	5.506e-02	4.390e-02	6.419e-02	5.293e-02	4.770e-02	6.033e-02	6.137e-02	4.959e-02	7.175e-02	6.317e-02	5.865e-02	6.478e-02	6.382e-02	5.697e-02	7.097e-02	6.170e-02	5.650e-02	6.509e-02
2.910e+04	5.506e-02	4.390e-02	6.394e-02	5.293e-02	4.770e-02	6.033e-02	6.101e-02	4.985e-02	7.175e-02	6.277e-02	5.865e-02	6.472e-02	6.393e-02	5.697e-02	7.088e-02	6.170e-02	5.607e-02	6.509e-02
2.920e+04	5.506e-02	4.390e-02	6.394e-02	5.322e-02	4.770e-02	6.033e-02	6.101e-02	4.985e-02	7.123e-02	6.277e-02	5.865e-02	6.472e-02	6.344e-02	5.697e-02	7.088e-02	6.170e-02	5.607e-02	6.504e-02
2.930e+04	5.506e-02	4.399e-02	6.394e-02	5.322e-02	4.700e-02	6.033e-02	6.126e-02	4.985e-02	7.123e-02	6.337e-02	5.865e-02	6.472e-02	6.393e-02	5.689e-02	7.052e-02	6.247e-02	5.596e-02	6.504e-02
2.940e+04	5.506e-02	4.399e-02	6.386e-02	5.322e-02	4.700e-02	6.104e-02	6.126e-02	4.985e-02	7.061e-02	6.337e-02	5.865e-02	6.488e-02	6.454e-02	5.689e-02	7.052e-02	6.247e-02	5.596e-02	6.574e-02
2.950e+04	5.506e-02	4.384e-02	6.386e-02	5.322e-02	4.700e-02	6.104e-02	6.126e-02	4.984e-02	7.061e-02	6.349e-02	5.873e-02	6.515e-02	6.370e-02	5.727e-02	7.048e-02	6.247e-02	5.596e-02	6.574e-02
2.960e+04	5.506e-02	4.384e-02	6.357e-02	5.322e-02	4.700e-02	6.104e-02	6.126e-02	4.984e-02	7.061e-02	6.349e-02	5.873e-02	6.508e-02	6.370e-02	5.727e-02	7.058e-02	6.247e-02	5.596e-02	6.652e-02
2.970e+04	5.366e-02	4.384e-02	6.363e-02	5.393e-02	4.700e-02	6.091e-02	6.118e-02	4.984e-02	7.061e-02	6.322e-02	5.918e-02	6.508e-02	6.342e-02	5.727e-02	7.048e-02	6.247e-02	5.596e-02	6.652e-02
2.980e+04	5.371e-02	4.380e-02	6.374e-02	5.393e-02	4.700e-02	6.091e-02	6.118e-02	4.984e-02	7.061e-02	6.322e-02	5.918e-02	6.530e-02	6.342e-02	5.727e-02	7.048e-02	6.247e-02	5.596e-02	6.652e-02
2.990e+04	5.263e-02	4.310e-02	6.374e-02	5.393e-02	4.700e-02	6.091e-02	6.039e-02	4.984e-02	7.061e-02	6.322e-02	5.918e-02	6.530e-02	6.375e-02	5.727e-02	7.048e-02	6.247e-02	5.607e-02	6.652e-02
3.000e+04	5.263e-02	4.310e-02	6.427e-02	5.468e-02	4.700e-02	6.091e-02	6.039e-02	4.975e-02	7.061e-02	6.318e-02	5.832e-02	6.508e-02	6.374e-02	5.727e-02	7.167e-02	6.241e-02	5.607e-02	6.652e-02
3.010e+04	5.263e-02	4.310e-02	6.419e-02	5.379e-02	4.690e-02	6.139e-02	6.039e-02	4.975e-02	7.061e-02	6.278e-02	5.895e-02	6.508e-02	6.374e-02	5.727e-02	7.167e-02	6.241e-02	5.607e-02	6.652e-02
3.020e+04	5.263e-02	4.310e-02	6.460e-02	5.379e-02	4.690e-02	6.139e-02	6.017e-02	4.961e-02	7.061e-02	6.297e-02	5.881e-02	6.508e-02	6.374e-02	5.722e-02	7.173e-02	6.241e-02	5.607e-02	6.652e-02
3.030e+04	5.263e-02	4.304e-02	6.460e-02	5.348e-02	4.690e-02	6.139e-02	6.017e-02	4.973e-02	7.080e-02	6.323e-02	5.881e-02	6.507e-02	6.369e-02	5.722e-02	7.173e-02	6.258e-02	5.626e-02	6.652e-02
3.040e+04	5.297e-02	4.304e-02	6.460e-02	5.379e-02	4.690e-02	6.139e-02	6.017e-02	4.990e-02	7.080e-02	6.323e-02	5.885e-02	6.512e-02	6.364e-02	5.658e-02	7.173e-02	6.241e-02	5.626e-02	6.652e-02
3.050e+04	5.297e-02	4.304e-02	6.460e-02	5.379e-02	4.690e-02	6.098e-02	6.053e-02	4.961e-02	7.102e-02	6.313e-02	5.885e-02	6.512e-02	6.364e-02	5.727e-02	7.173e-02	6.241e-02	5.692e-02	6.646e-02
3.060e+04	5.297e-02	4.264e-02	6.512e-02	5.424e-02	4.690e-02	6.098e-02	6.017e-02	4.961e-02	7.150e-02	6.313e-02	5.885e-02	6.512e-02	6.328e-02	5.669e-02	7.173e-02	6.207e-02	5.706e-02	6.646e-02
3.070e+04	5.297e-02	4.264e-02	6.415e-02	5.306e-02	4.690e-02	6.098e-02	6.053e-02	4.961e-02	7.125e-02	6.347e-02	5.887e-02	6.512e-02	6.328e-02	5.669e-02	7.173e-02	6.194e-02	5.706e-02	6.649e-02
3.080e+04	5.326e-02	4.343e-02	6.389e-02	5.306e-02	4.690e-02	6.155e-02	6.053e-02	4.958e-02	7.125e-02	6.347e-02	5.900e-02	6.512e-02	6.364e-02	5.651e-02	7.173e-02	6.172e-02	5.706e-02	6.649e-02
3.090e+04	5.326e-02	4.343e-02	6.389e-02	5.306e-02	4.690e-02	6.155e-02	6.053e-02	4.932e-02	7.138e-02	6.328e-02	5.900e-02	6.543e-02	6.364e-02	5.880e-02	7.173e-02	6.172e-02	5.736e-02	6.649e-02
3.100e+04	5.326e-02	4.343e-02	6.389e-02	5.306e-02	4.700e-02	6.162e-02	6.053e-02	4.932e-02	7.138e-02	6.322e-02	5.900e-02	6.590e-02	6.364e-02	5.935e-02	7.173e-02	6.172e-02	5.736e-02	6.646e-02
3.110e+04	5.417e-02	4.323e-02	6.389e-02	5.306e-02	4.700e-02	6.195e-02	6.052e-02	4.932e-02	7.138e-02	6.322e-02	5.910e-02	6.597e-02	6.334e-02	5.935e-02	7.189e-02	6.168e-02	5.706e-02	6.646e-02
3.120e+04	5.417e-02	4.305e-02	6.405e-02	5.306e-02	4.598e-02	6.515e-02	5.989e-02	4.932e-02	7.138e-02	6.322e-02	5.910e-02	6.597e-02	6.334e-02	5.944e-02	7.189e-02	6.116e-02	5.706e-02	6.797e-02
3.130e+04	5.417e-02	4.305e-02	6.405e-02	5.181e-02	4.613e-02	6.515e-02	5.980e-02	4.932e-02	7.138e-02	6.322e-02	5.910e-02	6.597e-02	6.388e-02	5.944e-02	7.189e-02	6.120e-02	5.706e-02	6.808e-02
3.140e+04	5.417e-02	4.305e-02	6.405e-02	5.181e-02	4.613e-02	6.515e-02	5.980e-02	4.931e-02	7.138e-02	6.322e-02	5.910e-02	6.656e-02	6.388e-02	5.881e-02	7.189e-02	6.133e-02	5.698e-02	6.945e-02
3.150e+04	5.417e-02	4.164e-02	6.412e-02	5.254e-02	4.654e-02	6.515e-02	5.933e-02	4.931e-02	7.150e-02	6.322e-02	5.878e-02	6.656e-02	6.388e-02	5.939e-02	7.189e-02	6.163e-02	5.698e-02	6.945e-02
3.160e+04	5.417e-02	4.164e-02	6.412e-02	5.254e-02	4.639e-02	6.515e-02	5.933e-02	4.931e-02	7.179e-02	6.322e-02	5.894e-02	6.656e-02	6.388e-02	5.880e-02	7.189e-02	6.163e-02	5.698e-02	7.017e-02
3.170e+04	5.417e-02	4.164e-02	6.475e-02	5.254e-02	4.639e-02	6.531e-02	5.829e-02	4.931e-02	7.083e-02	6.330e-02	5.894e-02	6.656e-02	6.247e-02	5.880e-02	7.189e-02	6.163e-02	5.698e-02	7.092e-02
3.180e+04	5.418e-02	4.164e-02	6.475e-02	5.254e-02	4.639e-02	6.531e-02	5.829e-02	4.931e-02	7.083e-02	6.349e-02	5.878e-02	6.656e-02	6.313e-02	5.798e-02	7.189e-02	6.163e-02	5.784e-02	7.092e-02
3.190e+04	5.460e-02	4.164e-02	6.475e-02	5.115e-02	4.639e-02	6.531e-02	5.829e-02	4.933e-02	7.050e-02	6.349e-02	5.890e-02	6.604e-02	6.315e-02	5.798e-02	7.189e-02	6.143e-02	5.784e-02	7.092e-02
3.200e+04	5.460e-02	4.164e-02	6.471e-02	5.115e-02	4.639e-02	6.531e-02	5.816e-02	4.933e-02	7.050e-02	6.349e-02	5.890e-02	6.604e-02	6.315e-02	5.798e-02	7.152e-02	6.208e-02	5.784e-02	7.164e-02
3.210e+04	5.489e-02	4.164e-02	6.488e-02	5.130e-02	4.639e-02	6.559e-02	5.816e-02	4.980e-02	7.024e-02	6.349e-02	5.890e-02	6.576e-02	6.315e-02	5.798e-02	7.157e-02	6.143e-02	5.784e-02	7.164e-02
3.220e+04	5.535e-02	4.164e-02	6.488e-02	5.130e-02	4.639e-02	6.559e-02	5.678e-02	4.922e-02	7.016e-02	6.349e-02	5.890e-02	6.576e-02	6.315e-02	5.798e-02	7.168e-02	6.127e-02	5.747e-02	7.164e-02
3.230e+04	5.568e-02	4.164e-02	6.488e-02	5.395e-02	4.582e-02	6.559e-02	5.678e-02	4.922e-02	6.948e-02	6.349e-02	5.890e-02	6.576e-02	6.315e-02	5.798e-02	7.168e-02	6.127e-02	5.639e-02	7.164e-02
3.240e+04	5.580e-02	4.181e-02	6.488e-02	5.395e-02	4.582e-02	6.559e-02	5.678e-02	4.884e-02	6.974e-02	6.349e-02	5.890e-02	6.576e-02	6.314e-02	5.798e-02	7.192e-02	6.127e-02	5.645e-02	7.164e-02
3.250e+04	5.580e-02	4.181e-02	6.641e-02	5.295e-02	4.572e-02	6.559e-02	5.678e-02	4.854e-02	6.974e-02	6.349e-02	5.886e-02	6.732e-02	6.349e-02	5.798e-02	7.192e-02	6.127e-02	5.645e-02	7.164e-02
3.260e+04	5.580e-02	4.181e-02	6.641e-02	5.295e-02	4.572e-02	6.559e-02	5.646e-02	4.854e-02	6.966e-02	6.356e-02	5.886e-02	6.732e-02	6.349e-02	5.845e-02	7.192e-02	6.127e-02	5.566e-02	7.164e-02
3.270e+04	5.580e-02	4.181e-02	6.622e-02	5.295e-02	4.572e-02	6.558e-02	5.646e-02	4.854e-02	6.969e-02	6.367e-02	5.886e-02	6.732e-02	6.349e-02	5.821e-02	7.233e-02	6.123e-02	5.566e-02	7.041e-02
3.280e+04	5.580e-02	4.180e-02	6.622e-02	5.254e-02	4.507e-02	6.558e-02	5.646e-02	4.804e-02	6.923e-02	6.367e-02	5.886e-02	6.762e-02	6.349e-02	5.821e-02	7.233e-02	6.041e-02	5.566e-02	7.041e-02
3.290e+04	5.549e-02	4.221e-02	6.622e-02	5.254e-02	4.507e-02	6.558e-02	5.646e-02	4.764e-02	6.923e-02	6.367e-02	5.890e-02	6.762e-02	6.349e-02	5.821e-02	7.233e-02	6.100e-02	5.578e-02	7.041e-02
3.300e+04	5.549e-02	4.221e-02	6.622e-02	5.254e-02	4.507e-02	6.531e-02	5.646e-02	4.764e-02	6.923e-02	6.349e-02	5.890e-02	6.757e-02	6.349e-02	5.821e-02	7.233e-02	6.061e-02	5.580e-02	7.041e-02
3.310e+04	5.549e-02	4.221e-02	6.569e-02	5.254e-02	4.465e-02	6.508e-02	5.618e-02	4.764e-02	6.931e-02	6.349e-02	5.882e-02	6.666e-02	6.370e-02	5.821e-02	7.233e-02	6.061e-02	5.580e-02	7.041e-02
3.320e+04	5.549e-02	4.221e-02	6.347e-02	5.250e-02	4.479e-02	6.401e-02	5.667e-02	4.769e-02	6.931e-02	6.349e-02	5.882e-02	6.666e-02	6.370e-02	5.821e-02	7.233e-02	6.061e-02	5.571e-02	7.041e-02
3.330e+04	5.549e-02	4.221e-02	6.347e-02	5.309e-02	4.507e-02	6.401e-02	5.714e-02	4.769e-02	6.931e-02	6.349e-02	5.882e-02	6.666e-02	6.370e-02	5.821e-02	7.105e-02	6.061e-02	5.580e-02	7.041e-02
3.340e+04	5.676e-02	4.221e-02	6.384e-02	5.309e-02	4.399e-02	6.401e-02	5.714e-02	4.769e-02	6.935e-02	6.311e-02	5.861e-02	6.666e-02	6.299e-02	5.866e-02	7.105e-02	6.043e-02	5.581e-02	7.041e-02
3.350e+04	5.676e-02	4.221e-02	6.384e-02	5.309e-02	4.399e-02	6.401e-02	5.714e-02	4.769e-02	6.935e-02	6.330e-02	5.861e-02	6.631e-02	6.323e-02	5.866e-02	7.105e-02	6.120e-02	5.608e-02	7.041e-02
3.360e+04	5.676e-02	4.221e-02	6.384e-02	5.309e-02	4.374e-02	6.401e-02	5.714e-02	4.779e-02	6.937e-02	6.411e-02	5.861e-02	6.631e-02	6.323e-02	5.866e-02	7.145e-02	6.130e-02	5.608e-02	7.067e-02
3.370e+04	5.676e-02	4.221e-02	6.385e-02	5.371e-02	4.348e-02	6.421e-02	5.714e-02	4.765e-02	6.960e-02	6.411e-02	5.861e-02	6.666e-02	6.323e-02	5.866e-02	7.224e-02	6.130e-02	5.608e-02	7.067e-02
3.380e+04	5.676e-02	4.221e-02	6.385e-02	5.441e-02	4.348e-02	6.409e-02	5.714e-02	4.762e-02	6.960e-02	6.397e-02	5.861e-02	6.666e-02	6.323e-02	5.821e-02	7.224e-02	6.130e-02	5.608e-02	7.200e-02
3.390e+04	5.676e-02	4.221e-02	6.385e-02	5.421e-02	4.348e-02	6.409e-02	5.760e-02	4.746e-02	6.937e-02	6.397e-02	5.861e-02	6.680e-02	6.323e-02	5.821e-02	7.256e-02	6.130e-02	5.608e-02	7.263e-02
3.400e+04	5.676e-02	4.221e-02	6.385e-02	5.421e-02	4.348e-02	6.409e-02	5.760e-02	4.653e-02	7.031e-02	6.386e-02	5.861e-02	6.692e-02	6.323e-02	5.809e-02	7.256e-02	6.189e-02	5.617e-02	7.263e-02
3.410e+04	5.676e-02	4.221e-02	6.332e-02	5.472e-02	4.348e-02	6.421e-02	5.760e-02	4.653e-02	7.031e-02	6.386e-02	5.775e-02	6.692e-02	6.400e-02	5.760e-02	7.256e-02	6.189e-02	5.617e-02	7.263e-02
3.420e+04	5.676e-02	4.234e-02	6.332e-02	5.476e-02	4.348e-02	6.506e-02	5.748e-02	4.627e-02	7.079e-02	6.387e-02	5.775e-02	6.692e-02	6.400e-02	5.760e-02	7.256e-02	6.189e-02	5.617e-02	7.263e-02
3.430e+04	5.676e-02	4.234e-02	6.258e-02	5.476e-02	4.263e-02	6.506e-02	5.748e-02	4.613e-02	7.079e-02	6.387e-02	5.775e-02	6.692e-02	6.400e-02	5.760e-02	7.256e-02	6.189e-02	5.617e-02	7.263e-02
3.440e+04	5.695e-02	4.234e-02	6.204e-02	5.298e-02	4.263e-02	6.506e-02	5.748e-02	4.486e-02	7.031e-02	6.387e-02	5.798e-02	6.684e-02	6.400e-02	5.671e-02	7.256e-02	6.189e-02	5.617e-02	7.263e-02
3.450e+04	5.397e-02	4.234e-02	6.216e-02	5.298e-02	4.234e-02	6.421e-02	5.748e-02	4.586e-02	6.994e-02	6.349e-02	5.798e-02	6.684e-02	6.356e-02	5.671e-02	7.256e-02	6.182e-02	5.706e-02	7.263e-02
3.460e+04	5.330e-02	4.192e-02	6.216e-02	5.298e-02	4.234e-02	6.421e-02	5.748e-02	4.586e-02	6.994e-02	6.349e-02	5.798e-02	6.745e-02	6.356e-02	5.671e-02	7.256e-02	6.112e-02	5.706e-02	7.263e-02
3.470e+04	5.330e-02	4.192e-02	6.216e-02	5.259e-02	4.234e-02	6.334e-02	5.664e-02	4.586e-02	6.980e-02	6.349e-02	5.818e-02	6.745e-02	6.356e-02	5.671e-02	7.256e-02	6.112e-02	5.706e-02	7.263e-02
3.480e+04	5.330e-02	4.164e-02	6.216e-02	5.294e-02	4.158e-02	6.334e-02	5.666e-02	4.586e-02	7.001e-02	6.349e-02	5.818e-02	6.817e-02	6.347e-02	5.671e-02	7.256e-02	6.112e-02	5.693e-02	7.263e-02
3.490e+04	5.330e-02	4.149e-02	6.134e-02	5.343e-02	4.158e-02	6.334e-02	5.666e-02	4.584e-02	7.001e-02	6.317e-02	5.839e-02	6.709e-02	6.326e-02	5.671e-02	7.230e-02	6.146e-02	5.693e-02	7.263e-02
3.500e+04	5.234e-02	4.149e-02	6.108e-02	5.343e-02	4.158e-02	6.340e-02	5.666e-02	4.584e-02	7.023e-02	6.341e-02	5.839e-02	6.702e-02	6.299e-02	5.671e-02	7.230e-02	6.146e-02	5.722e-02	7.263e-02
3.510e+04	5.179e-02	4.149e-02	6.081e-02	5.343e-02	4.158e-02	6.340e-02	5.676e-02	4.584e-02	7.023e-02	6.341e-02	5.706e-02	6.702e-02	6.299e-02	5.662e-02	7.230e-02	6.146e-02	5.722e-02	7.263e-02
3.520e+04	5.238e-02	4.140e-02	6.048e-02	5.328e-02	4.197e-02	6.340e-02	5.676e-02	4.584e-02	7.023e-02	6.371e-02	5.706e-02	6.702e-02	6.299e-02	5.662e-02	7.230e-02	6.077e-02	5.722e-02	7.263e-02
3.530e+04	5.158e-02	4.140e-02	6.048e-02	5.328e-02	4.220e-02	6.340e-02	5.666e-02	4.584e-02	7.023e-02	6.371e-02	5.706e-02	6.702e-02	6.299e-02	5.662e-02	7.230e-02	6.077e-02	5.722e-02	7.288e-02
3.540e+04	4.999e-02	4.071e-02	6.048e-02	5.328e-02	4.220e-02	6.340e-02	5.629e-02	4.493e-02	7.035e-02	6.371e-02	5.706e-02	6.741e-02	6.299e-02	5.706e-02	7.158e-02	6.074e-02	5.722e-02	7.288e-02
3.550e+04	4.999e-02	4.083e-02	6.048e-02	5.328e-02	4.220e-02	6.340e-02	5.629e-02	4.493e-02	7.023e-02	6.371e-02	5.736e-02	6.665e-02	6.299e-02	5.706e-02	7.158e-02	6.092e-02	5.722e-02	7.323e-02
3.560e+04	4.999e-02	4.083e-02	6.048e-02	5.328e-02	4.220e-02	6.340e-02	5.537e-02	4.493e-02	6.954e-02	6.371e-02	5.736e-02	6.665e-02	6.299e-02	5.706e-02	7.158e-02	6.092e-02	5.722e-02	7.263e-02
3.570e+04	4.928e-02	4.048e-02	6.042e-02	5.328e-02	4.220e-02	6.340e-02	5.537e-02	4.469e-02	6.954e-02	6.371e-02	5.736e-02	6.665e-02	6.335e-02	5.706e-02	6.816e-02	6.105e-02	5.722e-02	7.263e-02
3.580e+04	4.928e-02	4.048e-02	6.042e-02	5.328e-02	4.220e-02	6.262e-02	5.537e-02	4.469e-02	6.954e-02	6.371e-02	5.746e-02	6.608e-02	6.335e-02	5.706e-02	6.811e-02	6.098e-02	5.722e-02	7.263e-02
3.590e+04	4.928e-02	4.048e-02	6.042e-02	5.373e-02	4.220e-02	6.329e-02	5.538e-02	4.469e-02	6.954e-02	6.368e-02	5.746e-02	6.586e-02	6.335e-02	5.706e-02	6.811e-02	6.062e-02	5.722e-02	7.263e-02
3.600e+04	4.928e-02	4.048e-02	6.042e-02	5.455e-02	4.175e-02	6.386e-02	5.538e-02	4.352e-02	6.954e-02	6.368e-02	5.746e-02	6.586e-02	6.335e-02	5.706e-02	6.811e-02	6.103e-02	5.653e-02	7.195e-02
3.610e+04	4.928e-02	4.036e-02	6.042e-02	5.316e-02	4.152e-02	6.386e-02	5.538e-02	4.352e-02	6.954e-02	6.368e-02	5.714e-02	6.586e-02	6.335e-02	5.706e-02	6.811e-02	6.103e-02	5.653e-02	7.195e-02
3.620e+04	4.928e-02	4.063e-02	6.042e-02	5.300e-02	4.152e-02	6.503e-02	5.538e-02	4.373e-02	6.963e-02	6.368e-02	5.702e-02	6.602e-02	6.335e-02	5.706e-02	6.848e-02	6.147e-02	5.653e-02	7.091e-02
3.630e+04	4.928e-02	4.035e-02	6.042e-02	5.300e-02	4.152e-02	6.503e-02	5.549e-02	4.373e-02	6.963e-02	6.333e-02	5.702e-02	6.711e-02	6.335e-02	5.706e-02	6.848e-02	6.147e-02	5.653e-02	7.107e-02
3.640e+04	4.928e-02	4.035e-02	6.042e-02	5.344e-02	4.152e-02	6.641e-02	5.549e-02	4.373e-02	6.874e-02	6.333e-02	5.702e-02	6.711e-02	6.335e-02	5.706e-02	6.974e-02	6.147e-02	5.653e-02	7.070e-02
3.650e+04	4.928e-02	4.118e-02	5.894e-02	5.344e-02	4.169e-02	6.641e-02	5.476e-02	4.373e-02	6.874e-02	6.368e-02	5.714e-02	6.726e-02	6.335e-02	5.706e-02	6.974e-02	6.147e-02	5.653e-02	7.070e-02
3.660e+04	4.928e-02	4.107e-02	5.894e-02	5.344e-02	4.146e-02	6.641e-02	5.476e-02	4.373e-02	6.874e-02	6.368e-02	5.702e-02	6.726e-02	6.352e-02	5.706e-02	6.974e-02	6.110e-02	5.653e-02	6.904e-02
3.670e+04	4.908e-02	4.107e-02	5.894e-02	5.344e-02	4.146e-02	6.641e-02	5.436e-02	4.373e-02	6.874e-02	6.368e-02	5.692e-02	6.755e-02	6.277e-02	5.735e-02	6.974e-02	6.103e-02	5.642e-02	6.904e-02
3.680e+04	4.908e-02	4.107e-02	5.894e-02	5.422e-02	4.124e-02	6.641e-02	5.482e-02	4.373e-02	6.874e-02	6.368e-02	5.695e-02	6.755e-02	6.251e-02	5.647e-02	6.974e-02	6.092e-02	5.642e-02	6.904e-02
3.690e+04	4.810e-02	4.091e-02	5.974e-02	5.422e-02	4.124e-02	6.641e-02	5.482e-02	4.372e-02	6.874e-02	6.368e-02	5.695e-02	6.755e-02	6.251e-02	5.672e-02	6.974e-02	6.089e-02	5.642e-02	6.904e-02
3.700e+04	4.810e-02	4.091e-02	5.974e-02	5.422e-02	4.122e-02	6.641e-02	5.505e-02	4.372e-02	6.874e-02	6.368e-02	5.695e-02	6.746e-02	6.251e-02	5.672e-02	6.974e-02	6.089e-02	5.595e-02	6.904e-02
3.710e+04	4.810e-02	4.091e-02	5.987e-02	5.397e-02	4.122e-02	6.561e-02	5.501e-02	4.372e-02	6.874e-02	6.368e-02	5.684e-02	6.746e-02	6.251e-02	5.632e-02	6.974e-02	6.092e-02	5.543e-02	6.904e-02
3.720e+04	4.861e-02	4.093e-02	5.894e-02	5.397e-02	4.122e-02	6.561e-02	5.501e-02	4.348e-02	6.874e-02	6.368e-02	5.684e-02	6.746e-02	6.257e-02	5.632e-02	6.972e-02	6.092e-02	5.525e-02	6.974e-02
3.730e+04	4.861e-02	4.093e-02	5.894e-02	5.397e-02	4.122e-02	6.561e-02	5.501e-02	4.348e-02	6.874e-02	6.379e-02	5.697e-02	6.764e-02	6.257e-02	5.632e-02	6.918e-02	6.026e-02	5.525e-02	6.974e-02
3.740e+04	4.837e-02	4.036e-02	5.894e-02	5.397e-02	4.121e-02	6.561e-02	5.441e-02	4.375e-02	6.936e-02	6.328e-02	5.709e-02	6.764e-02	6.257e-02	5.647e-02	6.897e-02	6.026e-02	5.543e-02	6.974e-02
3.750e+04	4.837e-02	4.059e-02	5.940e-02	5.432e-02	4.121e-02	6.533e-02	5.441e-02	4.375e-02	6.897e-02	6.328e-02	5.709e-02	6.764e-02	6.257e-02	5.647e-02	6.929e-02	6.116e-02	5.543e-02	6.974e-02
3.760e+04	4.837e-02	4.059e-02	5.923e-02	5.454e-02	4.121e-02	6.533e-02	5.441e-02	4.375e-02	6.897e-02	6.328e-02	5.709e-02	6.764e-02	6.257e-02	5.647e-02	6.929e-02	6.116e-02	5.543e-02	6.974e-02
3.770e+04	4.745e-02	4.059e-02	5.923e-02	5.454e-02	4.047e-02	6.533e-02	5.373e-02	4.387e-02	6.897e-02	6.328e-02	5.709e-02	6.764e-02	6.257e-02	5.647e-02	6.929e-02	6.116e-02	5.543e-02	6.974e-02
3.780e+04	4.745e-02	4.036e-02	5.940e-02	5.454e-02	4.047e-02	6.533e-02	5.232e-02	4.387e-02	6.897e-02	6.328e-02	5.709e-02	6.764e-02	6.257e-02	5.647e-02	6.929e-02	6.116e-02	5.547e-02	6.948e-02
3.790e+04	4.760e-02	4.041e-02	5.957e-02	5.454e-02	4.029e-02	6.533e-02	5.238e-02	4.375e-02	6.897e-02	6.328e-02	5.709e-02	6.764e-02	6.257e-02	5.647e-02	7.097e-02	6.116e-02	5.570e-02	6.957e-02
3.800e+04	4.760e-02	4.032e-02	5.957e-02	5.374e-02	4.029e-02	6.533e-02	5.238e-02	4.375e-02	6.897e-02	6.371e-02	5.743e-02	6.761e-02	6.257e-02	5.650e-02	7.061e-02	6.116e-02	5.570e-02	7.032e-02
3.810e+04	4.760e-02	4.024e-02	5.957e-02	5.374e-02	4.029e-02	6.533e-02	5.238e-02	4.375e-02	6.897e-02	6.345e-02	5.743e-02	6.761e-02	6.257e-02	5.650e-02	7.061e-02	6.093e-02	5.570e-02	7.032e-02
3.820e+04	4.768e-02	4.024e-02	5.957e-02	5.374e-02	4.029e-02	6.460e-02	5.238e-02	4.375e-02	6.897e-02	6.345e-02	5.743e-02	6.761e-02	6.252e-02	5.650e-02	7.061e-02	6.093e-02	5.570e-02	7.032e-02
3.830e+04	4.787e-02	3.969e-02	5.957e-02	5.374e-02	4.029e-02	6.460e-02	5.177e-02	4.374e-02	6.897e-02	6.371e-02	5.695e-02	6.761e-02	6.252e-02	5.650e-02	7.061e-02	6.093e-02	5.570e-02	7.032e-02
3.840e+04	4.787e-02	3.969e-02	5.906e-02	5.408e-02	4.085e-02	6.460e-02	5.177e-02	4.375e-02	6.897e-02	6.371e-02	5.695e-02	6.761e-02	6.257e-02	5.650e-02	7.061e-02	6.069e-02	5.570e-02	7.032e-02
3.850e+04	4.840e-02	3.824e-02	5.890e-02	5.408e-02	4.087e-02	6.460e-02	5.177e-02	4.375e-02	6.897e-02	6.371e-02	5.695e-02	6.769e-02	6.261e-02	5.683e-02	6.868e-02	6.085e-02	5.570e-02	7.032e-02
3.860e+04	4.840e-02	3.824e-02	5.880e-02	5.494e-02	4.121e-02	6.460e-02	5.177e-02	4.287e-02	6.897e-02	6.371e-02	5.668e-02	6.769e-02	6.261e-02	5.674e-02	6.868e-02	6.085e-02	5.570e-02	7.023e-02
3.870e+04	4.837e-02	3.824e-02	5.880e-02	5.494e-02	4.121e-02	6.460e-02	5.177e-02	4.330e-02	6.897e-02	6.371e-02	5.668e-02	6.769e-02	6.261e-02	5.674e-02	6.836e-02	6.104e-02	5.547e-02	7.023e-02
3.880e+04	4.837e-02	3.824e-02	5.880e-02	5.430e-02	4.149e-02	6.460e-02	5.138e-02	4.274e-02	6.909e-02	6.371e-02	5.713e-02	6.769e-02	6.261e-02	5.674e-02	6.836e-02	6.104e-02	5.547e-02	6.994e-02
3.890e+04	4.837e-02	3.824e-02	5.880e-02	5.497e-02	4.116e-02	6.432e-02	5.149e-02	4.293e-02	6.920e-02	6.373e-02	5.713e-02	6.769e-02	6.261e-02	5.674e-02	6.836e-02	6.251e-02	5.547e-02	6.994e-02
3.900e+04	4.837e-02	3.767e-02	5.880e-02	5.497e-02	4.204e-02	6.468e-02	5.195e-02	4.293e-02	6.943e-02	6.277e-02	5.660e-02	6.769e-02	6.261e-02	5.674e-02	6.836e-02	6.251e-02	5.547e-02	7.054e-02
3.910e+04	4.820e-02	3.755e-02	5.938e-02	5.495e-02	4.204e-02	6.468e-02	5.195e-02	4.293e-02	6.943e-02	6.283e-02	5.660e-02	6.769e-02	6.261e-02	5.674e-02	6.836e-02	6.071e-02	5.547e-02	7.053e-02
3.920e+04	4.858e-02	3.755e-02	5.938e-02	5.495e-02	4.204e-02	6.468e-02	5.253e-02	4.304e-02	6.914e-02	6.283e-02	5.660e-02	6.769e-02	6.261e-02	5.674e-02	6.920e-02	6.158e-02	5.547e-02	7.053e-02
3.930e+04	4.858e-02	3.755e-02	5.938e-02	5.495e-02	4.204e-02	6.468e-02	5.252e-02	4.304e-02	6.914e-02	6.308e-02	5.660e-02	6.769e-02	6.261e-02	5.674e-02	6.932e-02	6.158e-02	5.547e-02	7.054e-02
3.940e+04	4.854e-02	3.755e-02	6.010e-02	5.495e-02	4.204e-02	6.493e-02	5.252e-02	4.304e-02	6.909e-02	6.308e-02	5.688e-02	6.773e-02	6.261e-02	5.671e-02	6.920e-02	6.158e-02	5.547e-02	7.054e-02
3.950e+04	4.883e-02	3.755e-02	6.010e-02	5.495e-02	4.204e-02	6.493e-02	5.252e-02	4.304e-02	6.942e-02	6.308e-02	5.743e-02	6.773e-02	6.261e-02	5.671e-02	6.920e-02	6.158e-02	5.518e-02	7.054e-02
3.960e+04	4.883e-02	3.767e-02	6.010e-02	5.495e-02	4.204e-02	6.445e-02	5.261e-02	4.304e-02	6.942e-02	6.308e-02	5.743e-02	6.773e-02	6.261e-02	5.671e-02	6.920e-02	6.158e-02	5.511e-02	7.054e-02
3.970e+04	4.760e-02	3.767e-02	6.010e-02	5.495e-02	4.204e-02	6.445e-02	5.296e-02	4.292e-02	6.886e-02	6.308e-02	5.770e-02	6.773e-02	6.261e-02	5.659e-02	6.920e-02	6.069e-02	5.511e-02	7.054e-02
3.980e+04	4.760e-02	3.767e-02	6.002e-02	5.436e-02	4.177e-02	6.490e-02	5.296e-02	4.319e-02	6.886e-02	6.308e-02	5.770e-02	6.773e-02	6.261e-02	5.659e-02	6.918e-02	6.069e-02	5.511e-02	7.054e-02
3.990e+04	4.760e-02	3.767e-02	6.002e-02	5.436e-02	4.177e-02	6.490e-02	5.296e-02	4.362e-02	6.886e-02	6.266e-02	5.688e-02	6.784e-02	6.261e-02	5.611e-02	6.915e-02	6.069e-02	5.511e-02	7.070e-02
4.000e+04	4.760e-02	3.748e-02	6.002e-02	5.436e-02	4.177e-02	6.519e-02	5.263e-02	4.362e-02	6.886e-02	6.266e-02	5.688e-02	6.784e-02	6.261e-02	5.611e-02	6.915e-02	6.069e-02	5.511e-02	7.070e-02
4.010e+04	4.760e-02	3.748e-02	5.970e-02	5.436e-02	3.886e-02	6.440e-02	5.263e-02	4.362e-02	6.892e-02	6.235e-02	5.667e-02	6.784e-02	6.261e-02	5.611e-02	6.915e-02	6.116e-02	5.547e-02	7.070e-02
4.020e+04	4.733e-02	3.748e-02	5.970e-02	5.436e-02	3.886e-02	6.440e-02	5.275e-02	4.362e-02	6.892e-02	6.235e-02	5.688e-02	6.784e-02	6.271e-02	5.590e-02	6.915e-02	6.116e-02	5.547e-02	7.070e-02
4.030e+04	4.733e-02	3.758e-02	5.832e-02	5.436e-02	3.886e-02	6.525e-02	5.263e-02	4.385e-02	6.892e-02	6.235e-02	5.701e-02	6.784e-02	6.271e-02	5.580e-02	6.915e-02	6.116e-02	5.547e-02	7.070e-02
4.040e+04	4.774e-02	3.748e-02	5.830e-02	5.436e-02	3.886e-02	6.525e-02	5.263e-02	4.405e-02	6.892e-02	6.235e-02	5.659e-02	6.784e-02	6.271e-02	5.580e-02	6.915e-02	6.116e-02	5.547e-02	7.068e-02
4.050e+04	4.793e-02	3.789e-02	5.830e-02	5.412e-02	3.871e-02	6.500e-02	5.254e-02	4.405e-02	6.892e-02	6.281e-02	5.659e-02	6.784e-02	6.271e-02	5.580e-02	6.857e-02	6.104e-02	5.547e-02	7.068e-02
4.060e+04	4.761e-02	3.803e-02	5.830e-02	5.430e-02	3.989e-02	6.588e-02	5.285e-02	4.405e-02	6.892e-02	6.281e-02	5.659e-02	6.803e-02	6.271e-02	5.580e-02	6.857e-02	6.104e-02	5.547e-02	7.053e-02
4.070e+04	4.761e-02	3.803e-02	5.830e-02	5.430e-02	3.989e-02	6.581e-02	5.286e-02	4.405e-02	6.892e-02	6.200e-02	5.659e-02	6.803e-02	6.271e-02	5.580e-02	6.857e-02	6.104e-02	5.547e-02	7.075e-02
4.080e+04	4.839e-02	3.803e-02	5.830e-02	5.388e-02	4.005e-02	6.581e-02	5.286e-02	4.439e-02	6.892e-02	6.200e-02	5.578e-02	6.780e-02	6.280e-02	5.580e-02	6.920e-02	6.104e-02	5.547e-02	7.075e-02
4.090e+04	4.839e-02	3.785e-02	5.830e-02	5.388e-02	3.885e-02	6.581e-02	5.254e-02	4.439e-02	6.905e-02	6.204e-02	5.578e-02	6.764e-02	6.309e-02	5.484e-02	6.920e-02	6.104e-02	5.534e-02	7.075e-02
4.100e+04	4.839e-02	3.774e-02	5.830e-02	5.393e-02	3.885e-02	6.581e-02	5.252e-02	4.456e-02	6.905e-02	6.200e-02	5.578e-02	6.764e-02	6.309e-02	5.484e-02	6.920e-02	6.104e-02	5.485e-02	7.000e-02
4.110e+04	4.761e-02	3.774e-02	5.830e-02	5.344e-02	3.926e-02	6.581e-02	5.254e-02	4.456e-02	6.905e-02	6.200e-02	5.578e-02	6.764e-02	6.328e-02	5.484e-02	6.884e-02	6.104e-02	5.476e-02	7.000e-02
4.120e+04	4.763e-02	3.780e-02	5.861e-02	5.344e-02	3.926e-02	6.581e-02	5.254e-02	4.456e-02	6.905e-02	6.175e-02	5.562e-02	6.764e-02	6.328e-02	5.484e-02	6.884e-02	6.104e-02	5.476e-02	6.774e-02
4.130e+04	4.763e-02	3.726e-02	5.861e-02	5.360e-02	3.926e-02	6.581e-02	5.348e-02	4.456e-02	6.905e-02	6.175e-02	5.562e-02	6.769e-02	6.271e-02	5.484e-02	6.884e-02	6.104e-02	5.476e-02	6.774e-02
4.140e+04	4.763e-02	3.726e-02	5.837e-02	5.360e-02	3.926e-02	6.581e-02	5.348e-02	4.456e-02	6.905e-02	6.174e-02	5.566e-02	6.815e-02	6.332e-02	5.462e-02	6.928e-02	6.104e-02	5.474e-02	6.774e-02
4.150e+04	4.739e-02	3.711e-02	5.837e-02	5.371e-02	3.989e-02	6.581e-02	5.348e-02	4.337e-02	6.905e-02	6.174e-02	5.600e-02	6.815e-02	6.318e-02	5.462e-02	6.928e-02	6.104e-02	5.474e-02	6.774e-02
4.160e+04	4.739e-02	3.664e-02	5.818e-02	5.371e-02	3.989e-02	6.581e-02	5.348e-02	4.367e-02	6.905e-02	6.159e-02	5.600e-02	6.872e-02	6.318e-02	5.462e-02	6.937e-02	6.104e-02	5.474e-02	6.774e-02
4.170e+04	4.715e-02	3.664e-02	5.818e-02	5.374e-02	3.989e-02	6.581e-02	5.348e-02	4.343e-02	6.853e-02	6.159e-02	5.600e-02	6.872e-02	6.326e-02	5.462e-02	6.937e-02	6.104e-02	5.474e-02	6.699e-02
4.180e+04	4.715e-02	3.679e-02	5.809e-02	5.374e-02	3.989e-02	6.581e-02	5.348e-02	4.375e-02	6.748e-02	6.175e-02	5.600e-02	6.872e-02	6.326e-02	5.462e-02	6.937e-02	6.104e-02	5.474e-02	6.684e-02
4.190e+04	4.762e-02	3.679e-02	5.809e-02	5.374e-02	3.989e-02	6.581e-02	5.348e-02	4.375e-02	6.816e-02	6.175e-02	5.600e-02	6.872e-02	6.326e-02	5.485e-02	6.922e-02	6.127e-02	5.474e-02	6.684e-02
4.200e+04	4.712e-02	3.676e-02	5.809e-02	5.375e-02	3.989e-02	6.581e-02	5.338e-02	4.317e-02	6.839e-02	6.175e-02	5.590e-02	6.872e-02	6.286e-02	5.485e-02	6.922e-02	6.127e-02	5.566e-02	6.684e-02
4.210e+04	4.712e-02	3.676e-02	5.777e-02	5.375e-02	4.100e-02	6.581e-02	5.338e-02	4.400e-02	6.814e-02	6.175e-02	5.590e-02	6.872e-02	6.286e-02	5.528e-02	6.922e-02	6.127e-02	5.566e-02	6.711e-02
4.220e+04	4.689e-02	3.676e-02	5.777e-02	5.375e-02	4.100e-02	6.581e-02	5.350e-02	4.312e-02	6.814e-02	6.193e-02	5.590e-02	6.872e-02	6.286e-02	5.528e-02	6.922e-02	6.127e-02	5.566e-02	6.711e-02
4.230e+04	4.712e-02	3.676e-02	5.757e-02	5.375e-02	4.100e-02	6.588e-02	5.392e-02	4.320e-02	6.814e-02	6.193e-02	5.590e-02	6.872e-02	6.286e-02	5.585e-02	6.966e-02	6.127e-02	5.597e-02	6.711e-02
4.240e+04	4.712e-02	3.676e-02	5.757e-02	5.375e-02	4.100e-02	6.588e-02	5.392e-02	4.320e-02	6.842e-02	6.197e-02	5.592e-02	6.828e-02	6.286e-02	5.585e-02	6.966e-02	6.127e-02	5.554e-02	6.829e-02
4.250e+04	4.754e-02	3.690e-02	5.757e-02	5.441e-02	3.899e-02	6.588e-02	5.392e-02	4.317e-02	6.766e-02	6.236e-02	5.592e-02	6.856e-02	6.286e-02	5.585e-02	6.912e-02	6.219e-02	5.554e-02	6.829e-02
4.260e+04	4.753e-02	3.690e-02	5.775e-02	5.441e-02	3.899e-02	6.588e-02	5.392e-02	4.317e-02	6.766e-02	6.236e-02	5.613e-02	6.856e-02	6.286e-02	5.676e-02	6.912e-02	6.219e-02	5.554e-02	6.829e-02
4.270e+04	4.753e-02	3.690e-02	5.775e-02	5.441e-02	3.896e-02	6.386e-02	5.392e-02	4.370e-02	6.766e-02	6.239e-02	5.613e-02	6.856e-02	6.285e-02	5.676e-02	6.912e-02	6.219e-02	5.554e-02	6.829e-02
4.280e+04	4.720e-02	3.690e-02	5.736e-02	5.441e-02	3.896e-02	6.120e-02	5.392e-02	4.370e-02	6.488e-02	6.271e-02	5.643e-02	6.856e-02	6.285e-02	5.676e-02	6.953e-02	6.219e-02	5.554e-02	6.829e-02
4.290e+04	4.720e-02	3.690e-02	5.736e-02	5.419e-02	3.896e-02	6.120e-02	5.316e-02	4.370e-02	6.488e-02	6.271e-02	5.643e-02	6.856e-02	6.285e-02	5.676e-02	6.953e-02	6.219e-02	5.554e-02	6.829e-02
4.300e+04	4.720e-02	3.682e-02	5.736e-02	5.419e-02	3.896e-02	6.427e-02	5.316e-02	4.370e-02	6.488e-02	6.271e-02	5.643e-02	6.856e-02	6.285e-02	5.685e-02	6.905e-02	6.219e-02	5.554e-02	6.829e-02
4.310e+04	4.720e-02	3.690e-02	5.736e-02	5.419e-02	3.896e-02	6.427e-02	5.316e-02	4.370e-02	6.493e-02	6.271e-02	5.643e-02	6.894e-02	6.285e-02	5.685e-02	6.905e-02	6.219e-02	5.547e-02	6.839e-02
4.320e+04	4.745e-02	3.690e-02	5.775e-02	5.419e-02	3.896e-02	6.427e-02	5.273e-02	4.399e-02	6.536e-02	6.263e-02	5.643e-02	6.905e-02	6.268e-02	5.490e-02	6.905e-02	6.219e-02	5.547e-02	6.954e-02
4.330e+04	4.785e-02	3.690e-02	5.775e-02	5.481e-02	3.896e-02	6.255e-02	5.273e-02	4.399e-02	6.397e-02	6.263e-02	5.643e-02	6.860e-02	6.268e-02	5.514e-02	6.905e-02	6.219e-02	5.547e-02	6.954e-02
4.340e+04	4.775e-02	3.671e-02	5.775e-02	5.481e-02	3.896e-02	6.277e-02	5.273e-02	4.399e-02	6.403e-02	6.309e-02	5.643e-02	6.860e-02	6.268e-02	5.514e-02	6.905e-02	6.219e-02	5.532e-02	6.649e-02
4.350e+04	4.775e-02	3.671e-02	5.756e-02	5.461e-02	3.909e-02	6.298e-02	5.273e-02	4.399e-02	6.403e-02	6.318e-02	5.643e-02	6.894e-02	6.268e-02	5.514e-02	6.905e-02	6.219e-02	5.532e-02	6.649e-02
4.360e+04	4.745e-02	3.671e-02	5.756e-02	5.460e-02	3.926e-02	6.325e-02	5.273e-02	4.399e-02	6.403e-02	6.296e-02	5.650e-02	6.925e-02	6.328e-02	5.514e-02	6.905e-02	6.219e-02	5.532e-02	6.649e-02
4.370e+04	4.775e-02	3.671e-02	5.756e-02	5.460e-02	3.926e-02	6.325e-02	5.273e-02	4.399e-02	6.404e-02	6.296e-02	5.764e-02	6.925e-02	6.328e-02	5.514e-02	6.905e-02	6.219e-02	5.532e-02	6.695e-02
4.380e+04	4.775e-02	3.671e-02	5.756e-02	5.480e-02	3.909e-02	6.298e-02	5.273e-02	4.399e-02	6.404e-02	6.296e-02	5.836e-02	6.925e-02	6.346e-02	5.514e-02	6.926e-02	6.219e-02	5.532e-02	6.695e-02
4.390e+04	4.775e-02	3.671e-02	5.756e-02	5.456e-02	3.909e-02	6.298e-02	5.273e-02	4.399e-02	6.250e-02	6.311e-02	5.836e-02	6.925e-02	6.349e-02	5.514e-02	6.926e-02	6.219e-02	5.382e-02	6.695e-02
4.400e+04	4.766e-02	3.658e-02	5.731e-02	5.456e-02	3.922e-02	6.298e-02	5.273e-02	4.426e-02	6.250e-02	6.343e-02	5.836e-02	6.925e-02	6.349e-02	5.514e-02	6.946e-02	6.219e-02	5.382e-02	6.695e-02
4.410e+04	4.766e-02	3.652e-02	5.731e-02	5.454e-02	3.922e-02	6.298e-02	5.273e-02	4.426e-02	6.250e-02	6.315e-02	5.836e-02	6.866e-02	6.349e-02	5.590e-02	6.946e-02	6.219e-02	5.385e-02	6.735e-02
4.420e+04	4.730e-02	3.550e-02	5.731e-02	5.454e-02	3.922e-02	6.321e-02	5.273e-02	4.430e-02	6.250e-02	6.311e-02	5.778e-02	6.866e-02	6.349e-02	5.590e-02	6.946e-02	6.219e-02	5.385e-02	6.845e-02
4.430e+04	4.730e-02	3.550e-02	5.731e-02	5.454e-02	3.922e-02	6.321e-02	5.273e-02	4.451e-02	6.254e-02	6.311e-02	5.778e-02	6.866e-02	6.349e-02	5.590e-02	6.946e-02	6.219e-02	5.340e-02	6.845e-02
4.440e+04	4.730e-02	3.550e-02	5.731e-02	5.454e-02	3.973e-02	6.321e-02	5.283e-02	4.451e-02	6.254e-02	6.311e-02	5.778e-02	6.866e-02	6.349e-02	5.590e-02	6.946e-02	6.219e-02	5.340e-02	6.845e-02
4.450e+04	4.730e-02	3.550e-02	5.731e-02	5.454e-02	3.969e-02	6.323e-02	5.252e-02	4.451e-02	6.254e-02	6.281e-02	5.778e-02	6.866e-02	6.349e-02	5.590e-02	6.946e-02	6.219e-02	5.340e-02	6.845e-02
4.460e+04	4.785e-02	3.514e-02	5.735e-02	5.454e-02	3.957e-02	6.158e-02	5.353e-02	4.451e-02	6.254e-02	6.281e-02	5.778e-02	6.825e-02	6.349e-02	5.590e-02	6.946e-02	6.219e-02	5.330e-02	6.845e-02
4.470e+04	4.730e-02	3.529e-02	5.735e-02	5.454e-02	3.957e-02	6.158e-02	5.386e-02	4.451e-02	6.254e-02	6.281e-02	5.778e-02	6.900e-02	6.349e-02	5.590e-02	6.916e-02	6.219e-02	5.330e-02	6.845e-02
4.480e+04	4.638e-02	3.529e-02	5.735e-02	5.454e-02	3.957e-02	6.158e-02	5.297e-02	4.483e-02	6.309e-02	6.281e-02	5.751e-02	6.900e-02	6.349e-02	5.597e-02	6.916e-02	6.319e-02	5.330e-02	6.780e-02
4.490e+04	4.638e-02	3.492e-02	5.793e-02	5.454e-02	3.957e-02	6.158e-02	5.297e-02	4.426e-02	6.309e-02	6.288e-02	5.751e-02	6.900e-02	6.349e-02	5.597e-02	6.916e-02	6.319e-02	5.330e-02	6.780e-02
4.500e+04	4.638e-02	3.492e-02	5.793e-02	5.454e-02	3.957e-02	6.158e-02	5.297e-02	4.426e-02	6.339e-02	6.288e-02	5.751e-02	6.900e-02	6.349e-02	5.597e-02	6.936e-02	6.315e-02	5.330e-02	6.780e-02
4.510e+04	4.638e-02	3.492e-02	5.793e-02	5.454e-02	3.980e-02	6.216e-02	5.297e-02	4.483e-02	6.339e-02	6.288e-02	5.804e-02	6.900e-02	6.349e-02	5.597e-02	6.936e-02	6.315e-02	5.330e-02	6.780e-02
4.520e+04	4.638e-02	3.492e-02	5.793e-02	5.461e-02	3.992e-02	6.216e-02	5.297e-02	4.493e-02	6.339e-02	6.288e-02	5.786e-02	6.900e-02	6.349e-02	5.597e-02	6.936e-02	6.315e-02	5.330e-02	6.780e-02
4.530e+04	4.638e-02	3.492e-02	5.673e-02	5.461e-02	3.992e-02	6.273e-02	5.297e-02	4.493e-02	6.339e-02	6.296e-02	5.786e-02	6.900e-02	6.347e-02	5.597e-02	6.997e-02	6.315e-02	5.331e-02	6.769e-02
4.540e+04	4.673e-02	3.492e-02	5.673e-02	5.454e-02	3.992e-02	6.292e-02	5.297e-02	4.450e-02	6.273e-02	6.296e-02	5.786e-02	6.900e-02	6.347e-02	5.597e-02	7.011e-02	6.315e-02	5.317e-02	6.769e-02
4.550e+04	4.673e-02	3.493e-02	5.649e-02	5.417e-02	4.027e-02	6.311e-02	5.340e-02	4.450e-02	6.273e-02	6.288e-02	5.786e-02	6.900e-02	6.347e-02	5.597e-02	7.011e-02	6.315e-02	5.317e-02	6.738e-02
4.560e+04	4.673e-02	3.493e-02	5.624e-02	5.417e-02	4.027e-02	6.311e-02	5.386e-02	4.504e-02	6.273e-02	6.288e-02	5.873e-02	6.877e-02	6.353e-02	5.570e-02	7.051e-02	6.251e-02	5.317e-02	6.738e-02
4.570e+04	4.665e-02	3.493e-02	5.624e-02	5.417e-02	4.027e-02	6.311e-02	5.386e-02	4.428e-02	6.273e-02	6.288e-02	5.873e-02	6.877e-02	6.353e-02	5.600e-02	7.055e-02	6.251e-02	5.317e-02	6.738e-02
4.580e+04	4.649e-02	3.493e-02	5.617e-02	5.417e-02	4.027e-02	6.311e-02	5.386e-02	4.374e-02	6.273e-02	6.288e-02	5.873e-02	6.900e-02	6.365e-02	5.600e-02	7.055e-02	6.251e-02	5.317e-02	6.718e-02
4.590e+04	4.649e-02	3.493e-02	5.617e-02	5.374e-02	4.027e-02	6.311e-02	5.470e-02	4.374e-02	6.273e-02	6.256e-02	5.873e-02	6.900e-02	6.273e-02	5.600e-02	7.055e-02	6.233e-02	5.317e-02	6.738e-02
4.600e+04	4.649e-02	3.512e-02	5.496e-02	5.374e-02	4.027e-02	6.311e-02	5.470e-02	4.374e-02	6.273e-02	6.256e-02	5.873e-02	6.900e-02	6.254e-02	5.600e-02	7.055e-02	6.233e-02	5.407e-02	6.738e-02
4.610e+04	4.639e-02	3.527e-02	5.496e-02	5.436e-02	4.027e-02	6.311e-02	5.470e-02	4.374e-02	6.273e-02	6.256e-02	5.873e-02	6.900e-02	6.254e-02	5.600e-02	7.055e-02	6.251e-02	5.407e-02	6.738e-02
4.620e+04	4.639e-02	3.489e-02	5.434e-02	5.436e-02	4.027e-02	6.311e-02	5.470e-02	4.374e-02	6.273e-02	6.256e-02	5.873e-02	6.900e-02	6.254e-02	5.600e-02	7.055e-02	6.251e-02	5.407e-02	6.738e-02
4.630e+04	4.639e-02	3.427e-02	5.434e-02	5.436e-02	4.104e-02	6.311e-02	5.423e-02	4.374e-02	6.300e-02	6.285e-02	5.873e-02	6.900e-02	6.254e-02	5.600e-02	7.055e-02	6.251e-02	5.328e-02	6.740e-02
4.640e+04	4.639e-02	3.427e-02	5.352e-02	5.430e-02	4.104e-02	6.310e-02	5.375e-02	4.374e-02	6.300e-02	6.285e-02	5.873e-02	6.900e-02	6.254e-02	5.600e-02	7.055e-02	6.251e-02	5.328e-02	6.740e-02
4.650e+04	4.664e-02	3.427e-02	5.386e-02	5.430e-02	4.104e-02	6.310e-02	5.375e-02	4.321e-02	6.302e-02	6.285e-02	5.873e-02	6.915e-02	6.254e-02	5.600e-02	7.064e-02	6.251e-02	5.374e-02	6.740e-02
4.660e+04	4.664e-02	3.427e-02	5.396e-02	5.430e-02	4.104e-02	6.310e-02	5.375e-02	4.320e-02	6.302e-02	6.285e-02	5.873e-02	6.897e-02	6.254e-02	5.660e-02	7.064e-02	6.251e-02	5.374e-02	6.740e-02
4.670e+04	4.664e-02	3.427e-02	5.426e-02	5.430e-02	4.104e-02	6.343e-02	5.375e-02	4.320e-02	6.302e-02	6.285e-02	5.873e-02	6.897e-02	6.254e-02	5.660e-02	7.064e-02	6.251e-02	5.374e-02	6.740e-02
4.680e+04	4.664e-02	3.427e-02	5.320e-02	5.424e-02	4.105e-02	6.347e-02	5.458e-02	4.319e-02	6.302e-02	6.285e-02	5.822e-02	6.926e-02	6.254e-02	5.660e-02	7.064e-02	6.252e-02	5.374e-02	6.760e-02
4.690e+04	4.664e-02	3.427e-02	5.343e-02	5.424e-02	4.112e-02	6.329e-02	5.547e-02	4.293e-02	6.302e-02	6.285e-02	5.822e-02	6.926e-02	6.254e-02	5.695e-02	7.064e-02	6.252e-02	5.374e-02	6.760e-02
4.700e+04	4.664e-02	3.446e-02	5.272e-02	5.424e-02	4.046e-02	6.311e-02	5.547e-02	4.265e-02	6.175e-02	6.285e-02	5.822e-02	6.926e-02	6.254e-02	5.695e-02	7.064e-02	6.252e-02	5.285e-02	6.759e-02
4.710e+04	4.664e-02	3.392e-02	5.161e-02	5.340e-02	4.041e-02	6.311e-02	5.547e-02	4.237e-02	6.149e-02	6.294e-02	5.822e-02	6.834e-02	6.254e-02	5.695e-02	7.064e-02	6.252e-02	5.285e-02	6.836e-02
4.720e+04	4.754e-02	3.376e-02	5.161e-02	5.340e-02	4.041e-02	6.311e-02	5.547e-02	3.992e-02	6.149e-02	6.294e-02	5.822e-02	6.834e-02	6.254e-02	5.695e-02	7.064e-02	6.252e-02	5.290e-02	6.836e-02
4.730e+04	4.815e-02	3.376e-02	5.161e-02	5.340e-02	4.041e-02	6.308e-02	5.583e-02	3.951e-02	6.118e-02	6.295e-02	5.822e-02	6.888e-02	6.254e-02	5.695e-02	7.064e-02	6.251e-02	5.290e-02	6.776e-02
4.740e+04	4.815e-02	3.376e-02	5.039e-02	5.317e-02	4.041e-02	6.304e-02	5.583e-02	3.932e-02	6.118e-02	6.295e-02	5.822e-02	6.888e-02	6.254e-02	5.695e-02	7.064e-02	6.251e-02	5.290e-02	6.808e-02
4.750e+04	4.815e-02	3.376e-02	5.039e-02	5.317e-02	3.977e-02	6.304e-02	5.643e-02	3.913e-02	6.131e-02	6.295e-02	5.822e-02	6.888e-02	6.254e-02	5.695e-02	7.064e-02	6.251e-02	5.290e-02	6.808e-02
4.760e+04	4.815e-02	3.376e-02	5.039e-02	5.317e-02	3.977e-02	6.305e-02	5.643e-02	3.913e-02	6.131e-02	6.294e-02	5.822e-02	6.888e-02	6.254e-02	5.695e-02	7.064e-02	6.252e-02	5.290e-02	6.808e-02
4.770e+04	4.815e-02	3.376e-02	5.039e-02	5.331e-02	3.977e-02	6.305e-02	5.645e-02	3.938e-02	6.131e-02	6.289e-02	5.822e-02	6.888e-02	6.254e-02	5.695e-02	7.064e-02	6.224e-02	5.290e-02	6.761e-02
4.780e+04	4.820e-02	3.376e-02	5.039e-02	5.337e-02	3.977e-02	6.305e-02	5.630e-02	3.938e-02	6.131e-02	6.289e-02	5.825e-02	6.888e-02	6.254e-02	5.695e-02	7.064e-02	6.224e-02	5.290e-02	6.761e-02
4.790e+04	4.814e-02	3.357e-02	5.039e-02	5.337e-02	3.977e-02	6.305e-02	5.630e-02	3.938e-02	6.148e-02	6.289e-02	5.825e-02	6.888e-02	6.254e-02	5.695e-02	7.064e-02	6.239e-02	5.290e-02	6.761e-02
4.800e+04	4.814e-02	3.375e-02	5.039e-02	5.337e-02	3.977e-02	6.305e-02	5.579e-02	3.938e-02	6.131e-02	6.289e-02	5.825e-02	6.838e-02	6.283e-02	5.695e-02	7.094e-02	6.203e-02	5.297e-02	6.781e-02
4.810e+04	4.814e-02	3.525e-02	5.089e-02	5.365e-02	3.977e-02	6.324e-02	5.619e-02	3.917e-02	6.131e-02	6.289e-02	5.801e-02	6.842e-02	6.283e-02	5.695e-02	7.094e-02	6.203e-02	5.281e-02	6.781e-02
4.820e+04	4.796e-02	3.525e-02	5.115e-02	5.365e-02	3.977e-02	6.324e-02	5.619e-02	3.921e-02	6.149e-02	6.289e-02	5.801e-02	6.863e-02	6.283e-02	5.695e-02	7.094e-02	6.203e-02	5.281e-02	6.781e-02
4.830e+04	4.796e-02	3.523e-02	5.115e-02	5.365e-02	3.913e-02	6.324e-02	5.619e-02	3.921e-02	6.149e-02	6.321e-02	5.801e-02	6.863e-02	6.283e-02	5.573e-02	7.094e-02	6.203e-02	5.281e-02	6.781e-02
4.840e+04	4.670e-02	3.523e-02	5.121e-02	5.365e-02	3.913e-02	6.340e-02	5.619e-02	3.921e-02	6.149e-02	6.321e-02	5.801e-02	6.863e-02	6.283e-02	5.573e-02	7.073e-02	6.205e-02	5.374e-02	6.779e-02
4.850e+04	4.670e-02	3.523e-02	5.072e-02	5.365e-02	3.913e-02	6.338e-02	5.619e-02	3.921e-02	6.207e-02	6.277e-02	5.801e-02	6.863e-02	6.283e-02	5.573e-02	7.073e-02	6.205e-02	5.281e-02	6.779e-02
4.860e+04	4.670e-02	3.523e-02	5.072e-02	5.365e-02	3.913e-02	6.338e-02	5.449e-02	3.941e-02	6.201e-02	6.277e-02	5.805e-02	6.863e-02	6.283e-02	5.573e-02	7.044e-02	6.177e-02	5.288e-02	6.779e-02
4.870e+04	4.670e-02	3.414e-02	5.119e-02	5.365e-02	3.913e-02	6.338e-02	5.449e-02	3.941e-02	6.201e-02	6.296e-02	5.805e-02	6.863e-02	6.235e-02	5.573e-02	7.044e-02	6.177e-02	5.288e-02	6.801e-02
4.880e+04	4.670e-02	3.417e-02	5.119e-02	5.365e-02	3.861e-02	6.338e-02	5.474e-02	3.941e-02	6.201e-02	6.296e-02	5.805e-02	6.863e-02	6.290e-02	5.573e-02	7.044e-02	6.194e-02	5.288e-02	6.801e-02
4.890e+04	4.670e-02	3.417e-02	5.192e-02	5.365e-02	3.861e-02	6.338e-02	5.551e-02	3.941e-02	6.201e-02	6.277e-02	5.805e-02	6.863e-02	6.290e-02	5.573e-02	7.044e-02	6.194e-02	5.402e-02	6.801e-02
4.900e+04	4.670e-02	3.417e-02	5.191e-02	5.365e-02	3.861e-02	6.338e-02	5.551e-02	3.921e-02	6.201e-02	6.296e-02	5.805e-02	6.863e-02	6.290e-02	5.573e-02	7.021e-02	6.194e-02	5.402e-02	6.784e-02
4.910e+04	4.670e-02	3.436e-02	5.215e-02	5.365e-02	3.861e-02	6.314e-02	5.551e-02	3.891e-02	6.201e-02	6.296e-02	5.805e-02	6.863e-02	6.290e-02	5.573e-02	7.021e-02	6.194e-02	5.402e-02	6.806e-02
4.920e+04	4.670e-02	3.445e-02	5.215e-02	5.365e-02	3.861e-02	6.314e-02	5.682e-02	3.882e-02	6.201e-02	6.296e-02	5.805e-02	6.863e-02	6.290e-02	5.573e-02	7.021e-02	6.194e-02	5.443e-02	6.806e-02
4.930e+04	4.670e-02	3.445e-02	5.215e-02	5.365e-02	3.817e-02	6.314e-02	5.682e-02	3.882e-02	6.201e-02	6.274e-02	5.805e-02	6.839e-02	6.290e-02	5.573e-02	7.021e-02	6.194e-02	5.443e-02	6.825e-02
4.940e+04	4.670e-02	3.445e-02	5.215e-02	5.309e-02	3.830e-02	6.314e-02	5.771e-02	3.925e-02	6.201e-02	6.274e-02	5.854e-02	6.704e-02	6.290e-02	5.578e-02	7.050e-02	6.226e-02	5.443e-02	6.825e-02
4.950e+04	4.677e-02	3.417e-02	5.122e-02	5.225e-02	3.830e-02	6.331e-02	5.775e-02	4.028e-02	6.201e-02	6.274e-02	5.854e-02	6.704e-02	6.290e-02	5.578e-02	7.050e-02	6.226e-02	5.443e-02	6.825e-02
4.960e+04	4.717e-02	3.414e-02	5.121e-02	5.194e-02	3.830e-02	6.314e-02	5.775e-02	4.028e-02	6.201e-02	6.274e-02	5.747e-02	6.704e-02	6.290e-02	5.578e-02	7.034e-02	6.226e-02	5.443e-02	6.825e-02
4.970e+04	4.717e-02	3.445e-02	5.096e-02	5.194e-02	3.812e-02	6.314e-02	5.624e-02	4.023e-02	6.226e-02	6.274e-02	5.747e-02	6.704e-02	6.290e-02	5.578e-02	7.034e-02	6.226e-02	5.443e-02	6.825e-02
4.980e+04	4.717e-02	3.445e-02	5.173e-02	5.194e-02	3.812e-02	6.314e-02	5.535e-02	4.007e-02	6.251e-02	6.274e-02	5.747e-02	6.704e-02	6.290e-02	5.578e-02	7.034e-02	6.226e-02	5.443e-02	6.825e-02
4.990e+04	4.717e-02	3.445e-02	5.162e-02	5.305e-02	3.812e-02	6.314e-02	5.525e-02	3.994e-02	6.251e-02	6.285e-02	5.747e-02	6.704e-02	6.325e-02	5.578e-02	7.034e-02	6.226e-02	5.408e-02	6.825e-02
5.000e+04	4.717e-02	3.445e-02	5.170e-02	5.305e-02	3.812e-02	6.314e-02	5.388e-02	3.994e-02	6.245e-02	6.356e-02	5.747e-02	6.666e-02	6.325e-02	5.525e-02	7.006e-02	6.226e-02	5.408e-02	6.825e-02
