n.evals.q.1.0.	_.vs.4.nav.e_maze.ga.pleiotropy.1.0.all.each.cross.pleiotropy.sd	_.vs.4.nav.e_maze.ga.pleiotropy.1.0.all.each.cross.pleiotropy.sd.min	_.vs.4.nav.e_maze.ga.pleiotropy.1.0.all.each.cross.pleiotropy.sd.max	_.vs.4.nav.e_maze.ga.pleiotropy.1.0.unique.all.each.cross.pleiotropy.sd	_.vs.4.nav.e_maze.ga.pleiotropy.1.0.unique.all.each.cross.pleiotropy.sd.min	_.vs.4.nav.e_maze.ga.pleiotropy.1.0.unique.all.each.cross.pleiotropy.sd.max	_.vs.4.nav.e_maze.ga.pleiotropy.1.0.sequential.all.each.cross.pleiotropy.sd	_.vs.4.nav.e_maze.ga.pleiotropy.1.0.sequential.all.each.cross.pleiotropy.sd.min	_.vs.4.nav.e_maze.ga.pleiotropy.1.0.sequential.all.each.cross.pleiotropy.sd.max	_.vs.4.nav.y_maze.ga.pleiotropy.1.0.all.each.cross.pleiotropy.sd	_.vs.4.nav.y_maze.ga.pleiotropy.1.0.all.each.cross.pleiotropy.sd.min	_.vs.4.nav.y_maze.ga.pleiotropy.1.0.all.each.cross.pleiotropy.sd.max	_.vs.4.nav.y_maze.ga.pleiotropy.1.0.unique.all.each.cross.pleiotropy.sd	_.vs.4.nav.y_maze.ga.pleiotropy.1.0.unique.all.each.cross.pleiotropy.sd.min	_.vs.4.nav.y_maze.ga.pleiotropy.1.0.unique.all.each.cross.pleiotropy.sd.max	_.vs.4.nav.y_maze.ga.pleiotropy.1.0.sequential.all.each.cross.pleiotropy.sd	_.vs.4.nav.y_maze.ga.pleiotropy.1.0.sequential.all.each.cross.pleiotropy.sd.min	_.vs.4.nav.y_maze.ga.pleiotropy.1.0.sequential.all.each.cross.pleiotropy.sd.max
1.000e+02	1.373e-01	1.298e-01	1.409e-01	0.000e+00	0.000e+00	0.000e+00	0.000e+00	0.000e+00	0.000e+00	1.373e-01	1.298e-01	1.409e-01	0.000e+00	0.000e+00	0.000e+00	0.000e+00	0.000e+00	0.000e+00
2.000e+02	1.389e-01	1.277e-01	1.417e-01	1.810e-01	1.733e-01	1.843e-01	1.849e-01	1.773e-01	1.903e-01	1.348e-01	1.307e-01	1.395e-01	1.808e-01	1.765e-01	1.877e-01	1.837e-01	1.765e-01	1.887e-01
3.000e+02	1.350e-01	1.267e-01	1.432e-01	1.879e-01	1.813e-01	1.957e-01	1.888e-01	1.827e-01	1.912e-01	1.370e-01	1.302e-01	1.404e-01	1.871e-01	1.826e-01	1.911e-01	1.857e-01	1.810e-01	1.922e-01
4.000e+02	1.366e-01	1.293e-01	1.427e-01	1.861e-01	1.822e-01	1.903e-01	1.849e-01	1.789e-01	1.870e-01	1.364e-01	1.305e-01	1.430e-01	1.822e-01	1.757e-01	1.880e-01	1.826e-01	1.764e-01	1.867e-01
5.000e+02	1.370e-01	1.308e-01	1.438e-01	1.813e-01	1.752e-01	1.875e-01	1.796e-01	1.756e-01	1.843e-01	1.374e-01	1.305e-01	1.398e-01	1.772e-01	1.711e-01	1.803e-01	1.814e-01	1.720e-01	1.844e-01
6.000e+02	1.377e-01	1.300e-01	1.420e-01	1.794e-01	1.742e-01	1.842e-01	1.773e-01	1.735e-01	1.810e-01	1.357e-01	1.298e-01	1.401e-01	1.754e-01	1.667e-01	1.787e-01	1.769e-01	1.663e-01	1.808e-01
7.000e+02	1.352e-01	1.309e-01	1.418e-01	1.758e-01	1.700e-01	1.799e-01	1.746e-01	1.675e-01	1.789e-01	1.336e-01	1.304e-01	1.420e-01	1.719e-01	1.623e-01	1.775e-01	1.728e-01	1.650e-01	1.789e-01
8.000e+02	1.368e-01	1.329e-01	1.426e-01	1.738e-01	1.664e-01	1.777e-01	1.719e-01	1.650e-01	1.750e-01	1.351e-01	1.292e-01	1.412e-01	1.695e-01	1.620e-01	1.773e-01	1.688e-01	1.610e-01	1.750e-01
9.000e+02	1.383e-01	1.307e-01	1.438e-01	1.701e-01	1.657e-01	1.747e-01	1.677e-01	1.639e-01	1.713e-01	1.357e-01	1.329e-01	1.394e-01	1.696e-01	1.622e-01	1.740e-01	1.655e-01	1.592e-01	1.713e-01
1.000e+03	1.383e-01	1.293e-01	1.424e-01	1.700e-01	1.646e-01	1.741e-01	1.667e-01	1.546e-01	1.707e-01	1.369e-01	1.331e-01	1.408e-01	1.633e-01	1.591e-01	1.748e-01	1.655e-01	1.582e-01	1.699e-01
1.100e+03	1.401e-01	1.307e-01	1.449e-01	1.703e-01	1.613e-01	1.762e-01	1.614e-01	1.533e-01	1.686e-01	1.372e-01	1.339e-01	1.427e-01	1.650e-01	1.580e-01	1.734e-01	1.631e-01	1.583e-01	1.695e-01
1.200e+03	1.383e-01	1.310e-01	1.451e-01	1.671e-01	1.589e-01	1.712e-01	1.585e-01	1.510e-01	1.677e-01	1.382e-01	1.330e-01	1.428e-01	1.655e-01	1.553e-01	1.718e-01	1.616e-01	1.548e-01	1.650e-01
1.300e+03	1.383e-01	1.288e-01	1.435e-01	1.651e-01	1.572e-01	1.699e-01	1.592e-01	1.526e-01	1.659e-01	1.389e-01	1.347e-01	1.454e-01	1.621e-01	1.524e-01	1.696e-01	1.610e-01	1.544e-01	1.659e-01
1.400e+03	1.398e-01	1.286e-01	1.449e-01	1.648e-01	1.550e-01	1.696e-01	1.589e-01	1.504e-01	1.676e-01	1.376e-01	1.329e-01	1.466e-01	1.618e-01	1.483e-01	1.665e-01	1.592e-01	1.519e-01	1.630e-01
1.500e+03	1.376e-01	1.275e-01	1.452e-01	1.595e-01	1.493e-01	1.670e-01	1.609e-01	1.518e-01	1.668e-01	1.376e-01	1.317e-01	1.455e-01	1.582e-01	1.488e-01	1.670e-01	1.552e-01	1.490e-01	1.597e-01
1.600e+03	1.350e-01	1.281e-01	1.427e-01	1.584e-01	1.503e-01	1.642e-01	1.556e-01	1.483e-01	1.659e-01	1.395e-01	1.313e-01	1.460e-01	1.582e-01	1.474e-01	1.630e-01	1.537e-01	1.500e-01	1.585e-01
1.700e+03	1.349e-01	1.274e-01	1.441e-01	1.576e-01	1.506e-01	1.635e-01	1.550e-01	1.472e-01	1.650e-01	1.388e-01	1.339e-01	1.472e-01	1.573e-01	1.474e-01	1.658e-01	1.535e-01	1.468e-01	1.601e-01
1.800e+03	1.340e-01	1.280e-01	1.434e-01	1.589e-01	1.499e-01	1.625e-01	1.566e-01	1.451e-01	1.650e-01	1.401e-01	1.324e-01	1.451e-01	1.570e-01	1.464e-01	1.614e-01	1.543e-01	1.463e-01	1.616e-01
1.900e+03	1.368e-01	1.292e-01	1.449e-01	1.567e-01	1.499e-01	1.637e-01	1.545e-01	1.457e-01	1.635e-01	1.403e-01	1.333e-01	1.463e-01	1.554e-01	1.458e-01	1.612e-01	1.552e-01	1.471e-01	1.598e-01
2.000e+03	1.363e-01	1.289e-01	1.446e-01	1.563e-01	1.479e-01	1.600e-01	1.543e-01	1.460e-01	1.632e-01	1.419e-01	1.330e-01	1.463e-01	1.546e-01	1.435e-01	1.607e-01	1.564e-01	1.478e-01	1.584e-01
2.100e+03	1.368e-01	1.283e-01	1.417e-01	1.542e-01	1.490e-01	1.589e-01	1.540e-01	1.415e-01	1.613e-01	1.416e-01	1.327e-01	1.468e-01	1.528e-01	1.444e-01	1.603e-01	1.541e-01	1.462e-01	1.577e-01
2.200e+03	1.367e-01	1.251e-01	1.422e-01	1.527e-01	1.499e-01	1.560e-01	1.530e-01	1.420e-01	1.608e-01	1.423e-01	1.340e-01	1.479e-01	1.525e-01	1.459e-01	1.584e-01	1.541e-01	1.437e-01	1.582e-01
2.300e+03	1.366e-01	1.261e-01	1.413e-01	1.509e-01	1.474e-01	1.563e-01	1.528e-01	1.413e-01	1.622e-01	1.422e-01	1.320e-01	1.471e-01	1.506e-01	1.437e-01	1.592e-01	1.541e-01	1.386e-01	1.580e-01
2.400e+03	1.363e-01	1.241e-01	1.416e-01	1.501e-01	1.437e-01	1.548e-01	1.515e-01	1.409e-01	1.613e-01	1.406e-01	1.305e-01	1.471e-01	1.493e-01	1.435e-01	1.575e-01	1.507e-01	1.417e-01	1.578e-01
2.500e+03	1.363e-01	1.251e-01	1.437e-01	1.506e-01	1.435e-01	1.547e-01	1.496e-01	1.393e-01	1.591e-01	1.408e-01	1.304e-01	1.470e-01	1.516e-01	1.418e-01	1.577e-01	1.505e-01	1.398e-01	1.576e-01
2.600e+03	1.371e-01	1.232e-01	1.426e-01	1.483e-01	1.423e-01	1.549e-01	1.496e-01	1.389e-01	1.609e-01	1.417e-01	1.339e-01	1.470e-01	1.503e-01	1.401e-01	1.571e-01	1.506e-01	1.395e-01	1.575e-01
2.700e+03	1.372e-01	1.228e-01	1.446e-01	1.497e-01	1.408e-01	1.583e-01	1.478e-01	1.406e-01	1.590e-01	1.415e-01	1.317e-01	1.470e-01	1.490e-01	1.386e-01	1.553e-01	1.478e-01	1.408e-01	1.567e-01
2.800e+03	1.378e-01	1.233e-01	1.440e-01	1.488e-01	1.399e-01	1.594e-01	1.462e-01	1.399e-01	1.571e-01	1.421e-01	1.330e-01	1.482e-01	1.470e-01	1.394e-01	1.537e-01	1.485e-01	1.395e-01	1.569e-01
2.900e+03	1.351e-01	1.267e-01	1.438e-01	1.514e-01	1.380e-01	1.579e-01	1.444e-01	1.367e-01	1.565e-01	1.409e-01	1.348e-01	1.483e-01	1.464e-01	1.410e-01	1.532e-01	1.454e-01	1.379e-01	1.557e-01
3.000e+03	1.357e-01	1.228e-01	1.442e-01	1.517e-01	1.375e-01	1.584e-01	1.441e-01	1.348e-01	1.577e-01	1.407e-01	1.331e-01	1.460e-01	1.451e-01	1.406e-01	1.519e-01	1.461e-01	1.392e-01	1.558e-01
3.100e+03	1.385e-01	1.215e-01	1.436e-01	1.493e-01	1.418e-01	1.576e-01	1.423e-01	1.325e-01	1.566e-01	1.412e-01	1.337e-01	1.465e-01	1.464e-01	1.401e-01	1.522e-01	1.459e-01	1.376e-01	1.562e-01
3.200e+03	1.376e-01	1.182e-01	1.435e-01	1.477e-01	1.397e-01	1.590e-01	1.424e-01	1.307e-01	1.569e-01	1.401e-01	1.351e-01	1.456e-01	1.468e-01	1.375e-01	1.522e-01	1.478e-01	1.370e-01	1.549e-01
3.300e+03	1.366e-01	1.221e-01	1.426e-01	1.485e-01	1.372e-01	1.593e-01	1.435e-01	1.317e-01	1.563e-01	1.413e-01	1.329e-01	1.468e-01	1.455e-01	1.374e-01	1.519e-01	1.483e-01	1.377e-01	1.554e-01
3.400e+03	1.350e-01	1.251e-01	1.422e-01	1.506e-01	1.335e-01	1.576e-01	1.411e-01	1.294e-01	1.557e-01	1.418e-01	1.333e-01	1.483e-01	1.441e-01	1.383e-01	1.515e-01	1.462e-01	1.368e-01	1.554e-01
3.500e+03	1.342e-01	1.246e-01	1.427e-01	1.506e-01	1.348e-01	1.571e-01	1.422e-01	1.286e-01	1.545e-01	1.435e-01	1.319e-01	1.469e-01	1.442e-01	1.371e-01	1.504e-01	1.451e-01	1.351e-01	1.554e-01
3.600e+03	1.331e-01	1.248e-01	1.428e-01	1.479e-01	1.370e-01	1.562e-01	1.440e-01	1.308e-01	1.560e-01	1.435e-01	1.339e-01	1.476e-01	1.428e-01	1.362e-01	1.497e-01	1.430e-01	1.351e-01	1.551e-01
3.700e+03	1.340e-01	1.248e-01	1.428e-01	1.483e-01	1.399e-01	1.567e-01	1.455e-01	1.286e-01	1.576e-01	1.428e-01	1.344e-01	1.497e-01	1.433e-01	1.370e-01	1.517e-01	1.451e-01	1.334e-01	1.539e-01
3.800e+03	1.342e-01	1.241e-01	1.432e-01	1.483e-01	1.399e-01	1.584e-01	1.455e-01	1.283e-01	1.579e-01	1.423e-01	1.351e-01	1.476e-01	1.437e-01	1.342e-01	1.518e-01	1.438e-01	1.335e-01	1.537e-01
3.900e+03	1.330e-01	1.231e-01	1.415e-01	1.476e-01	1.399e-01	1.591e-01	1.441e-01	1.293e-01	1.572e-01	1.401e-01	1.377e-01	1.476e-01	1.451e-01	1.330e-01	1.498e-01	1.428e-01	1.329e-01	1.543e-01
4.000e+03	1.309e-01	1.222e-01	1.412e-01	1.462e-01	1.389e-01	1.576e-01	1.435e-01	1.308e-01	1.558e-01	1.423e-01	1.373e-01	1.470e-01	1.454e-01	1.334e-01	1.503e-01	1.432e-01	1.345e-01	1.548e-01
4.100e+03	1.305e-01	1.194e-01	1.413e-01	1.462e-01	1.392e-01	1.584e-01	1.432e-01	1.314e-01	1.528e-01	1.403e-01	1.373e-01	1.465e-01	1.449e-01	1.340e-01	1.483e-01	1.427e-01	1.357e-01	1.532e-01
4.200e+03	1.309e-01	1.211e-01	1.417e-01	1.457e-01	1.383e-01	1.588e-01	1.428e-01	1.306e-01	1.539e-01	1.403e-01	1.360e-01	1.473e-01	1.437e-01	1.340e-01	1.500e-01	1.431e-01	1.362e-01	1.528e-01
4.300e+03	1.309e-01	1.183e-01	1.399e-01	1.449e-01	1.380e-01	1.569e-01	1.442e-01	1.291e-01	1.554e-01	1.401e-01	1.344e-01	1.468e-01	1.435e-01	1.335e-01	1.506e-01	1.431e-01	1.360e-01	1.533e-01
4.400e+03	1.309e-01	1.173e-01	1.401e-01	1.454e-01	1.363e-01	1.569e-01	1.442e-01	1.323e-01	1.551e-01	1.415e-01	1.327e-01	1.470e-01	1.426e-01	1.335e-01	1.514e-01	1.404e-01	1.366e-01	1.536e-01
4.500e+03	1.311e-01	1.181e-01	1.424e-01	1.468e-01	1.324e-01	1.562e-01	1.430e-01	1.295e-01	1.531e-01	1.423e-01	1.327e-01	1.466e-01	1.432e-01	1.340e-01	1.507e-01	1.412e-01	1.357e-01	1.533e-01
4.600e+03	1.296e-01	1.212e-01	1.409e-01	1.485e-01	1.302e-01	1.565e-01	1.446e-01	1.293e-01	1.525e-01	1.438e-01	1.327e-01	1.461e-01	1.432e-01	1.333e-01	1.510e-01	1.442e-01	1.342e-01	1.541e-01
4.700e+03	1.309e-01	1.215e-01	1.406e-01	1.484e-01	1.317e-01	1.547e-01	1.446e-01	1.294e-01	1.533e-01	1.411e-01	1.335e-01	1.471e-01	1.437e-01	1.335e-01	1.497e-01	1.435e-01	1.342e-01	1.533e-01
4.800e+03	1.325e-01	1.228e-01	1.398e-01	1.490e-01	1.302e-01	1.563e-01	1.440e-01	1.294e-01	1.533e-01	1.401e-01	1.353e-01	1.470e-01	1.437e-01	1.320e-01	1.499e-01	1.463e-01	1.354e-01	1.525e-01
4.900e+03	1.341e-01	1.231e-01	1.407e-01	1.474e-01	1.297e-01	1.562e-01	1.413e-01	1.294e-01	1.519e-01	1.404e-01	1.338e-01	1.470e-01	1.439e-01	1.327e-01	1.483e-01	1.435e-01	1.354e-01	1.535e-01
5.000e+03	1.341e-01	1.238e-01	1.421e-01	1.443e-01	1.312e-01	1.553e-01	1.413e-01	1.288e-01	1.519e-01	1.408e-01	1.342e-01	1.470e-01	1.444e-01	1.342e-01	1.492e-01	1.454e-01	1.354e-01	1.528e-01
5.100e+03	1.341e-01	1.212e-01	1.421e-01	1.468e-01	1.317e-01	1.570e-01	1.412e-01	1.288e-01	1.519e-01	1.408e-01	1.345e-01	1.480e-01	1.450e-01	1.342e-01	1.499e-01	1.451e-01	1.370e-01	1.528e-01
5.200e+03	1.334e-01	1.234e-01	1.446e-01	1.456e-01	1.312e-01	1.585e-01	1.418e-01	1.294e-01	1.503e-01	1.411e-01	1.331e-01	1.478e-01	1.444e-01	1.327e-01	1.501e-01	1.435e-01	1.354e-01	1.512e-01
5.300e+03	1.334e-01	1.248e-01	1.442e-01	1.443e-01	1.327e-01	1.561e-01	1.385e-01	1.296e-01	1.498e-01	1.408e-01	1.320e-01	1.479e-01	1.427e-01	1.335e-01	1.501e-01	1.452e-01	1.335e-01	1.518e-01
5.400e+03	1.337e-01	1.228e-01	1.452e-01	1.443e-01	1.298e-01	1.589e-01	1.374e-01	1.288e-01	1.498e-01	1.413e-01	1.340e-01	1.481e-01	1.438e-01	1.335e-01	1.510e-01	1.471e-01	1.351e-01	1.504e-01
5.500e+03	1.334e-01	1.190e-01	1.451e-01	1.470e-01	1.342e-01	1.589e-01	1.351e-01	1.283e-01	1.538e-01	1.418e-01	1.350e-01	1.478e-01	1.435e-01	1.334e-01	1.504e-01	1.451e-01	1.293e-01	1.496e-01
5.600e+03	1.324e-01	1.222e-01	1.422e-01	1.470e-01	1.317e-01	1.578e-01	1.351e-01	1.266e-01	1.519e-01	1.428e-01	1.346e-01	1.478e-01	1.431e-01	1.334e-01	1.501e-01	1.464e-01	1.289e-01	1.504e-01
5.700e+03	1.323e-01	1.212e-01	1.422e-01	1.456e-01	1.314e-01	1.537e-01	1.342e-01	1.289e-01	1.504e-01	1.412e-01	1.342e-01	1.473e-01	1.440e-01	1.332e-01	1.501e-01	1.474e-01	1.286e-01	1.507e-01
5.800e+03	1.314e-01	1.204e-01	1.449e-01	1.456e-01	1.286e-01	1.534e-01	1.342e-01	1.277e-01	1.498e-01	1.413e-01	1.335e-01	1.462e-01	1.435e-01	1.345e-01	1.507e-01	1.470e-01	1.286e-01	1.512e-01
5.900e+03	1.348e-01	1.207e-01	1.438e-01	1.449e-01	1.286e-01	1.539e-01	1.351e-01	1.277e-01	1.489e-01	1.409e-01	1.327e-01	1.474e-01	1.435e-01	1.350e-01	1.509e-01	1.463e-01	1.286e-01	1.520e-01
6.000e+03	1.348e-01	1.213e-01	1.438e-01	1.484e-01	1.290e-01	1.589e-01	1.366e-01	1.272e-01	1.489e-01	1.398e-01	1.340e-01	1.468e-01	1.440e-01	1.345e-01	1.506e-01	1.463e-01	1.294e-01	1.506e-01
6.100e+03	1.346e-01	1.201e-01	1.422e-01	1.469e-01	1.290e-01	1.588e-01	1.368e-01	1.272e-01	1.476e-01	1.394e-01	1.311e-01	1.466e-01	1.440e-01	1.357e-01	1.501e-01	1.460e-01	1.299e-01	1.510e-01
6.200e+03	1.348e-01	1.199e-01	1.435e-01	1.456e-01	1.288e-01	1.590e-01	1.362e-01	1.272e-01	1.482e-01	1.389e-01	1.317e-01	1.460e-01	1.421e-01	1.349e-01	1.497e-01	1.453e-01	1.290e-01	1.506e-01
6.300e+03	1.347e-01	1.187e-01	1.421e-01	1.435e-01	1.301e-01	1.552e-01	1.357e-01	1.271e-01	1.470e-01	1.375e-01	1.320e-01	1.456e-01	1.421e-01	1.349e-01	1.500e-01	1.442e-01	1.299e-01	1.506e-01
6.400e+03	1.340e-01	1.189e-01	1.428e-01	1.451e-01	1.306e-01	1.552e-01	1.355e-01	1.272e-01	1.474e-01	1.383e-01	1.324e-01	1.449e-01	1.421e-01	1.334e-01	1.505e-01	1.451e-01	1.308e-01	1.506e-01
6.500e+03	1.347e-01	1.198e-01	1.418e-01	1.446e-01	1.309e-01	1.552e-01	1.351e-01	1.282e-01	1.471e-01	1.398e-01	1.326e-01	1.451e-01	1.444e-01	1.334e-01	1.505e-01	1.458e-01	1.292e-01	1.496e-01
6.600e+03	1.324e-01	1.203e-01	1.412e-01	1.442e-01	1.309e-01	1.552e-01	1.363e-01	1.272e-01	1.471e-01	1.412e-01	1.309e-01	1.446e-01	1.444e-01	1.343e-01	1.500e-01	1.458e-01	1.299e-01	1.499e-01
6.700e+03	1.324e-01	1.205e-01	1.404e-01	1.454e-01	1.309e-01	1.565e-01	1.370e-01	1.251e-01	1.457e-01	1.418e-01	1.308e-01	1.438e-01	1.443e-01	1.330e-01	1.478e-01	1.456e-01	1.280e-01	1.501e-01
6.800e+03	1.302e-01	1.205e-01	1.397e-01	1.416e-01	1.309e-01	1.577e-01	1.364e-01	1.238e-01	1.457e-01	1.418e-01	1.303e-01	1.442e-01	1.435e-01	1.340e-01	1.479e-01	1.449e-01	1.277e-01	1.482e-01
6.900e+03	1.302e-01	1.197e-01	1.392e-01	1.415e-01	1.308e-01	1.577e-01	1.358e-01	1.245e-01	1.451e-01	1.412e-01	1.310e-01	1.444e-01	1.435e-01	1.325e-01	1.488e-01	1.451e-01	1.286e-01	1.488e-01
7.000e+03	1.314e-01	1.197e-01	1.386e-01	1.421e-01	1.299e-01	1.577e-01	1.363e-01	1.240e-01	1.438e-01	1.412e-01	1.314e-01	1.446e-01	1.422e-01	1.299e-01	1.479e-01	1.435e-01	1.286e-01	1.480e-01
7.100e+03	1.299e-01	1.198e-01	1.401e-01	1.441e-01	1.283e-01	1.577e-01	1.363e-01	1.254e-01	1.445e-01	1.404e-01	1.319e-01	1.446e-01	1.408e-01	1.301e-01	1.478e-01	1.422e-01	1.309e-01	1.478e-01
7.200e+03	1.302e-01	1.223e-01	1.401e-01	1.441e-01	1.283e-01	1.577e-01	1.355e-01	1.262e-01	1.445e-01	1.394e-01	1.324e-01	1.449e-01	1.397e-01	1.309e-01	1.493e-01	1.427e-01	1.311e-01	1.474e-01
7.300e+03	1.294e-01	1.213e-01	1.399e-01	1.441e-01	1.238e-01	1.613e-01	1.355e-01	1.262e-01	1.427e-01	1.394e-01	1.324e-01	1.449e-01	1.387e-01	1.309e-01	1.474e-01	1.427e-01	1.302e-01	1.483e-01
7.400e+03	1.296e-01	1.215e-01	1.407e-01	1.410e-01	1.238e-01	1.613e-01	1.371e-01	1.260e-01	1.428e-01	1.404e-01	1.313e-01	1.459e-01	1.424e-01	1.314e-01	1.470e-01	1.424e-01	1.300e-01	1.477e-01
7.500e+03	1.309e-01	1.215e-01	1.429e-01	1.420e-01	1.238e-01	1.585e-01	1.366e-01	1.277e-01	1.423e-01	1.394e-01	1.319e-01	1.468e-01	1.426e-01	1.301e-01	1.470e-01	1.424e-01	1.294e-01	1.468e-01
7.600e+03	1.312e-01	1.215e-01	1.413e-01	1.420e-01	1.233e-01	1.585e-01	1.366e-01	1.247e-01	1.421e-01	1.394e-01	1.319e-01	1.476e-01	1.411e-01	1.319e-01	1.470e-01	1.422e-01	1.304e-01	1.481e-01
7.700e+03	1.314e-01	1.202e-01	1.413e-01	1.408e-01	1.233e-01	1.569e-01	1.360e-01	1.247e-01	1.397e-01	1.394e-01	1.308e-01	1.469e-01	1.421e-01	1.321e-01	1.483e-01	1.417e-01	1.304e-01	1.490e-01
7.800e+03	1.309e-01	1.202e-01	1.409e-01	1.412e-01	1.232e-01	1.553e-01	1.339e-01	1.247e-01	1.396e-01	1.378e-01	1.288e-01	1.469e-01	1.401e-01	1.330e-01	1.479e-01	1.422e-01	1.317e-01	1.493e-01
7.900e+03	1.314e-01	1.194e-01	1.441e-01	1.412e-01	1.232e-01	1.553e-01	1.342e-01	1.247e-01	1.412e-01	1.378e-01	1.288e-01	1.472e-01	1.387e-01	1.340e-01	1.474e-01	1.415e-01	1.314e-01	1.493e-01
8.000e+03	1.280e-01	1.198e-01	1.439e-01	1.412e-01	1.222e-01	1.553e-01	1.340e-01	1.247e-01	1.470e-01	1.395e-01	1.286e-01	1.470e-01	1.387e-01	1.329e-01	1.470e-01	1.422e-01	1.311e-01	1.474e-01
8.100e+03	1.280e-01	1.195e-01	1.451e-01	1.410e-01	1.226e-01	1.540e-01	1.353e-01	1.246e-01	1.464e-01	1.395e-01	1.288e-01	1.468e-01	1.399e-01	1.350e-01	1.482e-01	1.422e-01	1.309e-01	1.485e-01
8.200e+03	1.274e-01	1.196e-01	1.466e-01	1.409e-01	1.225e-01	1.537e-01	1.348e-01	1.232e-01	1.464e-01	1.398e-01	1.314e-01	1.468e-01	1.399e-01	1.350e-01	1.485e-01	1.415e-01	1.307e-01	1.485e-01
8.300e+03	1.272e-01	1.182e-01	1.411e-01	1.427e-01	1.228e-01	1.541e-01	1.342e-01	1.232e-01	1.460e-01	1.379e-01	1.314e-01	1.451e-01	1.399e-01	1.349e-01	1.471e-01	1.415e-01	1.296e-01	1.474e-01
8.400e+03	1.270e-01	1.179e-01	1.418e-01	1.430e-01	1.245e-01	1.541e-01	1.342e-01	1.232e-01	1.460e-01	1.359e-01	1.306e-01	1.463e-01	1.408e-01	1.348e-01	1.469e-01	1.379e-01	1.298e-01	1.474e-01
8.500e+03	1.274e-01	1.171e-01	1.433e-01	1.430e-01	1.235e-01	1.539e-01	1.339e-01	1.232e-01	1.469e-01	1.370e-01	1.308e-01	1.466e-01	1.410e-01	1.339e-01	1.482e-01	1.406e-01	1.310e-01	1.474e-01
8.600e+03	1.281e-01	1.175e-01	1.461e-01	1.444e-01	1.248e-01	1.537e-01	1.339e-01	1.244e-01	1.469e-01	1.374e-01	1.316e-01	1.469e-01	1.427e-01	1.330e-01	1.489e-01	1.380e-01	1.310e-01	1.474e-01
8.700e+03	1.286e-01	1.182e-01	1.461e-01	1.444e-01	1.248e-01	1.537e-01	1.339e-01	1.232e-01	1.456e-01	1.370e-01	1.316e-01	1.442e-01	1.427e-01	1.325e-01	1.492e-01	1.380e-01	1.309e-01	1.466e-01
8.800e+03	1.286e-01	1.182e-01	1.461e-01	1.427e-01	1.261e-01	1.532e-01	1.333e-01	1.215e-01	1.455e-01	1.360e-01	1.312e-01	1.455e-01	1.421e-01	1.319e-01	1.493e-01	1.399e-01	1.311e-01	1.463e-01
8.900e+03	1.280e-01	1.188e-01	1.461e-01	1.444e-01	1.261e-01	1.535e-01	1.330e-01	1.219e-01	1.459e-01	1.357e-01	1.305e-01	1.438e-01	1.427e-01	1.313e-01	1.490e-01	1.390e-01	1.304e-01	1.462e-01
9.000e+03	1.280e-01	1.185e-01	1.463e-01	1.443e-01	1.261e-01	1.535e-01	1.328e-01	1.251e-01	1.464e-01	1.360e-01	1.302e-01	1.438e-01	1.424e-01	1.336e-01	1.477e-01	1.380e-01	1.309e-01	1.487e-01
9.100e+03	1.264e-01	1.182e-01	1.480e-01	1.428e-01	1.238e-01	1.515e-01	1.329e-01	1.251e-01	1.456e-01	1.375e-01	1.311e-01	1.456e-01	1.418e-01	1.336e-01	1.475e-01	1.389e-01	1.309e-01	1.490e-01
9.200e+03	1.264e-01	1.174e-01	1.483e-01	1.400e-01	1.230e-01	1.523e-01	1.342e-01	1.251e-01	1.421e-01	1.370e-01	1.309e-01	1.442e-01	1.418e-01	1.336e-01	1.487e-01	1.389e-01	1.311e-01	1.483e-01
9.300e+03	1.269e-01	1.174e-01	1.437e-01	1.386e-01	1.255e-01	1.524e-01	1.342e-01	1.246e-01	1.421e-01	1.370e-01	1.309e-01	1.444e-01	1.428e-01	1.336e-01	1.487e-01	1.377e-01	1.305e-01	1.483e-01
9.400e+03	1.269e-01	1.164e-01	1.437e-01	1.400e-01	1.240e-01	1.534e-01	1.340e-01	1.242e-01	1.430e-01	1.375e-01	1.320e-01	1.451e-01	1.428e-01	1.333e-01	1.478e-01	1.374e-01	1.302e-01	1.483e-01
9.500e+03	1.279e-01	1.164e-01	1.428e-01	1.400e-01	1.242e-01	1.546e-01	1.329e-01	1.244e-01	1.414e-01	1.385e-01	1.323e-01	1.451e-01	1.442e-01	1.339e-01	1.490e-01	1.389e-01	1.296e-01	1.483e-01
9.600e+03	1.283e-01	1.172e-01	1.415e-01	1.400e-01	1.258e-01	1.549e-01	1.321e-01	1.221e-01	1.415e-01	1.389e-01	1.307e-01	1.459e-01	1.442e-01	1.345e-01	1.490e-01	1.389e-01	1.294e-01	1.480e-01
9.700e+03	1.264e-01	1.164e-01	1.414e-01	1.401e-01	1.270e-01	1.550e-01	1.324e-01	1.221e-01	1.446e-01	1.389e-01	1.307e-01	1.462e-01	1.437e-01	1.349e-01	1.485e-01	1.416e-01	1.298e-01	1.489e-01
9.800e+03	1.264e-01	1.188e-01	1.398e-01	1.411e-01	1.270e-01	1.563e-01	1.322e-01	1.221e-01	1.442e-01	1.380e-01	1.294e-01	1.459e-01	1.421e-01	1.349e-01	1.487e-01	1.416e-01	1.288e-01	1.485e-01
9.900e+03	1.280e-01	1.184e-01	1.382e-01	1.411e-01	1.273e-01	1.551e-01	1.322e-01	1.229e-01	1.417e-01	1.380e-01	1.307e-01	1.458e-01	1.437e-01	1.330e-01	1.475e-01	1.399e-01	1.288e-01	1.485e-01
1.000e+04	1.295e-01	1.177e-01	1.382e-01	1.403e-01	1.254e-01	1.551e-01	1.321e-01	1.229e-01	1.429e-01	1.377e-01	1.304e-01	1.459e-01	1.437e-01	1.310e-01	1.473e-01	1.399e-01	1.288e-01	1.485e-01
1.010e+04	1.295e-01	1.188e-01	1.382e-01	1.403e-01	1.254e-01	1.551e-01	1.316e-01	1.207e-01	1.429e-01	1.401e-01	1.296e-01	1.464e-01	1.409e-01	1.316e-01	1.463e-01	1.413e-01	1.288e-01	1.485e-01
1.020e+04	1.295e-01	1.188e-01	1.382e-01	1.399e-01	1.254e-01	1.551e-01	1.321e-01	1.207e-01	1.429e-01	1.401e-01	1.307e-01	1.464e-01	1.409e-01	1.315e-01	1.456e-01	1.406e-01	1.296e-01	1.485e-01
1.030e+04	1.308e-01	1.188e-01	1.389e-01	1.398e-01	1.254e-01	1.550e-01	1.310e-01	1.205e-01	1.415e-01	1.404e-01	1.280e-01	1.459e-01	1.412e-01	1.316e-01	1.470e-01	1.402e-01	1.296e-01	1.485e-01
1.040e+04	1.294e-01	1.194e-01	1.385e-01	1.406e-01	1.247e-01	1.510e-01	1.302e-01	1.202e-01	1.414e-01	1.404e-01	1.279e-01	1.451e-01	1.412e-01	1.308e-01	1.470e-01	1.394e-01	1.296e-01	1.483e-01
1.050e+04	1.294e-01	1.194e-01	1.371e-01	1.413e-01	1.248e-01	1.510e-01	1.308e-01	1.197e-01	1.420e-01	1.404e-01	1.280e-01	1.458e-01	1.413e-01	1.299e-01	1.473e-01	1.397e-01	1.296e-01	1.483e-01
1.060e+04	1.294e-01	1.190e-01	1.371e-01	1.407e-01	1.247e-01	1.510e-01	1.308e-01	1.192e-01	1.420e-01	1.399e-01	1.280e-01	1.458e-01	1.417e-01	1.299e-01	1.470e-01	1.397e-01	1.271e-01	1.499e-01
1.070e+04	1.296e-01	1.198e-01	1.363e-01	1.413e-01	1.232e-01	1.515e-01	1.300e-01	1.196e-01	1.401e-01	1.397e-01	1.280e-01	1.446e-01	1.412e-01	1.320e-01	1.476e-01	1.402e-01	1.267e-01	1.470e-01
1.080e+04	1.291e-01	1.198e-01	1.372e-01	1.409e-01	1.231e-01	1.517e-01	1.308e-01	1.196e-01	1.415e-01	1.399e-01	1.283e-01	1.446e-01	1.412e-01	1.319e-01	1.479e-01	1.402e-01	1.283e-01	1.470e-01
1.090e+04	1.291e-01	1.191e-01	1.363e-01	1.411e-01	1.215e-01	1.510e-01	1.296e-01	1.200e-01	1.401e-01	1.409e-01	1.283e-01	1.446e-01	1.416e-01	1.315e-01	1.479e-01	1.392e-01	1.271e-01	1.471e-01
1.100e+04	1.302e-01	1.191e-01	1.371e-01	1.408e-01	1.248e-01	1.522e-01	1.301e-01	1.192e-01	1.389e-01	1.413e-01	1.278e-01	1.449e-01	1.416e-01	1.320e-01	1.458e-01	1.392e-01	1.282e-01	1.472e-01
1.110e+04	1.286e-01	1.179e-01	1.371e-01	1.411e-01	1.242e-01	1.536e-01	1.311e-01	1.192e-01	1.401e-01	1.409e-01	1.278e-01	1.451e-01	1.418e-01	1.320e-01	1.465e-01	1.382e-01	1.282e-01	1.472e-01
1.120e+04	1.286e-01	1.189e-01	1.371e-01	1.427e-01	1.242e-01	1.536e-01	1.300e-01	1.178e-01	1.401e-01	1.409e-01	1.283e-01	1.451e-01	1.393e-01	1.320e-01	1.471e-01	1.401e-01	1.282e-01	1.472e-01
1.130e+04	1.286e-01	1.182e-01	1.371e-01	1.427e-01	1.238e-01	1.536e-01	1.300e-01	1.196e-01	1.429e-01	1.409e-01	1.278e-01	1.456e-01	1.399e-01	1.339e-01	1.469e-01	1.409e-01	1.282e-01	1.483e-01
1.140e+04	1.280e-01	1.182e-01	1.368e-01	1.426e-01	1.230e-01	1.536e-01	1.300e-01	1.205e-01	1.429e-01	1.416e-01	1.278e-01	1.456e-01	1.401e-01	1.342e-01	1.474e-01	1.409e-01	1.282e-01	1.471e-01
1.150e+04	1.280e-01	1.182e-01	1.357e-01	1.426e-01	1.198e-01	1.536e-01	1.300e-01	1.201e-01	1.429e-01	1.409e-01	1.278e-01	1.451e-01	1.401e-01	1.339e-01	1.474e-01	1.409e-01	1.317e-01	1.482e-01
1.160e+04	1.271e-01	1.173e-01	1.348e-01	1.413e-01	1.200e-01	1.549e-01	1.298e-01	1.201e-01	1.433e-01	1.409e-01	1.277e-01	1.454e-01	1.404e-01	1.339e-01	1.474e-01	1.409e-01	1.317e-01	1.483e-01
1.170e+04	1.270e-01	1.173e-01	1.348e-01	1.427e-01	1.198e-01	1.549e-01	1.292e-01	1.184e-01	1.426e-01	1.409e-01	1.277e-01	1.456e-01	1.401e-01	1.324e-01	1.471e-01	1.420e-01	1.317e-01	1.478e-01
1.180e+04	1.274e-01	1.173e-01	1.365e-01	1.422e-01	1.198e-01	1.558e-01	1.292e-01	1.179e-01	1.426e-01	1.409e-01	1.272e-01	1.456e-01	1.399e-01	1.324e-01	1.471e-01	1.420e-01	1.309e-01	1.478e-01
1.190e+04	1.273e-01	1.173e-01	1.375e-01	1.411e-01	1.198e-01	1.570e-01	1.292e-01	1.184e-01	1.418e-01	1.409e-01	1.272e-01	1.474e-01	1.399e-01	1.320e-01	1.471e-01	1.412e-01	1.309e-01	1.471e-01
1.200e+04	1.272e-01	1.167e-01	1.375e-01	1.411e-01	1.185e-01	1.563e-01	1.292e-01	1.188e-01	1.418e-01	1.406e-01	1.272e-01	1.474e-01	1.399e-01	1.320e-01	1.474e-01	1.412e-01	1.308e-01	1.477e-01
1.210e+04	1.273e-01	1.167e-01	1.375e-01	1.396e-01	1.197e-01	1.555e-01	1.292e-01	1.202e-01	1.418e-01	1.414e-01	1.276e-01	1.479e-01	1.401e-01	1.313e-01	1.471e-01	1.412e-01	1.309e-01	1.471e-01
1.220e+04	1.273e-01	1.179e-01	1.375e-01	1.396e-01	1.179e-01	1.555e-01	1.276e-01	1.191e-01	1.406e-01	1.409e-01	1.270e-01	1.479e-01	1.401e-01	1.313e-01	1.474e-01	1.412e-01	1.304e-01	1.482e-01
1.230e+04	1.272e-01	1.179e-01	1.365e-01	1.394e-01	1.164e-01	1.561e-01	1.273e-01	1.177e-01	1.401e-01	1.409e-01	1.274e-01	1.478e-01	1.413e-01	1.317e-01	1.474e-01	1.416e-01	1.304e-01	1.488e-01
1.240e+04	1.261e-01	1.169e-01	1.345e-01	1.394e-01	1.164e-01	1.561e-01	1.262e-01	1.177e-01	1.401e-01	1.392e-01	1.303e-01	1.478e-01	1.399e-01	1.317e-01	1.480e-01	1.416e-01	1.310e-01	1.490e-01
1.250e+04	1.259e-01	1.174e-01	1.363e-01	1.409e-01	1.154e-01	1.562e-01	1.262e-01	1.182e-01	1.401e-01	1.392e-01	1.303e-01	1.478e-01	1.406e-01	1.320e-01	1.480e-01	1.416e-01	1.314e-01	1.493e-01
1.260e+04	1.275e-01	1.181e-01	1.360e-01	1.409e-01	1.173e-01	1.562e-01	1.248e-01	1.198e-01	1.401e-01	1.395e-01	1.309e-01	1.475e-01	1.411e-01	1.320e-01	1.483e-01	1.416e-01	1.314e-01	1.483e-01
1.270e+04	1.278e-01	1.188e-01	1.389e-01	1.411e-01	1.152e-01	1.577e-01	1.262e-01	1.178e-01	1.380e-01	1.412e-01	1.306e-01	1.464e-01	1.413e-01	1.320e-01	1.483e-01	1.413e-01	1.330e-01	1.476e-01
1.280e+04	1.278e-01	1.188e-01	1.386e-01	1.406e-01	1.152e-01	1.563e-01	1.260e-01	1.178e-01	1.369e-01	1.403e-01	1.305e-01	1.464e-01	1.415e-01	1.313e-01	1.479e-01	1.403e-01	1.324e-01	1.482e-01
1.290e+04	1.258e-01	1.181e-01	1.386e-01	1.406e-01	1.152e-01	1.577e-01	1.262e-01	1.178e-01	1.380e-01	1.403e-01	1.308e-01	1.463e-01	1.405e-01	1.344e-01	1.479e-01	1.406e-01	1.324e-01	1.471e-01
1.300e+04	1.261e-01	1.181e-01	1.375e-01	1.406e-01	1.152e-01	1.564e-01	1.248e-01	1.178e-01	1.380e-01	1.406e-01	1.309e-01	1.461e-01	1.405e-01	1.344e-01	1.479e-01	1.406e-01	1.324e-01	1.471e-01
1.310e+04	1.264e-01	1.181e-01	1.375e-01	1.395e-01	1.145e-01	1.558e-01	1.248e-01	1.179e-01	1.380e-01	1.406e-01	1.301e-01	1.460e-01	1.394e-01	1.328e-01	1.479e-01	1.409e-01	1.323e-01	1.471e-01
1.320e+04	1.271e-01	1.181e-01	1.386e-01	1.394e-01	1.145e-01	1.558e-01	1.248e-01	1.178e-01	1.378e-01	1.406e-01	1.294e-01	1.460e-01	1.410e-01	1.328e-01	1.479e-01	1.409e-01	1.321e-01	1.471e-01
1.330e+04	1.279e-01	1.173e-01	1.386e-01	1.394e-01	1.196e-01	1.570e-01	1.248e-01	1.175e-01	1.368e-01	1.394e-01	1.278e-01	1.460e-01	1.401e-01	1.330e-01	1.464e-01	1.411e-01	1.302e-01	1.470e-01
1.340e+04	1.279e-01	1.173e-01	1.383e-01	1.394e-01	1.162e-01	1.565e-01	1.248e-01	1.183e-01	1.344e-01	1.394e-01	1.274e-01	1.460e-01	1.385e-01	1.340e-01	1.464e-01	1.401e-01	1.302e-01	1.470e-01
1.350e+04	1.264e-01	1.181e-01	1.383e-01	1.394e-01	1.162e-01	1.565e-01	1.246e-01	1.175e-01	1.344e-01	1.390e-01	1.258e-01	1.463e-01	1.397e-01	1.340e-01	1.474e-01	1.394e-01	1.304e-01	1.470e-01
1.360e+04	1.280e-01	1.181e-01	1.366e-01	1.403e-01	1.162e-01	1.586e-01	1.246e-01	1.175e-01	1.351e-01	1.394e-01	1.259e-01	1.460e-01	1.397e-01	1.340e-01	1.482e-01	1.394e-01	1.304e-01	1.470e-01
1.370e+04	1.263e-01	1.181e-01	1.377e-01	1.406e-01	1.168e-01	1.586e-01	1.246e-01	1.162e-01	1.345e-01	1.374e-01	1.293e-01	1.460e-01	1.409e-01	1.340e-01	1.482e-01	1.399e-01	1.289e-01	1.451e-01
1.380e+04	1.276e-01	1.181e-01	1.377e-01	1.406e-01	1.162e-01	1.586e-01	1.248e-01	1.160e-01	1.342e-01	1.370e-01	1.265e-01	1.471e-01	1.409e-01	1.340e-01	1.482e-01	1.404e-01	1.283e-01	1.451e-01
1.390e+04	1.276e-01	1.181e-01	1.377e-01	1.406e-01	1.160e-01	1.601e-01	1.241e-01	1.160e-01	1.342e-01	1.382e-01	1.265e-01	1.471e-01	1.409e-01	1.340e-01	1.478e-01	1.401e-01	1.283e-01	1.451e-01
1.400e+04	1.276e-01	1.175e-01	1.377e-01	1.421e-01	1.161e-01	1.601e-01	1.238e-01	1.161e-01	1.345e-01	1.372e-01	1.265e-01	1.471e-01	1.412e-01	1.336e-01	1.478e-01	1.401e-01	1.296e-01	1.445e-01
1.410e+04	1.277e-01	1.181e-01	1.377e-01	1.421e-01	1.161e-01	1.601e-01	1.238e-01	1.147e-01	1.336e-01	1.372e-01	1.246e-01	1.463e-01	1.416e-01	1.317e-01	1.469e-01	1.395e-01	1.305e-01	1.459e-01
1.420e+04	1.277e-01	1.177e-01	1.381e-01	1.421e-01	1.161e-01	1.613e-01	1.241e-01	1.141e-01	1.333e-01	1.382e-01	1.246e-01	1.463e-01	1.435e-01	1.317e-01	1.478e-01	1.395e-01	1.305e-01	1.459e-01
1.430e+04	1.295e-01	1.132e-01	1.381e-01	1.421e-01	1.147e-01	1.613e-01	1.241e-01	1.141e-01	1.327e-01	1.385e-01	1.246e-01	1.463e-01	1.432e-01	1.317e-01	1.478e-01	1.392e-01	1.301e-01	1.470e-01
1.440e+04	1.302e-01	1.136e-01	1.381e-01	1.417e-01	1.147e-01	1.597e-01	1.219e-01	1.140e-01	1.323e-01	1.385e-01	1.238e-01	1.461e-01	1.432e-01	1.320e-01	1.478e-01	1.383e-01	1.306e-01	1.470e-01
1.450e+04	1.294e-01	1.136e-01	1.383e-01	1.428e-01	1.147e-01	1.597e-01	1.219e-01	1.159e-01	1.329e-01	1.385e-01	1.241e-01	1.452e-01	1.432e-01	1.320e-01	1.477e-01	1.374e-01	1.311e-01	1.462e-01
1.460e+04	1.294e-01	1.132e-01	1.386e-01	1.428e-01	1.121e-01	1.591e-01	1.224e-01	1.157e-01	1.323e-01	1.385e-01	1.252e-01	1.470e-01	1.432e-01	1.280e-01	1.477e-01	1.376e-01	1.311e-01	1.462e-01
1.470e+04	1.294e-01	1.125e-01	1.386e-01	1.417e-01	1.125e-01	1.591e-01	1.224e-01	1.177e-01	1.323e-01	1.376e-01	1.246e-01	1.461e-01	1.415e-01	1.286e-01	1.477e-01	1.376e-01	1.311e-01	1.446e-01
1.480e+04	1.294e-01	1.125e-01	1.386e-01	1.406e-01	1.125e-01	1.591e-01	1.228e-01	1.152e-01	1.347e-01	1.407e-01	1.246e-01	1.463e-01	1.429e-01	1.288e-01	1.466e-01	1.376e-01	1.317e-01	1.446e-01
1.490e+04	1.292e-01	1.125e-01	1.404e-01	1.405e-01	1.121e-01	1.589e-01	1.228e-01	1.167e-01	1.347e-01	1.407e-01	1.246e-01	1.463e-01	1.429e-01	1.288e-01	1.462e-01	1.376e-01	1.317e-01	1.446e-01
1.500e+04	1.292e-01	1.125e-01	1.398e-01	1.407e-01	1.095e-01	1.579e-01	1.241e-01	1.167e-01	1.347e-01	1.380e-01	1.246e-01	1.463e-01	1.429e-01	1.288e-01	1.460e-01	1.371e-01	1.327e-01	1.446e-01
1.510e+04	1.292e-01	1.142e-01	1.398e-01	1.401e-01	1.090e-01	1.562e-01	1.228e-01	1.162e-01	1.344e-01	1.380e-01	1.264e-01	1.471e-01	1.428e-01	1.288e-01	1.460e-01	1.370e-01	1.327e-01	1.446e-01
1.520e+04	1.292e-01	1.142e-01	1.398e-01	1.394e-01	1.095e-01	1.580e-01	1.228e-01	1.162e-01	1.344e-01	1.380e-01	1.258e-01	1.471e-01	1.429e-01	1.286e-01	1.460e-01	1.364e-01	1.327e-01	1.462e-01
1.530e+04	1.279e-01	1.142e-01	1.383e-01	1.394e-01	1.109e-01	1.580e-01	1.221e-01	1.156e-01	1.332e-01	1.382e-01	1.258e-01	1.471e-01	1.429e-01	1.286e-01	1.460e-01	1.364e-01	1.301e-01	1.462e-01
1.540e+04	1.279e-01	1.141e-01	1.391e-01	1.403e-01	1.109e-01	1.580e-01	1.230e-01	1.156e-01	1.332e-01	1.382e-01	1.258e-01	1.471e-01	1.421e-01	1.293e-01	1.444e-01	1.370e-01	1.304e-01	1.452e-01
1.550e+04	1.279e-01	1.171e-01	1.380e-01	1.403e-01	1.109e-01	1.580e-01	1.230e-01	1.151e-01	1.323e-01	1.382e-01	1.253e-01	1.483e-01	1.421e-01	1.277e-01	1.444e-01	1.370e-01	1.304e-01	1.464e-01
1.560e+04	1.276e-01	1.171e-01	1.371e-01	1.406e-01	1.113e-01	1.580e-01	1.219e-01	1.151e-01	1.317e-01	1.401e-01	1.252e-01	1.485e-01	1.421e-01	1.277e-01	1.476e-01	1.370e-01	1.304e-01	1.464e-01
1.570e+04	1.277e-01	1.174e-01	1.379e-01	1.406e-01	1.109e-01	1.597e-01	1.219e-01	1.151e-01	1.323e-01	1.401e-01	1.267e-01	1.473e-01	1.406e-01	1.283e-01	1.476e-01	1.370e-01	1.304e-01	1.463e-01
1.580e+04	1.263e-01	1.154e-01	1.379e-01	1.406e-01	1.109e-01	1.598e-01	1.202e-01	1.151e-01	1.323e-01	1.401e-01	1.262e-01	1.471e-01	1.413e-01	1.283e-01	1.476e-01	1.363e-01	1.304e-01	1.473e-01
1.590e+04	1.264e-01	1.147e-01	1.380e-01	1.398e-01	1.109e-01	1.589e-01	1.215e-01	1.145e-01	1.323e-01	1.401e-01	1.262e-01	1.471e-01	1.413e-01	1.283e-01	1.476e-01	1.363e-01	1.304e-01	1.473e-01
1.600e+04	1.264e-01	1.147e-01	1.380e-01	1.406e-01	1.095e-01	1.577e-01	1.224e-01	1.138e-01	1.318e-01	1.401e-01	1.262e-01	1.471e-01	1.408e-01	1.294e-01	1.476e-01	1.370e-01	1.304e-01	1.473e-01
1.610e+04	1.264e-01	1.147e-01	1.379e-01	1.401e-01	1.095e-01	1.576e-01	1.224e-01	1.127e-01	1.318e-01	1.393e-01	1.268e-01	1.481e-01	1.416e-01	1.294e-01	1.476e-01	1.370e-01	1.304e-01	1.480e-01
1.620e+04	1.264e-01	1.154e-01	1.386e-01	1.401e-01	1.099e-01	1.576e-01	1.224e-01	1.127e-01	1.323e-01	1.393e-01	1.272e-01	1.481e-01	1.408e-01	1.294e-01	1.476e-01	1.370e-01	1.304e-01	1.476e-01
1.630e+04	1.264e-01	1.149e-01	1.386e-01	1.392e-01	1.099e-01	1.576e-01	1.232e-01	1.137e-01	1.323e-01	1.415e-01	1.286e-01	1.469e-01	1.409e-01	1.294e-01	1.476e-01	1.371e-01	1.309e-01	1.473e-01
1.640e+04	1.264e-01	1.149e-01	1.386e-01	1.359e-01	1.099e-01	1.576e-01	1.213e-01	1.125e-01	1.323e-01	1.436e-01	1.268e-01	1.483e-01	1.404e-01	1.294e-01	1.492e-01	1.371e-01	1.309e-01	1.476e-01
1.650e+04	1.248e-01	1.149e-01	1.386e-01	1.359e-01	1.099e-01	1.576e-01	1.213e-01	1.114e-01	1.314e-01	1.436e-01	1.261e-01	1.483e-01	1.409e-01	1.293e-01	1.492e-01	1.357e-01	1.309e-01	1.475e-01
1.660e+04	1.248e-01	1.153e-01	1.386e-01	1.359e-01	1.103e-01	1.576e-01	1.213e-01	1.113e-01	1.314e-01	1.436e-01	1.261e-01	1.484e-01	1.404e-01	1.293e-01	1.485e-01	1.362e-01	1.315e-01	1.475e-01
1.670e+04	1.245e-01	1.153e-01	1.399e-01	1.359e-01	1.107e-01	1.576e-01	1.212e-01	1.109e-01	1.314e-01	1.436e-01	1.261e-01	1.485e-01	1.404e-01	1.292e-01	1.463e-01	1.362e-01	1.315e-01	1.462e-01
1.680e+04	1.262e-01	1.153e-01	1.399e-01	1.359e-01	1.072e-01	1.576e-01	1.212e-01	1.109e-01	1.314e-01	1.436e-01	1.264e-01	1.485e-01	1.404e-01	1.289e-01	1.468e-01	1.371e-01	1.315e-01	1.468e-01
1.690e+04	1.262e-01	1.166e-01	1.388e-01	1.333e-01	1.072e-01	1.576e-01	1.199e-01	1.109e-01	1.301e-01	1.436e-01	1.258e-01	1.498e-01	1.404e-01	1.289e-01	1.468e-01	1.373e-01	1.315e-01	1.468e-01
1.700e+04	1.261e-01	1.166e-01	1.408e-01	1.333e-01	1.088e-01	1.580e-01	1.198e-01	1.117e-01	1.288e-01	1.435e-01	1.254e-01	1.498e-01	1.404e-01	1.292e-01	1.460e-01	1.371e-01	1.315e-01	1.456e-01
1.710e+04	1.243e-01	1.157e-01	1.408e-01	1.333e-01	1.088e-01	1.589e-01	1.184e-01	1.117e-01	1.294e-01	1.435e-01	1.258e-01	1.498e-01	1.404e-01	1.292e-01	1.460e-01	1.371e-01	1.309e-01	1.454e-01
1.720e+04	1.243e-01	1.162e-01	1.408e-01	1.333e-01	1.077e-01	1.570e-01	1.188e-01	1.114e-01	1.294e-01	1.435e-01	1.258e-01	1.499e-01	1.406e-01	1.289e-01	1.460e-01	1.378e-01	1.309e-01	1.441e-01
1.730e+04	1.243e-01	1.170e-01	1.398e-01	1.329e-01	1.066e-01	1.578e-01	1.182e-01	1.109e-01	1.283e-01	1.435e-01	1.258e-01	1.499e-01	1.407e-01	1.289e-01	1.460e-01	1.378e-01	1.309e-01	1.456e-01
1.740e+04	1.243e-01	1.170e-01	1.398e-01	1.305e-01	1.066e-01	1.578e-01	1.185e-01	1.109e-01	1.294e-01	1.435e-01	1.258e-01	1.485e-01	1.404e-01	1.289e-01	1.460e-01	1.370e-01	1.299e-01	1.468e-01
1.750e+04	1.232e-01	1.170e-01	1.398e-01	1.305e-01	1.066e-01	1.578e-01	1.185e-01	1.115e-01	1.284e-01	1.435e-01	1.258e-01	1.490e-01	1.407e-01	1.297e-01	1.460e-01	1.370e-01	1.299e-01	1.468e-01
1.760e+04	1.232e-01	1.170e-01	1.398e-01	1.305e-01	1.066e-01	1.578e-01	1.185e-01	1.114e-01	1.294e-01	1.429e-01	1.258e-01	1.483e-01	1.395e-01	1.297e-01	1.458e-01	1.364e-01	1.299e-01	1.456e-01
1.770e+04	1.232e-01	1.170e-01	1.406e-01	1.304e-01	1.066e-01	1.578e-01	1.185e-01	1.113e-01	1.294e-01	1.429e-01	1.258e-01	1.483e-01	1.395e-01	1.297e-01	1.458e-01	1.364e-01	1.299e-01	1.456e-01
1.780e+04	1.232e-01	1.170e-01	1.416e-01	1.291e-01	1.066e-01	1.622e-01	1.185e-01	1.113e-01	1.294e-01	1.429e-01	1.235e-01	1.483e-01	1.385e-01	1.297e-01	1.458e-01	1.353e-01	1.299e-01	1.456e-01
1.790e+04	1.235e-01	1.170e-01	1.416e-01	1.291e-01	1.066e-01	1.622e-01	1.194e-01	1.115e-01	1.294e-01	1.389e-01	1.235e-01	1.483e-01	1.385e-01	1.299e-01	1.477e-01	1.353e-01	1.278e-01	1.456e-01
1.800e+04	1.235e-01	1.170e-01	1.394e-01	1.291e-01	1.066e-01	1.622e-01	1.194e-01	1.115e-01	1.294e-01	1.389e-01	1.235e-01	1.498e-01	1.382e-01	1.304e-01	1.477e-01	1.345e-01	1.278e-01	1.456e-01
1.810e+04	1.213e-01	1.160e-01	1.389e-01	1.291e-01	1.058e-01	1.601e-01	1.194e-01	1.113e-01	1.294e-01	1.391e-01	1.232e-01	1.498e-01	1.394e-01	1.292e-01	1.446e-01	1.345e-01	1.278e-01	1.456e-01
1.820e+04	1.213e-01	1.160e-01	1.389e-01	1.309e-01	1.058e-01	1.620e-01	1.197e-01	1.113e-01	1.294e-01	1.391e-01	1.232e-01	1.504e-01	1.404e-01	1.294e-01	1.452e-01	1.345e-01	1.278e-01	1.456e-01
1.830e+04	1.213e-01	1.160e-01	1.366e-01	1.307e-01	1.058e-01	1.623e-01	1.197e-01	1.111e-01	1.304e-01	1.391e-01	1.228e-01	1.504e-01	1.389e-01	1.292e-01	1.462e-01	1.350e-01	1.278e-01	1.456e-01
1.840e+04	1.213e-01	1.160e-01	1.362e-01	1.325e-01	1.050e-01	1.572e-01	1.197e-01	1.111e-01	1.304e-01	1.383e-01	1.218e-01	1.512e-01	1.374e-01	1.292e-01	1.470e-01	1.335e-01	1.278e-01	1.443e-01
1.850e+04	1.258e-01	1.160e-01	1.369e-01	1.325e-01	1.050e-01	1.572e-01	1.197e-01	1.118e-01	1.304e-01	1.383e-01	1.218e-01	1.517e-01	1.374e-01	1.292e-01	1.470e-01	1.344e-01	1.278e-01	1.443e-01
1.860e+04	1.259e-01	1.160e-01	1.377e-01	1.325e-01	1.050e-01	1.580e-01	1.197e-01	1.125e-01	1.304e-01	1.405e-01	1.218e-01	1.524e-01	1.374e-01	1.292e-01	1.470e-01	1.335e-01	1.278e-01	1.456e-01
1.870e+04	1.259e-01	1.157e-01	1.385e-01	1.325e-01	1.039e-01	1.580e-01	1.197e-01	1.125e-01	1.314e-01	1.408e-01	1.218e-01	1.525e-01	1.374e-01	1.283e-01	1.459e-01	1.332e-01	1.278e-01	1.441e-01
1.880e+04	1.259e-01	1.145e-01	1.385e-01	1.325e-01	1.039e-01	1.582e-01	1.215e-01	1.111e-01	1.286e-01	1.408e-01	1.227e-01	1.525e-01	1.370e-01	1.286e-01	1.472e-01	1.332e-01	1.278e-01	1.441e-01
1.890e+04	1.274e-01	1.146e-01	1.385e-01	1.344e-01	1.036e-01	1.582e-01	1.215e-01	1.111e-01	1.286e-01	1.408e-01	1.222e-01	1.528e-01	1.358e-01	1.286e-01	1.459e-01	1.332e-01	1.294e-01	1.441e-01
1.900e+04	1.274e-01	1.129e-01	1.385e-01	1.356e-01	1.036e-01	1.572e-01	1.215e-01	1.111e-01	1.286e-01	1.408e-01	1.227e-01	1.539e-01	1.355e-01	1.286e-01	1.459e-01	1.332e-01	1.298e-01	1.441e-01
1.910e+04	1.274e-01	1.127e-01	1.420e-01	1.356e-01	1.036e-01	1.572e-01	1.215e-01	1.107e-01	1.286e-01	1.408e-01	1.225e-01	1.548e-01	1.359e-01	1.286e-01	1.446e-01	1.332e-01	1.279e-01	1.453e-01
1.920e+04	1.271e-01	1.128e-01	1.399e-01	1.356e-01	1.036e-01	1.572e-01	1.215e-01	1.103e-01	1.286e-01	1.408e-01	1.220e-01	1.546e-01	1.347e-01	1.283e-01	1.446e-01	1.332e-01	1.274e-01	1.453e-01
1.930e+04	1.271e-01	1.129e-01	1.394e-01	1.346e-01	1.036e-01	1.572e-01	1.215e-01	1.114e-01	1.286e-01	1.400e-01	1.220e-01	1.546e-01	1.347e-01	1.283e-01	1.462e-01	1.332e-01	1.274e-01	1.453e-01
1.940e+04	1.280e-01	1.129e-01	1.389e-01	1.346e-01	1.036e-01	1.572e-01	1.212e-01	1.114e-01	1.286e-01	1.400e-01	1.220e-01	1.540e-01	1.347e-01	1.286e-01	1.457e-01	1.348e-01	1.274e-01	1.454e-01
1.950e+04	1.264e-01	1.129e-01	1.399e-01	1.346e-01	1.036e-01	1.572e-01	1.215e-01	1.111e-01	1.286e-01	1.408e-01	1.220e-01	1.533e-01	1.353e-01	1.286e-01	1.457e-01	1.348e-01	1.267e-01	1.456e-01
1.960e+04	1.286e-01	1.129e-01	1.399e-01	1.357e-01	1.036e-01	1.554e-01	1.215e-01	1.089e-01	1.280e-01	1.396e-01	1.230e-01	1.533e-01	1.383e-01	1.286e-01	1.457e-01	1.348e-01	1.267e-01	1.456e-01
1.970e+04	1.286e-01	1.129e-01	1.409e-01	1.327e-01	1.036e-01	1.554e-01	1.215e-01	1.089e-01	1.280e-01	1.396e-01	1.230e-01	1.525e-01	1.377e-01	1.286e-01	1.457e-01	1.355e-01	1.267e-01	1.461e-01
1.980e+04	1.272e-01	1.129e-01	1.379e-01	1.327e-01	1.043e-01	1.554e-01	1.207e-01	1.089e-01	1.264e-01	1.397e-01	1.230e-01	1.525e-01	1.377e-01	1.296e-01	1.456e-01	1.356e-01	1.267e-01	1.461e-01
1.990e+04	1.272e-01	1.129e-01	1.379e-01	1.355e-01	1.033e-01	1.554e-01	1.215e-01	1.089e-01	1.264e-01	1.397e-01	1.230e-01	1.525e-01	1.377e-01	1.289e-01	1.456e-01	1.355e-01	1.264e-01	1.458e-01
2.000e+04	1.272e-01	1.111e-01	1.379e-01	1.350e-01	1.033e-01	1.554e-01	1.215e-01	1.085e-01	1.264e-01	1.397e-01	1.230e-01	1.525e-01	1.373e-01	1.289e-01	1.456e-01	1.350e-01	1.264e-01	1.458e-01
2.010e+04	1.273e-01	1.110e-01	1.379e-01	1.350e-01	1.033e-01	1.554e-01	1.215e-01	1.081e-01	1.264e-01	1.397e-01	1.230e-01	1.546e-01	1.377e-01	1.283e-01	1.456e-01	1.342e-01	1.248e-01	1.461e-01
2.020e+04	1.273e-01	1.110e-01	1.379e-01	1.336e-01	1.033e-01	1.554e-01	1.207e-01	1.081e-01	1.264e-01	1.397e-01	1.230e-01	1.522e-01	1.373e-01	1.283e-01	1.456e-01	1.336e-01	1.267e-01	1.461e-01
2.030e+04	1.273e-01	1.110e-01	1.408e-01	1.336e-01	1.033e-01	1.556e-01	1.198e-01	1.073e-01	1.261e-01	1.397e-01	1.230e-01	1.525e-01	1.373e-01	1.294e-01	1.456e-01	1.342e-01	1.267e-01	1.470e-01
2.040e+04	1.273e-01	1.111e-01	1.428e-01	1.340e-01	1.043e-01	1.556e-01	1.198e-01	1.073e-01	1.262e-01	1.397e-01	1.267e-01	1.531e-01	1.373e-01	1.294e-01	1.443e-01	1.342e-01	1.258e-01	1.470e-01
2.050e+04	1.273e-01	1.111e-01	1.435e-01	1.340e-01	1.058e-01	1.561e-01	1.198e-01	1.073e-01	1.262e-01	1.409e-01	1.271e-01	1.522e-01	1.373e-01	1.294e-01	1.443e-01	1.340e-01	1.258e-01	1.470e-01
2.060e+04	1.273e-01	1.111e-01	1.441e-01	1.340e-01	1.066e-01	1.561e-01	1.182e-01	1.072e-01	1.262e-01	1.409e-01	1.271e-01	1.514e-01	1.375e-01	1.292e-01	1.443e-01	1.340e-01	1.258e-01	1.470e-01
2.070e+04	1.267e-01	1.111e-01	1.441e-01	1.340e-01	1.066e-01	1.561e-01	1.196e-01	1.070e-01	1.262e-01	1.409e-01	1.271e-01	1.519e-01	1.375e-01	1.292e-01	1.450e-01	1.342e-01	1.258e-01	1.476e-01
2.080e+04	1.268e-01	1.111e-01	1.437e-01	1.317e-01	1.066e-01	1.561e-01	1.213e-01	1.066e-01	1.262e-01	1.409e-01	1.271e-01	1.522e-01	1.375e-01	1.298e-01	1.444e-01	1.342e-01	1.267e-01	1.476e-01
2.090e+04	1.304e-01	1.110e-01	1.437e-01	1.306e-01	1.088e-01	1.561e-01	1.213e-01	1.082e-01	1.262e-01	1.404e-01	1.271e-01	1.522e-01	1.375e-01	1.298e-01	1.459e-01	1.350e-01	1.280e-01	1.476e-01
2.100e+04	1.277e-01	1.109e-01	1.437e-01	1.281e-01	1.088e-01	1.530e-01	1.213e-01	1.082e-01	1.266e-01	1.404e-01	1.234e-01	1.522e-01	1.375e-01	1.298e-01	1.459e-01	1.345e-01	1.280e-01	1.470e-01
2.110e+04	1.294e-01	1.092e-01	1.437e-01	1.269e-01	1.088e-01	1.530e-01	1.213e-01	1.082e-01	1.266e-01	1.404e-01	1.238e-01	1.522e-01	1.379e-01	1.307e-01	1.457e-01	1.345e-01	1.267e-01	1.469e-01
2.120e+04	1.280e-01	1.095e-01	1.437e-01	1.271e-01	1.088e-01	1.541e-01	1.213e-01	1.082e-01	1.262e-01	1.404e-01	1.246e-01	1.522e-01	1.379e-01	1.313e-01	1.457e-01	1.345e-01	1.280e-01	1.469e-01
2.130e+04	1.257e-01	1.095e-01	1.437e-01	1.281e-01	1.055e-01	1.539e-01	1.213e-01	1.082e-01	1.262e-01	1.404e-01	1.246e-01	1.522e-01	1.379e-01	1.313e-01	1.456e-01	1.345e-01	1.280e-01	1.468e-01
2.140e+04	1.257e-01	1.109e-01	1.437e-01	1.293e-01	1.055e-01	1.520e-01	1.207e-01	1.082e-01	1.262e-01	1.409e-01	1.246e-01	1.512e-01	1.379e-01	1.317e-01	1.453e-01	1.342e-01	1.280e-01	1.469e-01
2.150e+04	1.252e-01	1.109e-01	1.437e-01	1.293e-01	1.046e-01	1.512e-01	1.204e-01	1.080e-01	1.267e-01	1.409e-01	1.246e-01	1.512e-01	1.379e-01	1.314e-01	1.450e-01	1.340e-01	1.280e-01	1.469e-01
2.160e+04	1.252e-01	1.109e-01	1.437e-01	1.293e-01	1.046e-01	1.512e-01	1.204e-01	1.080e-01	1.267e-01	1.399e-01	1.246e-01	1.512e-01	1.380e-01	1.314e-01	1.449e-01	1.340e-01	1.280e-01	1.469e-01
2.170e+04	1.270e-01	1.091e-01	1.437e-01	1.293e-01	1.046e-01	1.512e-01	1.190e-01	1.080e-01	1.270e-01	1.399e-01	1.244e-01	1.512e-01	1.380e-01	1.324e-01	1.442e-01	1.340e-01	1.280e-01	1.469e-01
2.180e+04	1.270e-01	1.089e-01	1.433e-01	1.288e-01	1.046e-01	1.512e-01	1.190e-01	1.080e-01	1.270e-01	1.413e-01	1.244e-01	1.512e-01	1.379e-01	1.313e-01	1.431e-01	1.334e-01	1.293e-01	1.483e-01
2.190e+04	1.270e-01	1.088e-01	1.433e-01	1.281e-01	1.046e-01	1.512e-01	1.190e-01	1.080e-01	1.270e-01	1.396e-01	1.244e-01	1.499e-01	1.382e-01	1.315e-01	1.440e-01	1.330e-01	1.293e-01	1.484e-01
2.200e+04	1.270e-01	1.064e-01	1.433e-01	1.264e-01	1.052e-01	1.530e-01	1.187e-01	1.074e-01	1.270e-01	1.395e-01	1.232e-01	1.498e-01	1.382e-01	1.321e-01	1.440e-01	1.339e-01	1.270e-01	1.488e-01
2.210e+04	1.270e-01	1.064e-01	1.433e-01	1.264e-01	1.052e-01	1.530e-01	1.162e-01	1.074e-01	1.274e-01	1.395e-01	1.232e-01	1.498e-01	1.382e-01	1.321e-01	1.440e-01	1.340e-01	1.270e-01	1.470e-01
2.220e+04	1.270e-01	1.064e-01	1.433e-01	1.264e-01	1.052e-01	1.541e-01	1.164e-01	1.074e-01	1.274e-01	1.395e-01	1.234e-01	1.498e-01	1.382e-01	1.321e-01	1.432e-01	1.342e-01	1.258e-01	1.463e-01
2.230e+04	1.234e-01	1.064e-01	1.433e-01	1.264e-01	1.052e-01	1.541e-01	1.162e-01	1.064e-01	1.278e-01	1.386e-01	1.246e-01	1.510e-01	1.379e-01	1.321e-01	1.442e-01	1.342e-01	1.258e-01	1.463e-01
2.240e+04	1.234e-01	1.064e-01	1.428e-01	1.253e-01	1.052e-01	1.550e-01	1.170e-01	1.064e-01	1.278e-01	1.386e-01	1.246e-01	1.510e-01	1.379e-01	1.329e-01	1.449e-01	1.355e-01	1.258e-01	1.463e-01
2.250e+04	1.234e-01	1.064e-01	1.418e-01	1.294e-01	1.052e-01	1.550e-01	1.194e-01	1.055e-01	1.278e-01	1.386e-01	1.248e-01	1.510e-01	1.379e-01	1.329e-01	1.449e-01	1.355e-01	1.258e-01	1.463e-01
2.260e+04	1.234e-01	1.064e-01	1.422e-01	1.308e-01	1.052e-01	1.556e-01	1.187e-01	1.051e-01	1.278e-01	1.386e-01	1.248e-01	1.495e-01	1.379e-01	1.328e-01	1.444e-01	1.355e-01	1.241e-01	1.463e-01
2.270e+04	1.234e-01	1.064e-01	1.422e-01	1.308e-01	1.052e-01	1.557e-01	1.187e-01	1.045e-01	1.278e-01	1.380e-01	1.248e-01	1.500e-01	1.379e-01	1.328e-01	1.449e-01	1.355e-01	1.270e-01	1.463e-01
2.280e+04	1.234e-01	1.052e-01	1.422e-01	1.308e-01	1.052e-01	1.558e-01	1.187e-01	1.039e-01	1.278e-01	1.380e-01	1.248e-01	1.500e-01	1.379e-01	1.328e-01	1.449e-01	1.355e-01	1.264e-01	1.463e-01
2.290e+04	1.234e-01	1.052e-01	1.422e-01	1.308e-01	1.046e-01	1.559e-01	1.187e-01	1.055e-01	1.274e-01	1.380e-01	1.248e-01	1.500e-01	1.379e-01	1.321e-01	1.449e-01	1.355e-01	1.264e-01	1.463e-01
2.300e+04	1.230e-01	1.052e-01	1.422e-01	1.308e-01	1.033e-01	1.577e-01	1.177e-01	1.051e-01	1.262e-01	1.380e-01	1.266e-01	1.496e-01	1.379e-01	1.325e-01	1.451e-01	1.355e-01	1.264e-01	1.444e-01
2.310e+04	1.230e-01	1.051e-01	1.416e-01	1.313e-01	1.026e-01	1.577e-01	1.169e-01	1.039e-01	1.262e-01	1.380e-01	1.266e-01	1.496e-01	1.379e-01	1.321e-01	1.451e-01	1.355e-01	1.264e-01	1.444e-01
2.320e+04	1.230e-01	1.050e-01	1.415e-01	1.313e-01	1.026e-01	1.582e-01	1.169e-01	1.039e-01	1.262e-01	1.380e-01	1.266e-01	1.496e-01	1.379e-01	1.333e-01	1.451e-01	1.355e-01	1.264e-01	1.436e-01
2.330e+04	1.235e-01	1.051e-01	1.415e-01	1.313e-01	1.026e-01	1.570e-01	1.169e-01	1.042e-01	1.273e-01	1.380e-01	1.266e-01	1.496e-01	1.379e-01	1.333e-01	1.455e-01	1.355e-01	1.271e-01	1.436e-01
2.340e+04	1.235e-01	1.050e-01	1.415e-01	1.313e-01	1.026e-01	1.570e-01	1.169e-01	1.039e-01	1.246e-01	1.380e-01	1.266e-01	1.496e-01	1.379e-01	1.319e-01	1.451e-01	1.342e-01	1.271e-01	1.429e-01
2.350e+04	1.235e-01	1.050e-01	1.409e-01	1.313e-01	1.026e-01	1.570e-01	1.171e-01	1.041e-01	1.250e-01	1.380e-01	1.266e-01	1.496e-01	1.372e-01	1.319e-01	1.451e-01	1.326e-01	1.272e-01	1.428e-01
2.360e+04	1.240e-01	1.052e-01	1.409e-01	1.314e-01	1.013e-01	1.570e-01	1.166e-01	1.041e-01	1.250e-01	1.380e-01	1.266e-01	1.496e-01	1.372e-01	1.319e-01	1.444e-01	1.347e-01	1.274e-01	1.428e-01
2.370e+04	1.235e-01	1.052e-01	1.430e-01	1.314e-01	1.026e-01	1.570e-01	1.161e-01	1.041e-01	1.248e-01	1.380e-01	1.262e-01	1.496e-01	1.374e-01	1.319e-01	1.444e-01	1.347e-01	1.274e-01	1.428e-01
2.380e+04	1.234e-01	1.052e-01	1.430e-01	1.310e-01	1.026e-01	1.570e-01	1.161e-01	1.039e-01	1.248e-01	1.383e-01	1.245e-01	1.496e-01	1.374e-01	1.336e-01	1.444e-01	1.347e-01	1.274e-01	1.438e-01
2.390e+04	1.201e-01	1.052e-01	1.430e-01	1.310e-01	1.055e-01	1.576e-01	1.161e-01	1.039e-01	1.255e-01	1.386e-01	1.245e-01	1.483e-01	1.373e-01	1.336e-01	1.441e-01	1.347e-01	1.274e-01	1.438e-01
2.400e+04	1.201e-01	1.060e-01	1.415e-01	1.288e-01	1.055e-01	1.576e-01	1.161e-01	1.039e-01	1.255e-01	1.386e-01	1.245e-01	1.483e-01	1.373e-01	1.336e-01	1.441e-01	1.347e-01	1.274e-01	1.438e-01
2.410e+04	1.221e-01	1.072e-01	1.415e-01	1.288e-01	1.055e-01	1.558e-01	1.161e-01	1.039e-01	1.255e-01	1.386e-01	1.245e-01	1.474e-01	1.376e-01	1.336e-01	1.441e-01	1.340e-01	1.274e-01	1.438e-01
2.420e+04	1.221e-01	1.084e-01	1.392e-01	1.293e-01	1.015e-01	1.554e-01	1.161e-01	1.036e-01	1.255e-01	1.386e-01	1.245e-01	1.474e-01	1.376e-01	1.340e-01	1.441e-01	1.340e-01	1.274e-01	1.456e-01
2.430e+04	1.221e-01	1.079e-01	1.392e-01	1.288e-01	1.014e-01	1.554e-01	1.183e-01	1.036e-01	1.255e-01	1.386e-01	1.245e-01	1.471e-01	1.381e-01	1.340e-01	1.441e-01	1.326e-01	1.278e-01	1.456e-01
2.440e+04	1.230e-01	1.077e-01	1.392e-01	1.288e-01	1.014e-01	1.554e-01	1.162e-01	1.039e-01	1.255e-01	1.388e-01	1.232e-01	1.463e-01	1.385e-01	1.343e-01	1.441e-01	1.326e-01	1.278e-01	1.449e-01
2.450e+04	1.225e-01	1.072e-01	1.399e-01	1.288e-01	1.026e-01	1.554e-01	1.162e-01	1.039e-01	1.255e-01	1.388e-01	1.232e-01	1.463e-01	1.376e-01	1.343e-01	1.441e-01	1.327e-01	1.274e-01	1.449e-01
2.460e+04	1.230e-01	1.084e-01	1.399e-01	1.288e-01	1.014e-01	1.562e-01	1.161e-01	1.039e-01	1.255e-01	1.388e-01	1.232e-01	1.463e-01	1.380e-01	1.353e-01	1.453e-01	1.326e-01	1.274e-01	1.449e-01
2.470e+04	1.224e-01	1.084e-01	1.399e-01	1.288e-01	1.014e-01	1.562e-01	1.161e-01	1.039e-01	1.255e-01	1.372e-01	1.245e-01	1.463e-01	1.379e-01	1.353e-01	1.453e-01	1.318e-01	1.274e-01	1.445e-01
2.480e+04	1.230e-01	1.087e-01	1.395e-01	1.288e-01	1.014e-01	1.570e-01	1.161e-01	1.039e-01	1.255e-01	1.372e-01	1.245e-01	1.458e-01	1.377e-01	1.351e-01	1.452e-01	1.324e-01	1.274e-01	1.445e-01
2.490e+04	1.230e-01	1.087e-01	1.395e-01	1.288e-01	1.014e-01	1.562e-01	1.161e-01	1.039e-01	1.266e-01	1.375e-01	1.258e-01	1.458e-01	1.379e-01	1.351e-01	1.452e-01	1.326e-01	1.253e-01	1.445e-01
2.500e+04	1.230e-01	1.090e-01	1.381e-01	1.277e-01	1.014e-01	1.562e-01	1.153e-01	1.039e-01	1.266e-01	1.375e-01	1.258e-01	1.458e-01	1.381e-01	1.353e-01	1.464e-01	1.329e-01	1.255e-01	1.445e-01
2.510e+04	1.230e-01	1.069e-01	1.381e-01	1.261e-01	1.014e-01	1.562e-01	1.153e-01	1.036e-01	1.266e-01	1.383e-01	1.258e-01	1.458e-01	1.381e-01	1.354e-01	1.455e-01	1.329e-01	1.272e-01	1.441e-01
2.520e+04	1.230e-01	1.069e-01	1.381e-01	1.258e-01	1.014e-01	1.562e-01	1.153e-01	1.036e-01	1.266e-01	1.383e-01	1.258e-01	1.466e-01	1.398e-01	1.354e-01	1.455e-01	1.329e-01	1.274e-01	1.450e-01
2.530e+04	1.219e-01	1.072e-01	1.381e-01	1.258e-01	1.014e-01	1.562e-01	1.153e-01	1.032e-01	1.266e-01	1.383e-01	1.258e-01	1.466e-01	1.392e-01	1.354e-01	1.455e-01	1.329e-01	1.274e-01	1.451e-01
2.540e+04	1.212e-01	1.072e-01	1.381e-01	1.258e-01	1.014e-01	1.562e-01	1.149e-01	1.032e-01	1.266e-01	1.383e-01	1.258e-01	1.469e-01	1.395e-01	1.355e-01	1.455e-01	1.327e-01	1.260e-01	1.451e-01
2.550e+04	1.200e-01	1.103e-01	1.381e-01	1.258e-01	1.035e-01	1.562e-01	1.149e-01	1.042e-01	1.266e-01	1.383e-01	1.258e-01	1.471e-01	1.394e-01	1.354e-01	1.455e-01	1.327e-01	1.259e-01	1.458e-01
2.560e+04	1.196e-01	1.106e-01	1.381e-01	1.259e-01	1.035e-01	1.562e-01	1.149e-01	1.042e-01	1.278e-01	1.392e-01	1.258e-01	1.471e-01	1.395e-01	1.354e-01	1.451e-01	1.317e-01	1.259e-01	1.466e-01
2.570e+04	1.195e-01	1.103e-01	1.381e-01	1.259e-01	1.035e-01	1.562e-01	1.149e-01	1.045e-01	1.241e-01	1.392e-01	1.254e-01	1.471e-01	1.395e-01	1.354e-01	1.451e-01	1.317e-01	1.259e-01	1.462e-01
2.580e+04	1.197e-01	1.066e-01	1.388e-01	1.259e-01	1.035e-01	1.556e-01	1.158e-01	1.043e-01	1.241e-01	1.356e-01	1.257e-01	1.469e-01	1.395e-01	1.354e-01	1.451e-01	1.320e-01	1.240e-01	1.457e-01
2.590e+04	1.197e-01	1.066e-01	1.418e-01	1.258e-01	1.035e-01	1.556e-01	1.158e-01	1.043e-01	1.238e-01	1.356e-01	1.255e-01	1.473e-01	1.395e-01	1.354e-01	1.449e-01	1.321e-01	1.240e-01	1.457e-01
2.600e+04	1.197e-01	1.066e-01	1.408e-01	1.258e-01	1.035e-01	1.546e-01	1.158e-01	1.043e-01	1.238e-01	1.356e-01	1.255e-01	1.473e-01	1.388e-01	1.354e-01	1.440e-01	1.314e-01	1.240e-01	1.457e-01
2.610e+04	1.213e-01	1.066e-01	1.408e-01	1.258e-01	1.035e-01	1.546e-01	1.160e-01	1.046e-01	1.251e-01	1.357e-01	1.270e-01	1.473e-01	1.393e-01	1.354e-01	1.460e-01	1.314e-01	1.240e-01	1.457e-01
2.620e+04	1.213e-01	1.070e-01	1.408e-01	1.258e-01	1.035e-01	1.546e-01	1.150e-01	1.046e-01	1.258e-01	1.357e-01	1.276e-01	1.465e-01	1.393e-01	1.340e-01	1.466e-01	1.317e-01	1.240e-01	1.457e-01
2.630e+04	1.213e-01	1.070e-01	1.408e-01	1.258e-01	1.016e-01	1.546e-01	1.145e-01	1.043e-01	1.258e-01	1.357e-01	1.274e-01	1.465e-01	1.388e-01	1.340e-01	1.466e-01	1.319e-01	1.240e-01	1.455e-01
2.640e+04	1.217e-01	1.070e-01	1.408e-01	1.258e-01	1.016e-01	1.546e-01	1.144e-01	1.043e-01	1.263e-01	1.357e-01	1.274e-01	1.461e-01	1.388e-01	1.340e-01	1.466e-01	1.320e-01	1.259e-01	1.449e-01
2.650e+04	1.217e-01	1.070e-01	1.408e-01	1.258e-01	9.956e-02	1.546e-01	1.150e-01	1.043e-01	1.263e-01	1.357e-01	1.283e-01	1.461e-01	1.388e-01	1.340e-01	1.469e-01	1.320e-01	1.259e-01	1.449e-01
2.660e+04	1.213e-01	1.060e-01	1.408e-01	1.217e-01	9.956e-02	1.546e-01	1.150e-01	1.043e-01	1.263e-01	1.357e-01	1.283e-01	1.461e-01	1.390e-01	1.340e-01	1.469e-01	1.319e-01	1.259e-01	1.456e-01
2.670e+04	1.202e-01	1.067e-01	1.418e-01	1.217e-01	9.956e-02	1.546e-01	1.157e-01	1.043e-01	1.263e-01	1.354e-01	1.283e-01	1.461e-01	1.388e-01	1.340e-01	1.469e-01	1.319e-01	1.272e-01	1.449e-01
2.680e+04	1.202e-01	1.067e-01	1.414e-01	1.213e-01	9.956e-02	1.546e-01	1.157e-01	1.043e-01	1.260e-01	1.354e-01	1.274e-01	1.455e-01	1.388e-01	1.340e-01	1.469e-01	1.319e-01	1.272e-01	1.449e-01
2.690e+04	1.267e-01	1.067e-01	1.423e-01	1.226e-01	9.956e-02	1.546e-01	1.159e-01	1.055e-01	1.260e-01	1.354e-01	1.274e-01	1.461e-01	1.385e-01	1.340e-01	1.460e-01	1.324e-01	1.272e-01	1.447e-01
2.700e+04	1.246e-01	1.081e-01	1.423e-01	1.226e-01	9.988e-02	1.546e-01	1.162e-01	1.055e-01	1.260e-01	1.354e-01	1.274e-01	1.461e-01	1.385e-01	1.340e-01	1.460e-01	1.327e-01	1.272e-01	1.446e-01
2.710e+04	1.246e-01	1.081e-01	1.423e-01	1.226e-01	9.988e-02	1.541e-01	1.157e-01	1.055e-01	1.260e-01	1.351e-01	1.274e-01	1.461e-01	1.392e-01	1.340e-01	1.460e-01	1.325e-01	1.272e-01	1.446e-01
2.720e+04	1.246e-01	1.081e-01	1.423e-01	1.226e-01	1.003e-01	1.541e-01	1.157e-01	1.055e-01	1.277e-01	1.351e-01	1.274e-01	1.461e-01	1.392e-01	1.340e-01	1.460e-01	1.325e-01	1.274e-01	1.446e-01
2.730e+04	1.246e-01	1.081e-01	1.428e-01	1.238e-01	1.003e-01	1.541e-01	1.157e-01	1.052e-01	1.262e-01	1.351e-01	1.271e-01	1.461e-01	1.392e-01	1.340e-01	1.460e-01	1.327e-01	1.274e-01	1.446e-01
2.740e+04	1.246e-01	1.081e-01	1.428e-01	1.238e-01	1.013e-01	1.559e-01	1.157e-01	1.052e-01	1.262e-01	1.351e-01	1.271e-01	1.457e-01	1.392e-01	1.340e-01	1.460e-01	1.326e-01	1.274e-01	1.442e-01
2.750e+04	1.246e-01	1.081e-01	1.423e-01	1.238e-01	1.015e-01	1.559e-01	1.162e-01	1.052e-01	1.262e-01	1.349e-01	1.271e-01	1.471e-01	1.399e-01	1.340e-01	1.464e-01	1.326e-01	1.242e-01	1.442e-01
2.760e+04	1.213e-01	1.081e-01	1.423e-01	1.238e-01	1.015e-01	1.559e-01	1.162e-01	1.039e-01	1.264e-01	1.362e-01	1.271e-01	1.471e-01	1.401e-01	1.319e-01	1.464e-01	1.323e-01	1.242e-01	1.437e-01
2.770e+04	1.207e-01	1.081e-01	1.418e-01	1.238e-01	1.015e-01	1.549e-01	1.162e-01	1.039e-01	1.277e-01	1.360e-01	1.238e-01	1.471e-01	1.394e-01	1.332e-01	1.462e-01	1.323e-01	1.244e-01	1.437e-01
2.780e+04	1.207e-01	1.062e-01	1.418e-01	1.238e-01	1.015e-01	1.563e-01	1.162e-01	1.039e-01	1.272e-01	1.344e-01	1.240e-01	1.471e-01	1.393e-01	1.336e-01	1.460e-01	1.323e-01	1.244e-01	1.437e-01
2.790e+04	1.215e-01	1.062e-01	1.418e-01	1.238e-01	1.015e-01	1.554e-01	1.162e-01	1.039e-01	1.272e-01	1.344e-01	1.238e-01	1.471e-01	1.379e-01	1.332e-01	1.460e-01	1.323e-01	1.244e-01	1.457e-01
2.800e+04	1.213e-01	1.078e-01	1.418e-01	1.238e-01	1.015e-01	1.549e-01	1.162e-01	1.039e-01	1.264e-01	1.344e-01	1.238e-01	1.525e-01	1.379e-01	1.332e-01	1.454e-01	1.323e-01	1.244e-01	1.451e-01
2.810e+04	1.213e-01	1.078e-01	1.389e-01	1.238e-01	1.014e-01	1.531e-01	1.162e-01	1.036e-01	1.272e-01	1.342e-01	1.235e-01	1.525e-01	1.379e-01	1.330e-01	1.454e-01	1.323e-01	1.244e-01	1.451e-01
2.820e+04	1.213e-01	1.074e-01	1.389e-01	1.238e-01	1.014e-01	1.531e-01	1.162e-01	1.035e-01	1.272e-01	1.342e-01	1.235e-01	1.525e-01	1.375e-01	1.330e-01	1.460e-01	1.332e-01	1.244e-01	1.451e-01
2.830e+04	1.190e-01	1.074e-01	1.389e-01	1.238e-01	1.014e-01	1.539e-01	1.162e-01	1.035e-01	1.272e-01	1.342e-01	1.235e-01	1.496e-01	1.375e-01	1.330e-01	1.469e-01	1.339e-01	1.244e-01	1.437e-01
2.840e+04	1.190e-01	1.074e-01	1.389e-01	1.238e-01	1.014e-01	1.539e-01	1.162e-01	1.010e-01	1.272e-01	1.342e-01	1.235e-01	1.496e-01	1.375e-01	1.330e-01	1.443e-01	1.332e-01	1.244e-01	1.437e-01
2.850e+04	1.190e-01	1.084e-01	1.399e-01	1.238e-01	1.014e-01	1.539e-01	1.162e-01	1.010e-01	1.271e-01	1.342e-01	1.224e-01	1.496e-01	1.374e-01	1.327e-01	1.443e-01	1.332e-01	1.244e-01	1.449e-01
2.860e+04	1.185e-01	1.084e-01	1.391e-01	1.220e-01	1.014e-01	1.540e-01	1.162e-01	1.009e-01	1.271e-01	1.342e-01	1.232e-01	1.496e-01	1.373e-01	1.327e-01	1.444e-01	1.332e-01	1.219e-01	1.449e-01
2.870e+04	1.207e-01	1.084e-01	1.379e-01	1.220e-01	1.014e-01	1.540e-01	1.162e-01	1.023e-01	1.271e-01	1.342e-01	1.232e-01	1.496e-01	1.373e-01	1.327e-01	1.444e-01	1.339e-01	1.219e-01	1.449e-01
2.880e+04	1.207e-01	1.078e-01	1.389e-01	1.220e-01	1.014e-01	1.541e-01	1.162e-01	1.027e-01	1.292e-01	1.342e-01	1.232e-01	1.496e-01	1.373e-01	1.327e-01	1.444e-01	1.339e-01	1.227e-01	1.432e-01
2.890e+04	1.207e-01	1.074e-01	1.375e-01	1.220e-01	1.014e-01	1.546e-01	1.162e-01	9.996e-02	1.292e-01	1.342e-01	1.232e-01	1.496e-01	1.373e-01	1.327e-01	1.444e-01	1.339e-01	1.227e-01	1.432e-01
2.900e+04	1.207e-01	1.074e-01	1.375e-01	1.220e-01	1.014e-01	1.550e-01	1.162e-01	9.996e-02	1.285e-01	1.342e-01	1.232e-01	1.487e-01	1.373e-01	1.319e-01	1.444e-01	1.339e-01	1.219e-01	1.432e-01
2.910e+04	1.207e-01	1.055e-01	1.375e-01	1.220e-01	1.014e-01	1.567e-01	1.162e-01	9.996e-02	1.285e-01	1.348e-01	1.232e-01	1.487e-01	1.372e-01	1.319e-01	1.444e-01	1.339e-01	1.228e-01	1.432e-01
2.920e+04	1.207e-01	1.055e-01	1.364e-01	1.220e-01	1.014e-01	1.555e-01	1.162e-01	9.996e-02	1.310e-01	1.348e-01	1.232e-01	1.487e-01	1.385e-01	1.319e-01	1.444e-01	1.339e-01	1.228e-01	1.432e-01
2.930e+04	1.207e-01	1.055e-01	1.364e-01	1.220e-01	1.014e-01	1.558e-01	1.162e-01	9.996e-02	1.309e-01	1.348e-01	1.232e-01	1.493e-01	1.384e-01	1.317e-01	1.444e-01	1.339e-01	1.220e-01	1.432e-01
2.940e+04	1.207e-01	1.054e-01	1.364e-01	1.220e-01	1.014e-01	1.558e-01	1.156e-01	1.016e-01	1.293e-01	1.348e-01	1.232e-01	1.497e-01	1.384e-01	1.317e-01	1.444e-01	1.339e-01	1.219e-01	1.422e-01
2.950e+04	1.212e-01	1.054e-01	1.364e-01	1.222e-01	1.014e-01	1.558e-01	1.156e-01	1.012e-01	1.293e-01	1.348e-01	1.232e-01	1.497e-01	1.383e-01	1.298e-01	1.444e-01	1.339e-01	1.219e-01	1.422e-01
2.960e+04	1.205e-01	1.013e-01	1.364e-01	1.221e-01	1.011e-01	1.562e-01	1.156e-01	1.007e-01	1.285e-01	1.348e-01	1.232e-01	1.497e-01	1.383e-01	1.298e-01	1.444e-01	1.328e-01	1.222e-01	1.422e-01
2.970e+04	1.194e-01	1.014e-01	1.386e-01	1.220e-01	1.011e-01	1.556e-01	1.156e-01	1.007e-01	1.285e-01	1.361e-01	1.225e-01	1.497e-01	1.384e-01	1.298e-01	1.444e-01	1.328e-01	1.240e-01	1.422e-01
2.980e+04	1.194e-01	1.015e-01	1.380e-01	1.220e-01	1.013e-01	1.556e-01	1.173e-01	1.007e-01	1.285e-01	1.360e-01	1.225e-01	1.497e-01	1.384e-01	1.298e-01	1.444e-01	1.333e-01	1.248e-01	1.422e-01
2.990e+04	1.194e-01	1.015e-01	1.369e-01	1.220e-01	1.013e-01	1.556e-01	1.185e-01	1.007e-01	1.285e-01	1.352e-01	1.219e-01	1.497e-01	1.384e-01	1.298e-01	1.444e-01	1.329e-01	1.248e-01	1.422e-01
3.000e+04	1.179e-01	1.015e-01	1.369e-01	1.208e-01	1.013e-01	1.556e-01	1.185e-01	9.907e-02	1.290e-01	1.360e-01	1.219e-01	1.497e-01	1.385e-01	1.298e-01	1.443e-01	1.329e-01	1.248e-01	1.422e-01
3.010e+04	1.171e-01	1.015e-01	1.369e-01	1.207e-01	1.013e-01	1.556e-01	1.179e-01	9.907e-02	1.288e-01	1.361e-01	1.219e-01	1.497e-01	1.385e-01	1.301e-01	1.443e-01	1.329e-01	1.251e-01	1.422e-01
3.020e+04	1.171e-01	1.014e-01	1.364e-01	1.188e-01	1.026e-01	1.556e-01	1.179e-01	9.892e-02	1.286e-01	1.345e-01	1.232e-01	1.490e-01	1.385e-01	1.301e-01	1.443e-01	1.329e-01	1.251e-01	1.451e-01
3.030e+04	1.171e-01	1.014e-01	1.363e-01	1.182e-01	1.026e-01	1.556e-01	1.168e-01	9.892e-02	1.286e-01	1.342e-01	1.219e-01	1.490e-01	1.388e-01	1.301e-01	1.443e-01	1.329e-01	1.251e-01	1.451e-01
3.040e+04	1.160e-01	1.015e-01	1.363e-01	1.182e-01	1.031e-01	1.573e-01	1.168e-01	9.892e-02	1.286e-01	1.342e-01	1.219e-01	1.490e-01	1.398e-01	1.301e-01	1.437e-01	1.329e-01	1.240e-01	1.452e-01
3.050e+04	1.160e-01	1.015e-01	1.363e-01	1.179e-01	1.016e-01	1.569e-01	1.198e-01	9.973e-02	1.299e-01	1.344e-01	1.230e-01	1.490e-01	1.394e-01	1.301e-01	1.438e-01	1.329e-01	1.240e-01	1.446e-01
3.060e+04	1.159e-01	1.015e-01	1.358e-01	1.177e-01	1.019e-01	1.569e-01	1.202e-01	9.973e-02	1.301e-01	1.346e-01	1.219e-01	1.490e-01	1.394e-01	1.294e-01	1.436e-01	1.339e-01	1.248e-01	1.446e-01
3.070e+04	1.157e-01	9.956e-02	1.358e-01	1.174e-01	1.019e-01	1.569e-01	1.202e-01	9.973e-02	1.301e-01	1.342e-01	1.219e-01	1.493e-01	1.394e-01	1.278e-01	1.436e-01	1.339e-01	1.248e-01	1.441e-01
3.080e+04	1.195e-01	9.956e-02	1.358e-01	1.177e-01	1.019e-01	1.563e-01	1.202e-01	9.915e-02	1.302e-01	1.339e-01	1.219e-01	1.493e-01	1.394e-01	1.278e-01	1.436e-01	1.339e-01	1.246e-01	1.446e-01
3.090e+04	1.145e-01	1.016e-01	1.358e-01	1.177e-01	9.825e-02	1.563e-01	1.174e-01	9.915e-02	1.294e-01	1.332e-01	1.219e-01	1.493e-01	1.394e-01	1.278e-01	1.444e-01	1.339e-01	1.246e-01	1.446e-01
3.100e+04	1.145e-01	9.956e-02	1.351e-01	1.177e-01	9.871e-02	1.563e-01	1.174e-01	9.709e-02	1.305e-01	1.324e-01	1.219e-01	1.493e-01	1.394e-01	1.278e-01	1.444e-01	1.339e-01	1.246e-01	1.427e-01
3.110e+04	1.145e-01	9.956e-02	1.351e-01	1.177e-01	9.871e-02	1.556e-01	1.174e-01	9.709e-02	1.305e-01	1.324e-01	1.228e-01	1.493e-01	1.389e-01	1.261e-01	1.444e-01	1.339e-01	1.246e-01	1.427e-01
3.120e+04	1.145e-01	9.956e-02	1.357e-01	1.177e-01	9.871e-02	1.556e-01	1.174e-01	9.709e-02	1.305e-01	1.324e-01	1.225e-01	1.493e-01	1.389e-01	1.261e-01	1.444e-01	1.339e-01	1.247e-01	1.409e-01
3.130e+04	1.145e-01	9.956e-02	1.357e-01	1.162e-01	9.871e-02	1.566e-01	1.171e-01	9.709e-02	1.305e-01	1.319e-01	1.225e-01	1.493e-01	1.389e-01	1.262e-01	1.444e-01	1.339e-01	1.247e-01	1.409e-01
3.140e+04	1.138e-01	9.956e-02	1.364e-01	1.162e-01	9.871e-02	1.569e-01	1.171e-01	9.709e-02	1.305e-01	1.319e-01	1.225e-01	1.498e-01	1.392e-01	1.262e-01	1.444e-01	1.339e-01	1.247e-01	1.409e-01
3.150e+04	1.140e-01	9.953e-02	1.385e-01	1.162e-01	9.915e-02	1.563e-01	1.171e-01	9.709e-02	1.305e-01	1.319e-01	1.225e-01	1.498e-01	1.392e-01	1.273e-01	1.444e-01	1.342e-01	1.247e-01	1.409e-01
3.160e+04	1.138e-01	9.953e-02	1.375e-01	1.162e-01	9.915e-02	1.563e-01	1.171e-01	9.709e-02	1.305e-01	1.319e-01	1.225e-01	1.498e-01	1.389e-01	1.278e-01	1.444e-01	1.330e-01	1.244e-01	1.409e-01
3.170e+04	1.138e-01	9.953e-02	1.364e-01	1.162e-01	9.752e-02	1.563e-01	1.171e-01	9.664e-02	1.305e-01	1.312e-01	1.235e-01	1.484e-01	1.389e-01	1.279e-01	1.444e-01	1.345e-01	1.227e-01	1.409e-01
3.180e+04	1.138e-01	9.735e-02	1.364e-01	1.162e-01	9.752e-02	1.563e-01	1.171e-01	9.461e-02	1.305e-01	1.312e-01	1.235e-01	1.490e-01	1.389e-01	1.279e-01	1.444e-01	1.345e-01	1.227e-01	1.409e-01
3.190e+04	1.138e-01	9.871e-02	1.364e-01	1.162e-01	9.752e-02	1.563e-01	1.186e-01	9.461e-02	1.315e-01	1.314e-01	1.235e-01	1.490e-01	1.392e-01	1.279e-01	1.444e-01	1.345e-01	1.227e-01	1.412e-01
3.200e+04	1.138e-01	9.871e-02	1.364e-01	1.162e-01	9.709e-02	1.563e-01	1.186e-01	9.461e-02	1.330e-01	1.314e-01	1.235e-01	1.490e-01	1.388e-01	1.279e-01	1.437e-01	1.345e-01	1.227e-01	1.412e-01
3.210e+04	1.138e-01	9.871e-02	1.365e-01	1.140e-01	9.709e-02	1.563e-01	1.186e-01	9.461e-02	1.305e-01	1.314e-01	1.235e-01	1.490e-01	1.388e-01	1.279e-01	1.437e-01	1.345e-01	1.227e-01	1.412e-01
3.220e+04	1.138e-01	9.941e-02	1.365e-01	1.140e-01	9.701e-02	1.563e-01	1.186e-01	9.461e-02	1.299e-01	1.314e-01	1.235e-01	1.484e-01	1.388e-01	1.279e-01	1.437e-01	1.345e-01	1.227e-01	1.412e-01
3.230e+04	1.138e-01	9.953e-02	1.365e-01	1.140e-01	9.701e-02	1.588e-01	1.186e-01	9.068e-02	1.310e-01	1.314e-01	1.235e-01	1.484e-01	1.388e-01	1.279e-01	1.437e-01	1.345e-01	1.229e-01	1.412e-01
3.240e+04	1.138e-01	9.953e-02	1.365e-01	1.152e-01	9.714e-02	1.588e-01	1.186e-01	9.068e-02	1.310e-01	1.311e-01	1.230e-01	1.484e-01	1.386e-01	1.279e-01	1.437e-01	1.345e-01	1.229e-01	1.412e-01
3.250e+04	1.138e-01	9.953e-02	1.377e-01	1.152e-01	9.714e-02	1.588e-01	1.199e-01	9.245e-02	1.330e-01	1.311e-01	1.225e-01	1.477e-01	1.386e-01	1.278e-01	1.437e-01	1.345e-01	1.229e-01	1.426e-01
3.260e+04	1.138e-01	9.931e-02	1.375e-01	1.153e-01	9.726e-02	1.578e-01	1.194e-01	9.245e-02	1.353e-01	1.311e-01	1.225e-01	1.463e-01	1.386e-01	1.278e-01	1.437e-01	1.345e-01	1.229e-01	1.426e-01
3.270e+04	1.138e-01	9.931e-02	1.375e-01	1.153e-01	9.726e-02	1.585e-01	1.190e-01	9.245e-02	1.353e-01	1.321e-01	1.239e-01	1.472e-01	1.386e-01	1.277e-01	1.437e-01	1.345e-01	1.228e-01	1.420e-01
3.280e+04	1.138e-01	9.756e-02	1.375e-01	1.141e-01	9.726e-02	1.585e-01	1.188e-01	9.245e-02	1.353e-01	1.321e-01	1.241e-01	1.472e-01	1.386e-01	1.277e-01	1.437e-01	1.345e-01	1.228e-01	1.420e-01
3.290e+04	1.144e-01	9.752e-02	1.375e-01	1.140e-01	9.532e-02	1.585e-01	1.188e-01	9.300e-02	1.336e-01	1.321e-01	1.241e-01	1.465e-01	1.386e-01	1.277e-01	1.437e-01	1.345e-01	1.232e-01	1.420e-01
3.300e+04	1.144e-01	9.752e-02	1.377e-01	1.140e-01	9.541e-02	1.595e-01	1.188e-01	9.300e-02	1.336e-01	1.321e-01	1.241e-01	1.465e-01	1.385e-01	1.277e-01	1.437e-01	1.345e-01	1.230e-01	1.440e-01
3.310e+04	1.162e-01	9.752e-02	1.358e-01	1.139e-01	9.541e-02	1.595e-01	1.188e-01	9.300e-02	1.336e-01	1.321e-01	1.241e-01	1.465e-01	1.385e-01	1.277e-01	1.437e-01	1.345e-01	1.230e-01	1.440e-01
3.320e+04	1.162e-01	9.752e-02	1.358e-01	1.139e-01	9.541e-02	1.585e-01	1.183e-01	9.617e-02	1.336e-01	1.321e-01	1.241e-01	1.465e-01	1.385e-01	1.277e-01	1.432e-01	1.340e-01	1.230e-01	1.440e-01
3.330e+04	1.162e-01	9.752e-02	1.363e-01	1.138e-01	9.541e-02	1.585e-01	1.183e-01	9.559e-02	1.346e-01	1.321e-01	1.241e-01	1.465e-01	1.385e-01	1.261e-01	1.437e-01	1.340e-01	1.228e-01	1.440e-01
3.340e+04	1.162e-01	9.752e-02	1.363e-01	1.140e-01	9.541e-02	1.589e-01	1.162e-01	9.559e-02	1.346e-01	1.321e-01	1.246e-01	1.465e-01	1.380e-01	1.261e-01	1.428e-01	1.340e-01	1.228e-01	1.440e-01
3.350e+04	1.162e-01	9.752e-02	1.364e-01	1.140e-01	9.542e-02	1.589e-01	1.173e-01	9.559e-02	1.344e-01	1.319e-01	1.246e-01	1.465e-01	1.380e-01	1.283e-01	1.430e-01	1.340e-01	1.228e-01	1.440e-01
3.360e+04	1.179e-01	9.752e-02	1.363e-01	1.138e-01	9.515e-02	1.589e-01	1.179e-01	9.559e-02	1.344e-01	1.311e-01	1.232e-01	1.465e-01	1.380e-01	1.257e-01	1.430e-01	1.340e-01	1.228e-01	1.440e-01
3.370e+04	1.179e-01	9.752e-02	1.345e-01	1.136e-01	9.515e-02	1.589e-01	1.160e-01	9.559e-02	1.344e-01	1.311e-01	1.232e-01	1.468e-01	1.380e-01	1.257e-01	1.430e-01	1.340e-01	1.229e-01	1.440e-01
3.380e+04	1.179e-01	9.538e-02	1.345e-01	1.136e-01	9.784e-02	1.589e-01	1.160e-01	9.559e-02	1.325e-01	1.311e-01	1.232e-01	1.468e-01	1.375e-01	1.257e-01	1.428e-01	1.340e-01	1.232e-01	1.438e-01
3.390e+04	1.164e-01	9.318e-02	1.345e-01	1.138e-01	9.784e-02	1.589e-01	1.171e-01	9.559e-02	1.325e-01	1.314e-01	1.232e-01	1.466e-01	1.376e-01	1.257e-01	1.428e-01	1.340e-01	1.232e-01	1.438e-01
3.400e+04	1.164e-01	9.318e-02	1.334e-01	1.139e-01	9.784e-02	1.589e-01	1.171e-01	9.559e-02	1.325e-01	1.314e-01	1.232e-01	1.468e-01	1.379e-01	1.244e-01	1.428e-01	1.314e-01	1.235e-01	1.438e-01
3.410e+04	1.164e-01	9.318e-02	1.355e-01	1.139e-01	9.546e-02	1.589e-01	1.171e-01	9.559e-02	1.325e-01	1.314e-01	1.242e-01	1.468e-01	1.374e-01	1.252e-01	1.428e-01	1.317e-01	1.228e-01	1.438e-01
3.420e+04	1.164e-01	9.318e-02	1.355e-01	1.140e-01	9.546e-02	1.580e-01	1.171e-01	9.559e-02	1.343e-01	1.326e-01	1.232e-01	1.468e-01	1.385e-01	1.252e-01	1.428e-01	1.317e-01	1.235e-01	1.438e-01
3.430e+04	1.171e-01	9.318e-02	1.355e-01	1.140e-01	9.546e-02	1.576e-01	1.153e-01	9.559e-02	1.343e-01	1.326e-01	1.232e-01	1.466e-01	1.378e-01	1.246e-01	1.428e-01	1.311e-01	1.228e-01	1.438e-01
3.440e+04	1.185e-01	9.318e-02	1.348e-01	1.140e-01	9.546e-02	1.576e-01	1.154e-01	9.559e-02	1.343e-01	1.333e-01	1.232e-01	1.468e-01	1.376e-01	1.257e-01	1.428e-01	1.311e-01	1.228e-01	1.438e-01
3.450e+04	1.164e-01	9.318e-02	1.356e-01	1.140e-01	9.546e-02	1.576e-01	1.154e-01	9.559e-02	1.343e-01	1.333e-01	1.232e-01	1.468e-01	1.385e-01	1.257e-01	1.428e-01	1.320e-01	1.228e-01	1.438e-01
3.460e+04	1.164e-01	9.310e-02	1.356e-01	1.146e-01	9.546e-02	1.576e-01	1.154e-01	9.080e-02	1.343e-01	1.333e-01	1.232e-01	1.465e-01	1.387e-01	1.257e-01	1.428e-01	1.333e-01	1.228e-01	1.438e-01
3.470e+04	1.164e-01	9.310e-02	1.356e-01	1.146e-01	9.546e-02	1.576e-01	1.177e-01	9.080e-02	1.357e-01	1.333e-01	1.232e-01	1.465e-01	1.387e-01	1.254e-01	1.428e-01	1.333e-01	1.230e-01	1.438e-01
3.480e+04	1.164e-01	9.135e-02	1.356e-01	1.147e-01	9.575e-02	1.571e-01	1.177e-01	9.080e-02	1.357e-01	1.333e-01	1.238e-01	1.471e-01	1.370e-01	1.246e-01	1.428e-01	1.333e-01	1.234e-01	1.438e-01
3.490e+04	1.164e-01	9.266e-02	1.357e-01	1.140e-01	9.575e-02	1.562e-01	1.177e-01	9.080e-02	1.357e-01	1.333e-01	1.235e-01	1.465e-01	1.370e-01	1.246e-01	1.428e-01	1.325e-01	1.234e-01	1.438e-01
3.500e+04	1.164e-01	9.409e-02	1.372e-01	1.140e-01	9.601e-02	1.555e-01	1.177e-01	9.310e-02	1.354e-01	1.333e-01	1.235e-01	1.463e-01	1.370e-01	1.253e-01	1.441e-01	1.325e-01	1.234e-01	1.438e-01
3.510e+04	1.164e-01	9.409e-02	1.372e-01	1.140e-01	9.601e-02	1.555e-01	1.177e-01	9.310e-02	1.354e-01	1.333e-01	1.235e-01	1.455e-01	1.375e-01	1.253e-01	1.442e-01	1.325e-01	1.234e-01	1.438e-01
3.520e+04	1.164e-01	9.435e-02	1.361e-01	1.140e-01	9.601e-02	1.555e-01	1.177e-01	9.318e-02	1.354e-01	1.333e-01	1.235e-01	1.455e-01	1.372e-01	1.253e-01	1.442e-01	1.325e-01	1.234e-01	1.438e-01
3.530e+04	1.173e-01	9.435e-02	1.361e-01	1.145e-01	9.601e-02	1.555e-01	1.162e-01	9.538e-02	1.340e-01	1.333e-01	1.232e-01	1.455e-01	1.372e-01	1.253e-01	1.442e-01	1.325e-01	1.241e-01	1.438e-01
3.540e+04	1.173e-01	9.108e-02	1.361e-01	1.140e-01	9.601e-02	1.555e-01	1.162e-01	9.447e-02	1.354e-01	1.343e-01	1.232e-01	1.455e-01	1.372e-01	1.253e-01	1.442e-01	1.325e-01	1.241e-01	1.438e-01
3.550e+04	1.173e-01	9.108e-02	1.361e-01	1.140e-01	9.647e-02	1.555e-01	1.162e-01	9.447e-02	1.354e-01	1.342e-01	1.232e-01	1.455e-01	1.372e-01	1.253e-01	1.442e-01	1.325e-01	1.234e-01	1.421e-01
3.560e+04	1.164e-01	9.108e-02	1.364e-01	1.139e-01	9.672e-02	1.555e-01	1.162e-01	9.447e-02	1.324e-01	1.339e-01	1.238e-01	1.455e-01	1.372e-01	1.253e-01	1.442e-01	1.325e-01	1.234e-01	1.421e-01
3.570e+04	1.164e-01	8.978e-02	1.372e-01	1.139e-01	9.672e-02	1.555e-01	1.165e-01	9.409e-02	1.324e-01	1.339e-01	1.238e-01	1.455e-01	1.376e-01	1.253e-01	1.442e-01	1.325e-01	1.238e-01	1.421e-01
3.580e+04	1.164e-01	8.969e-02	1.372e-01	1.139e-01	9.617e-02	1.555e-01	1.165e-01	9.370e-02	1.324e-01	1.339e-01	1.232e-01	1.455e-01	1.376e-01	1.253e-01	1.455e-01	1.322e-01	1.241e-01	1.421e-01
3.590e+04	1.164e-01	8.947e-02	1.372e-01	1.139e-01	9.617e-02	1.555e-01	1.165e-01	9.370e-02	1.324e-01	1.339e-01	1.234e-01	1.455e-01	1.376e-01	1.253e-01	1.455e-01	1.322e-01	1.241e-01	1.421e-01
3.600e+04	1.164e-01	8.947e-02	1.372e-01	1.139e-01	9.617e-02	1.555e-01	1.165e-01	9.370e-02	1.324e-01	1.339e-01	1.234e-01	1.455e-01	1.376e-01	1.253e-01	1.443e-01	1.322e-01	1.241e-01	1.421e-01
3.610e+04	1.164e-01	8.854e-02	1.372e-01	1.139e-01	9.617e-02	1.580e-01	1.165e-01	9.370e-02	1.324e-01	1.339e-01	1.234e-01	1.468e-01	1.376e-01	1.253e-01	1.445e-01	1.311e-01	1.241e-01	1.415e-01
3.620e+04	1.164e-01	8.854e-02	1.370e-01	1.139e-01	9.617e-02	1.580e-01	1.167e-01	9.370e-02	1.324e-01	1.338e-01	1.234e-01	1.446e-01	1.376e-01	1.253e-01	1.445e-01	1.311e-01	1.241e-01	1.415e-01
3.630e+04	1.164e-01	8.854e-02	1.372e-01	1.139e-01	9.751e-02	1.580e-01	1.173e-01	9.370e-02	1.324e-01	1.328e-01	1.224e-01	1.446e-01	1.376e-01	1.253e-01	1.445e-01	1.311e-01	1.241e-01	1.415e-01
3.640e+04	1.155e-01	8.854e-02	1.372e-01	1.139e-01	9.752e-02	1.580e-01	1.173e-01	9.288e-02	1.320e-01	1.328e-01	1.224e-01	1.446e-01	1.376e-01	1.253e-01	1.445e-01	1.311e-01	1.241e-01	1.415e-01
3.650e+04	1.155e-01	8.854e-02	1.379e-01	1.128e-01	9.752e-02	1.580e-01	1.173e-01	9.288e-02	1.314e-01	1.328e-01	1.224e-01	1.446e-01	1.376e-01	1.253e-01	1.445e-01	1.314e-01	1.241e-01	1.415e-01
3.660e+04	1.164e-01	8.854e-02	1.379e-01	1.128e-01	9.617e-02	1.580e-01	1.173e-01	9.081e-02	1.314e-01	1.328e-01	1.224e-01	1.452e-01	1.376e-01	1.260e-01	1.445e-01	1.314e-01	1.241e-01	1.401e-01
3.670e+04	1.173e-01	8.854e-02	1.379e-01	1.128e-01	9.283e-02	1.580e-01	1.173e-01	9.081e-02	1.324e-01	1.328e-01	1.234e-01	1.452e-01	1.376e-01	1.260e-01	1.445e-01	1.314e-01	1.213e-01	1.401e-01
3.680e+04	1.173e-01	8.854e-02	1.379e-01	1.128e-01	9.037e-02	1.595e-01	1.173e-01	9.081e-02	1.324e-01	1.328e-01	1.234e-01	1.452e-01	1.378e-01	1.260e-01	1.451e-01	1.302e-01	1.211e-01	1.392e-01
3.690e+04	1.164e-01	8.888e-02	1.379e-01	1.128e-01	9.037e-02	1.595e-01	1.173e-01	9.151e-02	1.324e-01	1.328e-01	1.234e-01	1.452e-01	1.378e-01	1.272e-01	1.451e-01	1.302e-01	1.211e-01	1.392e-01
3.700e+04	1.164e-01	8.854e-02	1.286e-01	1.128e-01	9.037e-02	1.600e-01	1.168e-01	9.151e-02	1.324e-01	1.328e-01	1.234e-01	1.452e-01	1.378e-01	1.277e-01	1.451e-01	1.302e-01	1.211e-01	1.403e-01
3.710e+04	1.164e-01	8.969e-02	1.283e-01	1.140e-01	9.288e-02	1.600e-01	1.168e-01	9.151e-02	1.320e-01	1.328e-01	1.234e-01	1.452e-01	1.399e-01	1.277e-01	1.452e-01	1.317e-01	1.211e-01	1.403e-01
3.720e+04	1.164e-01	8.969e-02	1.283e-01	1.140e-01	9.288e-02	1.600e-01	1.157e-01	9.151e-02	1.320e-01	1.328e-01	1.234e-01	1.452e-01	1.399e-01	1.277e-01	1.452e-01	1.326e-01	1.212e-01	1.403e-01
3.730e+04	1.164e-01	8.969e-02	1.283e-01	1.140e-01	9.288e-02	1.571e-01	1.157e-01	9.151e-02	1.320e-01	1.339e-01	1.234e-01	1.452e-01	1.395e-01	1.277e-01	1.452e-01	1.326e-01	1.212e-01	1.403e-01
3.740e+04	1.164e-01	8.969e-02	1.283e-01	1.081e-01	9.288e-02	1.571e-01	1.157e-01	9.108e-02	1.317e-01	1.339e-01	1.234e-01	1.458e-01	1.395e-01	1.277e-01	1.452e-01	1.305e-01	1.212e-01	1.403e-01
3.750e+04	1.164e-01	8.969e-02	1.283e-01	1.081e-01	9.288e-02	1.546e-01	1.160e-01	9.108e-02	1.307e-01	1.339e-01	1.234e-01	1.458e-01	1.395e-01	1.277e-01	1.456e-01	1.307e-01	1.212e-01	1.403e-01
3.760e+04	1.164e-01	8.969e-02	1.280e-01	1.081e-01	9.288e-02	1.546e-01	1.160e-01	9.108e-02	1.304e-01	1.339e-01	1.234e-01	1.449e-01	1.386e-01	1.277e-01	1.456e-01	1.329e-01	1.212e-01	1.403e-01
3.770e+04	1.118e-01	8.969e-02	1.280e-01	1.081e-01	9.288e-02	1.541e-01	1.160e-01	9.108e-02	1.305e-01	1.344e-01	1.234e-01	1.449e-01	1.386e-01	1.283e-01	1.455e-01	1.329e-01	1.212e-01	1.403e-01
3.780e+04	1.118e-01	8.927e-02	1.280e-01	1.081e-01	9.288e-02	1.541e-01	1.157e-01	9.062e-02	1.305e-01	1.344e-01	1.234e-01	1.449e-01	1.386e-01	1.283e-01	1.449e-01	1.323e-01	1.212e-01	1.412e-01
3.790e+04	1.118e-01	8.927e-02	1.280e-01	1.081e-01	9.288e-02	1.541e-01	1.157e-01	8.963e-02	1.305e-01	1.344e-01	1.225e-01	1.449e-01	1.366e-01	1.283e-01	1.446e-01	1.327e-01	1.218e-01	1.412e-01
3.800e+04	1.107e-01	8.927e-02	1.280e-01	1.081e-01	9.288e-02	1.541e-01	1.157e-01	8.963e-02	1.305e-01	1.330e-01	1.225e-01	1.449e-01	1.366e-01	1.283e-01	1.449e-01	1.333e-01	1.218e-01	1.412e-01
3.810e+04	1.091e-01	8.927e-02	1.280e-01	1.099e-01	9.288e-02	1.541e-01	1.157e-01	8.963e-02	1.292e-01	1.330e-01	1.207e-01	1.449e-01	1.375e-01	1.283e-01	1.449e-01	1.333e-01	1.218e-01	1.412e-01
3.820e+04	1.091e-01	8.927e-02	1.280e-01	1.099e-01	9.288e-02	1.515e-01	1.157e-01	8.963e-02	1.293e-01	1.330e-01	1.207e-01	1.449e-01	1.372e-01	1.287e-01	1.446e-01	1.333e-01	1.218e-01	1.412e-01
3.830e+04	1.090e-01	8.927e-02	1.280e-01	1.125e-01	9.288e-02	1.515e-01	1.153e-01	8.910e-02	1.293e-01	1.330e-01	1.227e-01	1.449e-01	1.372e-01	1.287e-01	1.437e-01	1.333e-01	1.218e-01	1.412e-01
3.840e+04	1.074e-01	8.927e-02	1.280e-01	1.132e-01	9.274e-02	1.519e-01	1.153e-01	8.910e-02	1.294e-01	1.330e-01	1.227e-01	1.449e-01	1.372e-01	1.287e-01	1.437e-01	1.333e-01	1.218e-01	1.412e-01
3.850e+04	1.069e-01	8.996e-02	1.267e-01	1.129e-01	8.918e-02	1.519e-01	1.153e-01	8.910e-02	1.294e-01	1.330e-01	1.227e-01	1.435e-01	1.360e-01	1.287e-01	1.437e-01	1.333e-01	1.218e-01	1.401e-01
3.860e+04	1.062e-01	8.996e-02	1.267e-01	1.129e-01	8.918e-02	1.512e-01	1.129e-01	8.744e-02	1.294e-01	1.320e-01	1.227e-01	1.435e-01	1.360e-01	1.287e-01	1.438e-01	1.337e-01	1.220e-01	1.435e-01
3.870e+04	1.055e-01	8.996e-02	1.267e-01	1.129e-01	8.918e-02	1.512e-01	1.129e-01	8.744e-02	1.298e-01	1.320e-01	1.227e-01	1.435e-01	1.351e-01	1.287e-01	1.442e-01	1.337e-01	1.220e-01	1.435e-01
3.880e+04	1.055e-01	8.996e-02	1.254e-01	1.116e-01	8.918e-02	1.512e-01	1.129e-01	8.688e-02	1.298e-01	1.320e-01	1.227e-01	1.435e-01	1.351e-01	1.287e-01	1.442e-01	1.336e-01	1.220e-01	1.435e-01
3.890e+04	1.055e-01	8.996e-02	1.266e-01	1.116e-01	8.918e-02	1.512e-01	1.127e-01	8.688e-02	1.298e-01	1.311e-01	1.227e-01	1.427e-01	1.359e-01	1.287e-01	1.435e-01	1.336e-01	1.220e-01	1.435e-01
3.900e+04	1.055e-01	8.996e-02	1.266e-01	1.116e-01	8.888e-02	1.530e-01	1.127e-01	8.688e-02	1.288e-01	1.317e-01	1.227e-01	1.427e-01	1.359e-01	1.288e-01	1.435e-01	1.337e-01	1.220e-01	1.435e-01
3.910e+04	1.055e-01	9.014e-02	1.266e-01	1.116e-01	8.888e-02	1.535e-01	1.127e-01	8.688e-02	1.288e-01	1.317e-01	1.227e-01	1.421e-01	1.359e-01	1.288e-01	1.435e-01	1.323e-01	1.220e-01	1.435e-01
3.920e+04	1.058e-01	8.927e-02	1.266e-01	1.116e-01	8.865e-02	1.537e-01	1.127e-01	8.688e-02	1.309e-01	1.317e-01	1.228e-01	1.421e-01	1.359e-01	1.301e-01	1.435e-01	1.323e-01	1.220e-01	1.435e-01
3.930e+04	1.058e-01	8.927e-02	1.266e-01	1.116e-01	8.865e-02	1.537e-01	1.127e-01	8.595e-02	1.296e-01	1.314e-01	1.227e-01	1.430e-01	1.359e-01	1.301e-01	1.435e-01	1.319e-01	1.220e-01	1.435e-01
3.940e+04	1.055e-01	8.888e-02	1.262e-01	1.116e-01	8.854e-02	1.537e-01	1.127e-01	8.595e-02	1.296e-01	1.315e-01	1.227e-01	1.409e-01	1.359e-01	1.301e-01	1.421e-01	1.319e-01	1.220e-01	1.444e-01
3.950e+04	1.055e-01	8.741e-02	1.262e-01	1.116e-01	8.854e-02	1.537e-01	1.127e-01	8.577e-02	1.296e-01	1.314e-01	1.228e-01	1.409e-01	1.372e-01	1.297e-01	1.421e-01	1.319e-01	1.220e-01	1.442e-01
3.960e+04	1.055e-01	8.741e-02	1.258e-01	1.116e-01	8.854e-02	1.538e-01	1.127e-01	8.577e-02	1.296e-01	1.319e-01	1.228e-01	1.442e-01	1.360e-01	1.297e-01	1.413e-01	1.319e-01	1.220e-01	1.417e-01
3.970e+04	1.055e-01	8.741e-02	1.258e-01	1.116e-01	8.854e-02	1.538e-01	1.122e-01	8.595e-02	1.296e-01	1.320e-01	1.246e-01	1.438e-01	1.360e-01	1.297e-01	1.413e-01	1.319e-01	1.220e-01	1.417e-01
3.980e+04	1.046e-01	8.698e-02	1.258e-01	1.129e-01	8.854e-02	1.538e-01	1.122e-01	8.595e-02	1.296e-01	1.319e-01	1.246e-01	1.438e-01	1.355e-01	1.297e-01	1.413e-01	1.319e-01	1.218e-01	1.420e-01
3.990e+04	1.046e-01	8.698e-02	1.264e-01	1.129e-01	8.854e-02	1.538e-01	1.122e-01	8.577e-02	1.309e-01	1.319e-01	1.249e-01	1.430e-01	1.360e-01	1.290e-01	1.413e-01	1.319e-01	1.218e-01	1.420e-01
4.000e+04	1.046e-01	8.444e-02	1.264e-01	1.129e-01	8.865e-02	1.519e-01	1.128e-01	8.577e-02	1.309e-01	1.319e-01	1.249e-01	1.430e-01	1.360e-01	1.290e-01	1.413e-01	1.319e-01	1.215e-01	1.420e-01
4.010e+04	1.046e-01	8.444e-02	1.267e-01	1.129e-01	8.865e-02	1.525e-01	1.128e-01	8.557e-02	1.309e-01	1.319e-01	1.249e-01	1.430e-01	1.360e-01	1.286e-01	1.413e-01	1.319e-01	1.214e-01	1.418e-01
4.020e+04	1.043e-01	8.444e-02	1.270e-01	1.129e-01	8.865e-02	1.517e-01	1.128e-01	8.577e-02	1.311e-01	1.319e-01	1.252e-01	1.413e-01	1.360e-01	1.281e-01	1.412e-01	1.319e-01	1.214e-01	1.397e-01
4.030e+04	1.043e-01	8.366e-02	1.270e-01	1.129e-01	8.865e-02	1.517e-01	1.128e-01	8.577e-02	1.311e-01	1.319e-01	1.257e-01	1.413e-01	1.360e-01	1.281e-01	1.411e-01	1.319e-01	1.214e-01	1.397e-01
4.040e+04	1.043e-01	8.110e-02	1.270e-01	1.129e-01	8.865e-02	1.501e-01	1.128e-01	8.577e-02	1.294e-01	1.319e-01	1.257e-01	1.413e-01	1.360e-01	1.281e-01	1.411e-01	1.319e-01	1.214e-01	1.397e-01
4.050e+04	1.040e-01	8.120e-02	1.270e-01	1.129e-01	8.865e-02	1.501e-01	1.128e-01	8.577e-02	1.294e-01	1.319e-01	1.261e-01	1.413e-01	1.360e-01	1.281e-01	1.411e-01	1.319e-01	1.214e-01	1.397e-01
4.060e+04	1.039e-01	8.070e-02	1.270e-01	1.129e-01	8.865e-02	1.501e-01	1.128e-01	8.557e-02	1.294e-01	1.319e-01	1.241e-01	1.413e-01	1.354e-01	1.281e-01	1.411e-01	1.319e-01	1.214e-01	1.397e-01
4.070e+04	1.027e-01	8.070e-02	1.267e-01	1.129e-01	8.865e-02	1.501e-01	1.128e-01	8.703e-02	1.294e-01	1.319e-01	1.241e-01	1.413e-01	1.354e-01	1.281e-01	1.421e-01	1.319e-01	1.214e-01	1.390e-01
4.080e+04	1.027e-01	8.046e-02	1.274e-01	1.129e-01	8.865e-02	1.501e-01	1.109e-01	8.703e-02	1.290e-01	1.319e-01	1.235e-01	1.413e-01	1.354e-01	1.281e-01	1.421e-01	1.319e-01	1.214e-01	1.390e-01
4.090e+04	1.027e-01	8.046e-02	1.274e-01	1.129e-01	8.865e-02	1.504e-01	1.090e-01	8.703e-02	1.290e-01	1.327e-01	1.235e-01	1.413e-01	1.355e-01	1.281e-01	1.421e-01	1.322e-01	1.230e-01	1.390e-01
4.100e+04	9.996e-02	8.046e-02	1.292e-01	1.142e-01	8.865e-02	1.504e-01	1.090e-01	8.703e-02	1.290e-01	1.320e-01	1.235e-01	1.426e-01	1.355e-01	1.281e-01	1.421e-01	1.322e-01	1.230e-01	1.390e-01
4.110e+04	9.996e-02	7.969e-02	1.309e-01	1.142e-01	9.107e-02	1.504e-01	1.098e-01	8.703e-02	1.290e-01	1.320e-01	1.235e-01	1.426e-01	1.355e-01	1.281e-01	1.421e-01	1.322e-01	1.230e-01	1.390e-01
4.120e+04	9.996e-02	7.969e-02	1.269e-01	1.142e-01	8.992e-02	1.492e-01	1.098e-01	8.420e-02	1.290e-01	1.320e-01	1.235e-01	1.426e-01	1.355e-01	1.276e-01	1.421e-01	1.319e-01	1.230e-01	1.390e-01
4.130e+04	9.957e-02	7.764e-02	1.269e-01	1.142e-01	8.992e-02	1.492e-01	1.106e-01	8.420e-02	1.277e-01	1.320e-01	1.235e-01	1.426e-01	1.355e-01	1.276e-01	1.415e-01	1.319e-01	1.230e-01	1.390e-01
4.140e+04	9.792e-02	7.764e-02	1.269e-01	1.142e-01	8.992e-02	1.478e-01	1.106e-01	8.420e-02	1.277e-01	1.320e-01	1.235e-01	1.430e-01	1.355e-01	1.276e-01	1.413e-01	1.319e-01	1.230e-01	1.390e-01
4.150e+04	9.792e-02	7.764e-02	1.274e-01	1.142e-01	9.112e-02	1.478e-01	1.106e-01	8.420e-02	1.277e-01	1.320e-01	1.235e-01	1.430e-01	1.355e-01	1.276e-01	1.413e-01	1.319e-01	1.214e-01	1.390e-01
4.160e+04	9.792e-02	7.764e-02	1.274e-01	1.142e-01	9.112e-02	1.478e-01	1.117e-01	8.452e-02	1.277e-01	1.320e-01	1.225e-01	1.426e-01	1.355e-01	1.274e-01	1.415e-01	1.323e-01	1.214e-01	1.390e-01
4.170e+04	9.792e-02	7.764e-02	1.274e-01	1.142e-01	9.112e-02	1.478e-01	1.127e-01	8.452e-02	1.277e-01	1.320e-01	1.225e-01	1.426e-01	1.355e-01	1.274e-01	1.415e-01	1.323e-01	1.214e-01	1.394e-01
4.180e+04	9.752e-02	7.701e-02	1.274e-01	1.142e-01	9.080e-02	1.485e-01	1.127e-01	8.452e-02	1.280e-01	1.320e-01	1.225e-01	1.426e-01	1.355e-01	1.276e-01	1.415e-01	1.323e-01	1.205e-01	1.394e-01
4.190e+04	9.709e-02	7.711e-02	1.261e-01	1.142e-01	9.045e-02	1.478e-01	1.127e-01	8.452e-02	1.280e-01	1.320e-01	1.211e-01	1.437e-01	1.355e-01	1.276e-01	1.420e-01	1.323e-01	1.203e-01	1.394e-01
4.200e+04	9.709e-02	7.552e-02	1.261e-01	1.142e-01	9.045e-02	1.478e-01	1.132e-01	8.452e-02	1.280e-01	1.320e-01	1.211e-01	1.426e-01	1.355e-01	1.270e-01	1.420e-01	1.323e-01	1.203e-01	1.394e-01
4.210e+04	9.752e-02	7.488e-02	1.274e-01	1.142e-01	9.008e-02	1.478e-01	1.132e-01	8.452e-02	1.280e-01	1.320e-01	1.211e-01	1.426e-01	1.355e-01	1.270e-01	1.413e-01	1.323e-01	1.203e-01	1.394e-01
4.220e+04	9.752e-02	7.498e-02	1.274e-01	1.142e-01	9.008e-02	1.478e-01	1.119e-01	8.452e-02	1.267e-01	1.330e-01	1.211e-01	1.422e-01	1.349e-01	1.270e-01	1.413e-01	1.323e-01	1.203e-01	1.404e-01
4.230e+04	9.792e-02	7.498e-02	1.270e-01	1.127e-01	9.062e-02	1.478e-01	1.119e-01	8.452e-02	1.267e-01	1.330e-01	1.211e-01	1.422e-01	1.355e-01	1.270e-01	1.417e-01	1.323e-01	1.246e-01	1.404e-01
4.240e+04	9.792e-02	7.498e-02	1.278e-01	1.127e-01	9.062e-02	1.482e-01	1.120e-01	8.482e-02	1.267e-01	1.340e-01	1.230e-01	1.422e-01	1.357e-01	1.270e-01	1.417e-01	1.323e-01	1.242e-01	1.404e-01
4.250e+04	9.792e-02	7.498e-02	1.278e-01	1.129e-01	9.108e-02	1.482e-01	1.110e-01	8.482e-02	1.286e-01	1.340e-01	1.225e-01	1.422e-01	1.357e-01	1.264e-01	1.421e-01	1.323e-01	1.234e-01	1.404e-01
4.260e+04	9.792e-02	7.498e-02	1.278e-01	1.129e-01	9.108e-02	1.442e-01	1.110e-01	8.482e-02	1.286e-01	1.340e-01	1.225e-01	1.422e-01	1.348e-01	1.264e-01	1.428e-01	1.323e-01	1.234e-01	1.404e-01
4.270e+04	9.792e-02	7.498e-02	1.278e-01	1.129e-01	9.108e-02	1.442e-01	1.110e-01	8.482e-02	1.286e-01	1.340e-01	1.224e-01	1.422e-01	1.348e-01	1.261e-01	1.428e-01	1.323e-01	1.221e-01	1.404e-01
4.280e+04	9.792e-02	7.498e-02	1.278e-01	1.129e-01	9.108e-02	1.467e-01	1.110e-01	8.482e-02	1.286e-01	1.340e-01	1.224e-01	1.438e-01	1.348e-01	1.261e-01	1.428e-01	1.323e-01	1.221e-01	1.404e-01
4.290e+04	9.792e-02	7.602e-02	1.261e-01	1.129e-01	9.108e-02	1.460e-01	1.114e-01	8.482e-02	1.286e-01	1.335e-01	1.224e-01	1.438e-01	1.351e-01	1.261e-01	1.428e-01	1.323e-01	1.221e-01	1.404e-01
4.300e+04	9.792e-02	7.498e-02	1.261e-01	1.129e-01	9.108e-02	1.451e-01	1.114e-01	8.482e-02	1.286e-01	1.340e-01	1.224e-01	1.438e-01	1.351e-01	1.261e-01	1.424e-01	1.323e-01	1.221e-01	1.404e-01
4.310e+04	9.792e-02	7.488e-02	1.261e-01	1.129e-01	9.108e-02	1.451e-01	1.095e-01	8.482e-02	1.286e-01	1.340e-01	1.224e-01	1.438e-01	1.352e-01	1.261e-01	1.424e-01	1.329e-01	1.218e-01	1.404e-01
4.320e+04	9.622e-02	7.488e-02	1.261e-01	1.129e-01	9.108e-02	1.451e-01	1.110e-01	8.482e-02	1.274e-01	1.340e-01	1.224e-01	1.430e-01	1.353e-01	1.261e-01	1.424e-01	1.329e-01	1.218e-01	1.404e-01
4.330e+04	9.583e-02	7.488e-02	1.261e-01	1.129e-01	9.108e-02	1.451e-01	1.110e-01	8.482e-02	1.286e-01	1.340e-01	1.224e-01	1.430e-01	1.351e-01	1.261e-01	1.424e-01	1.329e-01	1.221e-01	1.404e-01
4.340e+04	9.659e-02	7.498e-02	1.261e-01	1.129e-01	8.878e-02	1.451e-01	1.110e-01	8.482e-02	1.248e-01	1.340e-01	1.217e-01	1.430e-01	1.353e-01	1.261e-01	1.424e-01	1.323e-01	1.221e-01	1.404e-01
4.350e+04	9.659e-02	7.606e-02	1.261e-01	1.129e-01	8.878e-02	1.451e-01	1.110e-01	8.482e-02	1.245e-01	1.340e-01	1.219e-01	1.430e-01	1.353e-01	1.261e-01	1.420e-01	1.323e-01	1.221e-01	1.404e-01
4.360e+04	9.659e-02	7.606e-02	1.258e-01	1.129e-01	8.878e-02	1.437e-01	1.110e-01	8.385e-02	1.245e-01	1.335e-01	1.217e-01	1.430e-01	1.351e-01	1.261e-01	1.420e-01	1.323e-01	1.221e-01	1.418e-01
4.370e+04	9.482e-02	7.606e-02	1.258e-01	1.129e-01	8.878e-02	1.437e-01	1.109e-01	8.385e-02	1.245e-01	1.335e-01	1.217e-01	1.430e-01	1.351e-01	1.262e-01	1.422e-01	1.329e-01	1.218e-01	1.418e-01
4.380e+04	9.622e-02	7.606e-02	1.258e-01	1.129e-01	8.878e-02	1.437e-01	1.109e-01	8.385e-02	1.245e-01	1.335e-01	1.217e-01	1.430e-01	1.351e-01	1.262e-01	1.422e-01	1.329e-01	1.218e-01	1.418e-01
4.390e+04	9.482e-02	7.606e-02	1.258e-01	1.129e-01	8.873e-02	1.424e-01	1.095e-01	8.250e-02	1.245e-01	1.335e-01	1.217e-01	1.438e-01	1.351e-01	1.262e-01	1.438e-01	1.329e-01	1.218e-01	1.428e-01
4.400e+04	9.447e-02	7.606e-02	1.249e-01	1.129e-01	8.873e-02	1.424e-01	1.095e-01	8.240e-02	1.245e-01	1.334e-01	1.217e-01	1.438e-01	1.351e-01	1.262e-01	1.438e-01	1.329e-01	1.218e-01	1.404e-01
4.410e+04	9.482e-02	7.681e-02	1.249e-01	1.132e-01	8.878e-02	1.431e-01	1.095e-01	8.240e-02	1.248e-01	1.330e-01	1.217e-01	1.438e-01	1.346e-01	1.261e-01	1.438e-01	1.329e-01	1.218e-01	1.404e-01
4.420e+04	9.482e-02	7.660e-02	1.247e-01	1.132e-01	8.972e-02	1.431e-01	1.095e-01	8.240e-02	1.248e-01	1.330e-01	1.208e-01	1.438e-01	1.346e-01	1.261e-01	1.438e-01	1.329e-01	1.211e-01	1.399e-01
4.430e+04	9.482e-02	7.753e-02	1.247e-01	1.132e-01	8.972e-02	1.431e-01	1.095e-01	8.240e-02	1.248e-01	1.322e-01	1.234e-01	1.438e-01	1.346e-01	1.261e-01	1.438e-01	1.334e-01	1.211e-01	1.399e-01
4.440e+04	9.482e-02	7.753e-02	1.247e-01	1.095e-01	8.972e-02	1.438e-01	1.103e-01	8.240e-02	1.248e-01	1.322e-01	1.234e-01	1.440e-01	1.346e-01	1.261e-01	1.438e-01	1.334e-01	1.211e-01	1.399e-01
4.450e+04	9.482e-02	7.753e-02	1.249e-01	1.095e-01	8.972e-02	1.438e-01	1.111e-01	8.240e-02	1.258e-01	1.325e-01	1.234e-01	1.438e-01	1.346e-01	1.261e-01	1.439e-01	1.334e-01	1.211e-01	1.399e-01
4.460e+04	9.482e-02	7.753e-02	1.246e-01	1.095e-01	8.972e-02	1.438e-01	1.101e-01	8.268e-02	1.258e-01	1.325e-01	1.245e-01	1.438e-01	1.346e-01	1.261e-01	1.439e-01	1.334e-01	1.202e-01	1.399e-01
4.470e+04	9.482e-02	7.753e-02	1.246e-01	1.095e-01	8.972e-02	1.423e-01	1.101e-01	8.268e-02	1.256e-01	1.325e-01	1.245e-01	1.438e-01	1.346e-01	1.261e-01	1.439e-01	1.329e-01	1.202e-01	1.399e-01
4.480e+04	9.482e-02	7.764e-02	1.246e-01	1.095e-01	8.947e-02	1.418e-01	1.101e-01	8.268e-02	1.256e-01	1.325e-01	1.245e-01	1.438e-01	1.346e-01	1.261e-01	1.439e-01	1.329e-01	1.202e-01	1.403e-01
4.490e+04	9.482e-02	7.753e-02	1.246e-01	1.102e-01	8.947e-02	1.383e-01	1.121e-01	7.991e-02	1.236e-01	1.319e-01	1.241e-01	1.438e-01	1.351e-01	1.261e-01	1.451e-01	1.329e-01	1.202e-01	1.403e-01
4.500e+04	9.300e-02	7.753e-02	1.246e-01	1.102e-01	8.918e-02	1.383e-01	1.101e-01	7.991e-02	1.219e-01	1.319e-01	1.241e-01	1.438e-01	1.351e-01	1.261e-01	1.438e-01	1.329e-01	1.202e-01	1.403e-01
4.510e+04	9.112e-02	7.753e-02	1.246e-01	1.102e-01	8.888e-02	1.383e-01	1.101e-01	7.991e-02	1.219e-01	1.319e-01	1.241e-01	1.438e-01	1.351e-01	1.261e-01	1.438e-01	1.325e-01	1.199e-01	1.403e-01
4.520e+04	9.112e-02	7.764e-02	1.246e-01	1.088e-01	8.972e-02	1.383e-01	1.101e-01	7.991e-02	1.184e-01	1.319e-01	1.241e-01	1.438e-01	1.351e-01	1.261e-01	1.438e-01	1.325e-01	1.199e-01	1.403e-01
4.530e+04	9.080e-02	7.920e-02	1.248e-01	1.088e-01	8.972e-02	1.383e-01	1.110e-01	7.991e-02	1.178e-01	1.319e-01	1.241e-01	1.438e-01	1.354e-01	1.261e-01	1.452e-01	1.325e-01	1.199e-01	1.403e-01
4.540e+04	9.142e-02	7.920e-02	1.248e-01	1.088e-01	8.996e-02	1.383e-01	1.110e-01	8.294e-02	1.175e-01	1.319e-01	1.235e-01	1.438e-01	1.351e-01	1.261e-01	1.452e-01	1.325e-01	1.199e-01	1.403e-01
4.550e+04	9.080e-02	7.920e-02	1.248e-01	1.088e-01	8.996e-02	1.366e-01	1.099e-01	8.294e-02	1.174e-01	1.319e-01	1.235e-01	1.438e-01	1.351e-01	1.261e-01	1.452e-01	1.325e-01	1.199e-01	1.403e-01
4.560e+04	9.045e-02	7.920e-02	1.248e-01	1.088e-01	8.996e-02	1.366e-01	1.090e-01	8.140e-02	1.182e-01	1.317e-01	1.235e-01	1.426e-01	1.351e-01	1.261e-01	1.440e-01	1.334e-01	1.199e-01	1.403e-01
4.570e+04	9.045e-02	7.920e-02	1.250e-01	1.088e-01	8.996e-02	1.366e-01	1.090e-01	8.140e-02	1.182e-01	1.317e-01	1.235e-01	1.442e-01	1.351e-01	1.230e-01	1.440e-01	1.334e-01	1.199e-01	1.403e-01
4.580e+04	9.045e-02	7.920e-02	1.262e-01	1.090e-01	8.972e-02	1.366e-01	1.090e-01	8.140e-02	1.182e-01	1.317e-01	1.235e-01	1.442e-01	1.332e-01	1.230e-01	1.440e-01	1.334e-01	1.211e-01	1.403e-01
4.590e+04	9.045e-02	7.920e-02	1.264e-01	1.090e-01	8.972e-02	1.359e-01	1.090e-01	8.140e-02	1.198e-01	1.325e-01	1.238e-01	1.444e-01	1.332e-01	1.240e-01	1.440e-01	1.321e-01	1.199e-01	1.403e-01
4.600e+04	9.080e-02	7.822e-02	1.264e-01	1.090e-01	8.972e-02	1.359e-01	1.090e-01	8.020e-02	1.198e-01	1.325e-01	1.238e-01	1.444e-01	1.337e-01	1.240e-01	1.441e-01	1.321e-01	1.199e-01	1.403e-01
4.610e+04	9.080e-02	7.822e-02	1.264e-01	1.090e-01	8.972e-02	1.362e-01	1.090e-01	8.020e-02	1.198e-01	1.330e-01	1.238e-01	1.444e-01	1.337e-01	1.240e-01	1.441e-01	1.321e-01	1.199e-01	1.403e-01
4.620e+04	9.080e-02	7.822e-02	1.272e-01	1.084e-01	8.947e-02	1.362e-01	1.078e-01	8.020e-02	1.198e-01	1.330e-01	1.230e-01	1.444e-01	1.330e-01	1.240e-01	1.441e-01	1.321e-01	1.199e-01	1.403e-01
4.630e+04	9.112e-02	7.764e-02	1.267e-01	1.092e-01	8.657e-02	1.362e-01	1.078e-01	8.020e-02	1.214e-01	1.330e-01	1.230e-01	1.444e-01	1.330e-01	1.234e-01	1.441e-01	1.321e-01	1.201e-01	1.383e-01
4.640e+04	9.112e-02	7.764e-02	1.266e-01	1.092e-01	8.657e-02	1.362e-01	1.078e-01	7.701e-02	1.211e-01	1.319e-01	1.226e-01	1.444e-01	1.330e-01	1.234e-01	1.441e-01	1.321e-01	1.201e-01	1.383e-01
4.650e+04	9.112e-02	7.857e-02	1.246e-01	1.092e-01	8.652e-02	1.351e-01	1.078e-01	7.701e-02	1.211e-01	1.319e-01	1.226e-01	1.444e-01	1.330e-01	1.234e-01	1.441e-01	1.321e-01	1.201e-01	1.383e-01
4.660e+04	9.112e-02	7.857e-02	1.242e-01	1.084e-01	8.652e-02	1.351e-01	1.084e-01	7.701e-02	1.211e-01	1.314e-01	1.226e-01	1.444e-01	1.330e-01	1.234e-01	1.441e-01	1.321e-01	1.196e-01	1.383e-01
4.670e+04	9.112e-02	7.920e-02	1.242e-01	1.074e-01	8.652e-02	1.332e-01	1.084e-01	7.701e-02	1.211e-01	1.314e-01	1.227e-01	1.444e-01	1.330e-01	1.254e-01	1.441e-01	1.321e-01	1.192e-01	1.383e-01
4.680e+04	9.112e-02	7.920e-02	1.242e-01	1.074e-01	8.652e-02	1.327e-01	1.084e-01	7.701e-02	1.225e-01	1.314e-01	1.230e-01	1.445e-01	1.330e-01	1.254e-01	1.441e-01	1.321e-01	1.192e-01	1.383e-01
4.690e+04	9.112e-02	7.920e-02	1.242e-01	1.074e-01	8.652e-02	1.342e-01	1.084e-01	7.701e-02	1.240e-01	1.314e-01	1.230e-01	1.445e-01	1.334e-01	1.254e-01	1.441e-01	1.321e-01	1.192e-01	1.383e-01
4.700e+04	9.142e-02	7.920e-02	1.242e-01	1.074e-01	8.652e-02	1.342e-01	1.084e-01	7.701e-02	1.240e-01	1.302e-01	1.230e-01	1.445e-01	1.334e-01	1.219e-01	1.441e-01	1.321e-01	1.192e-01	1.386e-01
4.710e+04	9.142e-02	7.920e-02	1.242e-01	1.077e-01	8.652e-02	1.357e-01	1.084e-01	7.701e-02	1.240e-01	1.302e-01	1.230e-01	1.432e-01	1.349e-01	1.219e-01	1.441e-01	1.321e-01	1.192e-01	1.386e-01
4.720e+04	9.142e-02	7.920e-02	1.238e-01	1.077e-01	8.652e-02	1.357e-01	1.084e-01	7.701e-02	1.240e-01	1.302e-01	1.230e-01	1.432e-01	1.362e-01	1.215e-01	1.441e-01	1.321e-01	1.196e-01	1.386e-01
4.730e+04	9.142e-02	7.857e-02	1.238e-01	1.077e-01	8.652e-02	1.357e-01	1.084e-01	7.701e-02	1.253e-01	1.289e-01	1.230e-01	1.432e-01	1.362e-01	1.215e-01	1.441e-01	1.321e-01	1.196e-01	1.386e-01
4.740e+04	9.142e-02	7.857e-02	1.238e-01	1.087e-01	8.652e-02	1.357e-01	1.084e-01	7.701e-02	1.267e-01	1.289e-01	1.230e-01	1.432e-01	1.362e-01	1.215e-01	1.466e-01	1.321e-01	1.196e-01	1.386e-01
4.750e+04	9.142e-02	7.857e-02	1.238e-01	1.087e-01	8.787e-02	1.357e-01	1.084e-01	7.701e-02	1.267e-01	1.289e-01	1.230e-01	1.432e-01	1.362e-01	1.215e-01	1.466e-01	1.321e-01	1.196e-01	1.386e-01
4.760e+04	9.332e-02	7.796e-02	1.238e-01	1.111e-01	8.787e-02	1.357e-01	1.084e-01	7.701e-02	1.269e-01	1.289e-01	1.230e-01	1.432e-01	1.362e-01	1.215e-01	1.466e-01	1.321e-01	1.196e-01	1.386e-01
4.770e+04	9.332e-02	7.796e-02	1.238e-01	1.111e-01	8.648e-02	1.357e-01	1.084e-01	7.701e-02	1.271e-01	1.289e-01	1.249e-01	1.432e-01	1.362e-01	1.215e-01	1.466e-01	1.321e-01	1.196e-01	1.386e-01
4.780e+04	9.361e-02	7.796e-02	1.238e-01	1.111e-01	8.652e-02	1.371e-01	1.078e-01	7.701e-02	1.271e-01	1.289e-01	1.249e-01	1.432e-01	1.355e-01	1.215e-01	1.466e-01	1.321e-01	1.205e-01	1.386e-01
4.790e+04	9.332e-02	7.857e-02	1.238e-01	1.109e-01	8.652e-02	1.371e-01	1.078e-01	7.701e-02	1.258e-01	1.289e-01	1.253e-01	1.432e-01	1.338e-01	1.215e-01	1.466e-01	1.321e-01	1.205e-01	1.386e-01
4.800e+04	9.332e-02	7.857e-02	1.238e-01	1.109e-01	8.648e-02	1.371e-01	1.078e-01	7.701e-02	1.258e-01	1.289e-01	1.253e-01	1.432e-01	1.338e-01	1.215e-01	1.466e-01	1.321e-01	1.205e-01	1.386e-01
4.810e+04	9.332e-02	7.908e-02	1.238e-01	1.109e-01	8.510e-02	1.371e-01	1.078e-01	7.701e-02	1.258e-01	1.289e-01	1.253e-01	1.432e-01	1.338e-01	1.215e-01	1.466e-01	1.321e-01	1.205e-01	1.386e-01
4.820e+04	9.332e-02	7.908e-02	1.238e-01	1.119e-01	8.510e-02	1.371e-01	1.078e-01	7.701e-02	1.258e-01	1.289e-01	1.238e-01	1.432e-01	1.338e-01	1.215e-01	1.466e-01	1.321e-01	1.205e-01	1.386e-01
4.830e+04	9.332e-02	7.908e-02	1.238e-01	1.128e-01	8.510e-02	1.371e-01	1.078e-01	7.701e-02	1.258e-01	1.286e-01	1.238e-01	1.432e-01	1.338e-01	1.215e-01	1.466e-01	1.321e-01	1.203e-01	1.386e-01
4.840e+04	9.300e-02	7.915e-02	1.233e-01	1.128e-01	8.510e-02	1.378e-01	1.078e-01	7.701e-02	1.258e-01	1.286e-01	1.234e-01	1.432e-01	1.338e-01	1.215e-01	1.476e-01	1.321e-01	1.202e-01	1.386e-01
4.850e+04	9.300e-02	7.857e-02	1.230e-01	1.129e-01	8.601e-02	1.378e-01	1.078e-01	7.701e-02	1.258e-01	1.286e-01	1.230e-01	1.432e-01	1.338e-01	1.215e-01	1.466e-01	1.321e-01	1.192e-01	1.401e-01
4.860e+04	9.332e-02	7.915e-02	1.226e-01	1.129e-01	8.601e-02	1.378e-01	1.072e-01	7.701e-02	1.242e-01	1.286e-01	1.230e-01	1.432e-01	1.338e-01	1.215e-01	1.466e-01	1.321e-01	1.192e-01	1.401e-01
4.870e+04	9.332e-02	7.915e-02	1.211e-01	1.129e-01	8.601e-02	1.378e-01	1.072e-01	7.701e-02	1.242e-01	1.286e-01	1.230e-01	1.432e-01	1.338e-01	1.215e-01	1.466e-01	1.321e-01	1.192e-01	1.401e-01
4.880e+04	9.332e-02	7.915e-02	1.222e-01	1.111e-01	8.601e-02	1.378e-01	1.072e-01	7.701e-02	1.228e-01	1.286e-01	1.230e-01	1.432e-01	1.338e-01	1.215e-01	1.466e-01	1.325e-01	1.184e-01	1.401e-01
4.890e+04	9.332e-02	7.915e-02	1.222e-01	1.111e-01	8.601e-02	1.376e-01	1.065e-01	7.701e-02	1.246e-01	1.286e-01	1.230e-01	1.432e-01	1.336e-01	1.215e-01	1.466e-01	1.325e-01	1.184e-01	1.415e-01
4.900e+04	9.170e-02	7.915e-02	1.171e-01	1.110e-01	8.510e-02	1.376e-01	1.065e-01	7.701e-02	1.246e-01	1.288e-01	1.224e-01	1.432e-01	1.338e-01	1.215e-01	1.482e-01	1.325e-01	1.184e-01	1.415e-01
4.910e+04	9.170e-02	7.915e-02	1.157e-01	1.110e-01	8.510e-02	1.376e-01	1.065e-01	7.701e-02	1.246e-01	1.288e-01	1.224e-01	1.432e-01	1.338e-01	1.215e-01	1.468e-01	1.325e-01	1.184e-01	1.415e-01
4.920e+04	9.170e-02	7.915e-02	1.157e-01	1.109e-01	8.510e-02	1.376e-01	1.065e-01	7.701e-02	1.232e-01	1.288e-01	1.224e-01	1.432e-01	1.334e-01	1.215e-01	1.466e-01	1.325e-01	1.184e-01	1.415e-01
4.930e+04	9.170e-02	7.915e-02	1.159e-01	1.109e-01	8.601e-02	1.376e-01	1.065e-01	7.701e-02	1.232e-01	1.297e-01	1.222e-01	1.432e-01	1.334e-01	1.215e-01	1.466e-01	1.325e-01	1.184e-01	1.413e-01
4.940e+04	9.170e-02	7.908e-02	1.145e-01	1.108e-01	8.601e-02	1.376e-01	1.040e-01	7.602e-02	1.232e-01	1.297e-01	1.221e-01	1.432e-01	1.334e-01	1.215e-01	1.460e-01	1.325e-01	1.191e-01	1.413e-01
4.950e+04	9.170e-02	7.606e-02	1.145e-01	1.092e-01	8.601e-02	1.376e-01	1.040e-01	7.602e-02	1.232e-01	1.293e-01	1.221e-01	1.432e-01	1.338e-01	1.215e-01	1.460e-01	1.325e-01	1.191e-01	1.413e-01
4.960e+04	9.170e-02	7.606e-02	1.145e-01	1.091e-01	8.633e-02	1.376e-01	1.040e-01	7.602e-02	1.232e-01	1.288e-01	1.221e-01	1.432e-01	1.340e-01	1.215e-01	1.460e-01	1.325e-01	1.195e-01	1.413e-01
4.970e+04	9.170e-02	7.552e-02	1.144e-01	1.091e-01	8.623e-02	1.376e-01	1.040e-01	7.602e-02	1.232e-01	1.288e-01	1.221e-01	1.432e-01	1.340e-01	1.215e-01	1.452e-01	1.325e-01	1.191e-01	1.413e-01
4.980e+04	9.195e-02	7.552e-02	1.144e-01	1.091e-01	8.623e-02	1.386e-01	1.040e-01	7.444e-02	1.215e-01	1.288e-01	1.221e-01	1.432e-01	1.340e-01	1.215e-01	1.452e-01	1.325e-01	1.190e-01	1.403e-01
4.990e+04	9.195e-02	7.552e-02	1.144e-01	1.091e-01	8.623e-02	1.374e-01	1.040e-01	7.391e-02	1.215e-01	1.297e-01	1.222e-01	1.432e-01	1.340e-01	1.215e-01	1.452e-01	1.325e-01	1.190e-01	1.413e-01
5.000e+04	9.170e-02	7.552e-02	1.144e-01	1.091e-01	8.610e-02	1.341e-01	1.040e-01	7.391e-02	1.215e-01	1.297e-01	1.222e-01	1.421e-01	1.340e-01	1.215e-01	1.452e-01	1.337e-01	1.190e-01	1.413e-01
