n.evals.q.1.0.	_.vs.4.nav.e_maze.ga.pleiotropy.1.0.all.each.global.pleiotropy.sd	_.vs.4.nav.e_maze.ga.pleiotropy.1.0.all.each.global.pleiotropy.sd.min	_.vs.4.nav.e_maze.ga.pleiotropy.1.0.all.each.global.pleiotropy.sd.max	_.vs.4.nav.e_maze.ga.pleiotropy.1.0.unique.all.each.global.pleiotropy.sd	_.vs.4.nav.e_maze.ga.pleiotropy.1.0.unique.all.each.global.pleiotropy.sd.min	_.vs.4.nav.e_maze.ga.pleiotropy.1.0.unique.all.each.global.pleiotropy.sd.max	_.vs.4.nav.e_maze.ga.pleiotropy.1.0.sequential.all.each.global.pleiotropy.sd	_.vs.4.nav.e_maze.ga.pleiotropy.1.0.sequential.all.each.global.pleiotropy.sd.min	_.vs.4.nav.e_maze.ga.pleiotropy.1.0.sequential.all.each.global.pleiotropy.sd.max	_.vs.4.nav.y_maze.ga.pleiotropy.1.0.all.each.global.pleiotropy.sd	_.vs.4.nav.y_maze.ga.pleiotropy.1.0.all.each.global.pleiotropy.sd.min	_.vs.4.nav.y_maze.ga.pleiotropy.1.0.all.each.global.pleiotropy.sd.max	_.vs.4.nav.y_maze.ga.pleiotropy.1.0.unique.all.each.global.pleiotropy.sd	_.vs.4.nav.y_maze.ga.pleiotropy.1.0.unique.all.each.global.pleiotropy.sd.min	_.vs.4.nav.y_maze.ga.pleiotropy.1.0.unique.all.each.global.pleiotropy.sd.max	_.vs.4.nav.y_maze.ga.pleiotropy.1.0.sequential.all.each.global.pleiotropy.sd	_.vs.4.nav.y_maze.ga.pleiotropy.1.0.sequential.all.each.global.pleiotropy.sd.min	_.vs.4.nav.y_maze.ga.pleiotropy.1.0.sequential.all.each.global.pleiotropy.sd.max
1.000e+02	5.334e-02	5.104e-02	5.641e-02	0.000e+00	0.000e+00	0.000e+00	0.000e+00	0.000e+00	0.000e+00	5.334e-02	5.104e-02	5.641e-02	0.000e+00	0.000e+00	0.000e+00	0.000e+00	0.000e+00	0.000e+00
2.000e+02	5.455e-02	5.152e-02	5.609e-02	1.816e-01	1.785e-01	1.842e-01	1.833e-01	1.795e-01	1.855e-01	5.380e-02	5.023e-02	5.605e-02	1.826e-01	1.804e-01	1.847e-01	1.817e-01	1.794e-01	1.843e-01
3.000e+02	5.246e-02	5.113e-02	5.717e-02	1.792e-01	1.756e-01	1.814e-01	1.785e-01	1.745e-01	1.825e-01	5.251e-02	5.021e-02	5.635e-02	1.787e-01	1.749e-01	1.831e-01	1.800e-01	1.760e-01	1.830e-01
4.000e+02	5.255e-02	4.944e-02	5.569e-02	1.716e-01	1.663e-01	1.744e-01	1.699e-01	1.653e-01	1.733e-01	5.418e-02	5.047e-02	5.641e-02	1.697e-01	1.652e-01	1.728e-01	1.691e-01	1.632e-01	1.752e-01
5.000e+02	5.421e-02	4.991e-02	5.819e-02	1.626e-01	1.568e-01	1.663e-01	1.625e-01	1.522e-01	1.692e-01	5.384e-02	5.185e-02	5.803e-02	1.602e-01	1.508e-01	1.649e-01	1.580e-01	1.532e-01	1.698e-01
6.000e+02	5.295e-02	5.102e-02	5.653e-02	1.532e-01	1.477e-01	1.601e-01	1.561e-01	1.466e-01	1.647e-01	5.323e-02	5.136e-02	5.677e-02	1.542e-01	1.459e-01	1.583e-01	1.520e-01	1.452e-01	1.646e-01
7.000e+02	5.282e-02	5.104e-02	5.697e-02	1.483e-01	1.410e-01	1.537e-01	1.475e-01	1.405e-01	1.589e-01	5.408e-02	5.096e-02	5.647e-02	1.463e-01	1.400e-01	1.525e-01	1.452e-01	1.377e-01	1.548e-01
8.000e+02	5.363e-02	5.059e-02	5.608e-02	1.435e-01	1.372e-01	1.481e-01	1.447e-01	1.315e-01	1.521e-01	5.418e-02	5.203e-02	5.747e-02	1.393e-01	1.338e-01	1.475e-01	1.366e-01	1.308e-01	1.447e-01
9.000e+02	5.446e-02	5.070e-02	5.716e-02	1.376e-01	1.302e-01	1.425e-01	1.378e-01	1.275e-01	1.442e-01	5.355e-02	5.220e-02	5.717e-02	1.341e-01	1.278e-01	1.446e-01	1.323e-01	1.266e-01	1.442e-01
1.000e+03	5.494e-02	5.040e-02	5.699e-02	1.341e-01	1.256e-01	1.396e-01	1.322e-01	1.190e-01	1.403e-01	5.467e-02	5.240e-02	5.570e-02	1.279e-01	1.254e-01	1.398e-01	1.319e-01	1.241e-01	1.402e-01
1.100e+03	5.421e-02	5.049e-02	5.709e-02	1.285e-01	1.216e-01	1.376e-01	1.237e-01	1.157e-01	1.373e-01	5.382e-02	5.222e-02	5.651e-02	1.281e-01	1.146e-01	1.403e-01	1.309e-01	1.202e-01	1.346e-01
1.200e+03	5.419e-02	5.151e-02	5.699e-02	1.235e-01	1.163e-01	1.322e-01	1.204e-01	1.137e-01	1.355e-01	5.452e-02	5.255e-02	5.661e-02	1.185e-01	1.122e-01	1.368e-01	1.241e-01	1.165e-01	1.320e-01
1.300e+03	5.443e-02	5.194e-02	5.673e-02	1.188e-01	1.138e-01	1.283e-01	1.184e-01	1.093e-01	1.323e-01	5.456e-02	5.266e-02	5.852e-02	1.147e-01	1.069e-01	1.298e-01	1.222e-01	1.146e-01	1.303e-01
1.400e+03	5.354e-02	5.166e-02	5.690e-02	1.180e-01	1.103e-01	1.259e-01	1.155e-01	1.101e-01	1.318e-01	5.480e-02	5.255e-02	5.790e-02	1.138e-01	1.031e-01	1.293e-01	1.208e-01	1.104e-01	1.281e-01
1.500e+03	5.373e-02	5.016e-02	5.645e-02	1.129e-01	1.057e-01	1.213e-01	1.144e-01	1.025e-01	1.303e-01	5.523e-02	5.231e-02	5.728e-02	1.124e-01	9.765e-02	1.276e-01	1.180e-01	1.094e-01	1.258e-01
1.600e+03	5.364e-02	4.961e-02	5.628e-02	1.118e-01	1.009e-01	1.209e-01	1.099e-01	1.022e-01	1.309e-01	5.502e-02	5.290e-02	5.820e-02	1.078e-01	9.696e-02	1.252e-01	1.143e-01	1.084e-01	1.228e-01
1.700e+03	5.445e-02	4.891e-02	5.549e-02	1.088e-01	9.768e-02	1.169e-01	1.095e-01	9.912e-02	1.269e-01	5.453e-02	5.266e-02	5.675e-02	1.075e-01	9.628e-02	1.247e-01	1.118e-01	1.052e-01	1.178e-01
1.800e+03	5.412e-02	4.970e-02	5.669e-02	1.092e-01	9.460e-02	1.149e-01	1.056e-01	9.691e-02	1.270e-01	5.446e-02	5.233e-02	5.546e-02	1.034e-01	9.426e-02	1.217e-01	1.111e-01	1.029e-01	1.184e-01
1.900e+03	5.323e-02	4.977e-02	5.641e-02	1.082e-01	9.471e-02	1.155e-01	1.060e-01	9.520e-02	1.225e-01	5.410e-02	5.205e-02	5.682e-02	1.033e-01	9.101e-02	1.179e-01	1.084e-01	9.760e-02	1.188e-01
2.000e+03	5.444e-02	4.921e-02	5.744e-02	1.035e-01	9.254e-02	1.124e-01	1.063e-01	9.488e-02	1.206e-01	5.374e-02	5.143e-02	5.629e-02	1.025e-01	9.019e-02	1.164e-01	1.096e-01	9.907e-02	1.166e-01
2.100e+03	5.404e-02	4.880e-02	5.740e-02	9.954e-02	8.871e-02	1.088e-01	1.003e-01	9.271e-02	1.199e-01	5.295e-02	5.183e-02	5.614e-02	9.925e-02	8.627e-02	1.166e-01	1.057e-01	9.477e-02	1.120e-01
2.200e+03	5.405e-02	4.877e-02	5.556e-02	9.849e-02	8.640e-02	1.067e-01	1.009e-01	8.881e-02	1.180e-01	5.433e-02	5.173e-02	5.602e-02	9.945e-02	8.446e-02	1.161e-01	9.992e-02	9.473e-02	1.131e-01
2.300e+03	5.439e-02	4.874e-02	5.645e-02	9.281e-02	8.400e-02	1.071e-01	1.014e-01	8.899e-02	1.146e-01	5.344e-02	5.143e-02	5.691e-02	9.813e-02	8.291e-02	1.149e-01	9.968e-02	9.081e-02	1.097e-01
2.400e+03	5.349e-02	4.937e-02	5.675e-02	9.177e-02	8.045e-02	1.049e-01	9.736e-02	8.830e-02	1.129e-01	5.306e-02	5.104e-02	5.659e-02	9.757e-02	8.080e-02	1.111e-01	9.809e-02	8.850e-02	1.074e-01
2.500e+03	5.349e-02	4.883e-02	5.691e-02	8.856e-02	7.805e-02	1.041e-01	9.705e-02	8.589e-02	1.138e-01	5.482e-02	5.083e-02	5.664e-02	9.795e-02	8.103e-02	1.110e-01	9.820e-02	8.718e-02	1.079e-01
2.600e+03	5.384e-02	4.884e-02	5.618e-02	8.587e-02	7.805e-02	1.015e-01	9.674e-02	8.500e-02	1.116e-01	5.468e-02	5.091e-02	5.621e-02	9.506e-02	8.101e-02	1.043e-01	9.790e-02	8.638e-02	1.064e-01
2.700e+03	5.319e-02	4.856e-02	5.763e-02	8.533e-02	7.541e-02	1.012e-01	9.537e-02	8.449e-02	1.087e-01	5.404e-02	5.096e-02	5.595e-02	9.318e-02	7.834e-02	1.045e-01	9.421e-02	8.582e-02	1.061e-01
2.800e+03	5.288e-02	4.893e-02	5.634e-02	8.326e-02	7.569e-02	1.005e-01	9.355e-02	8.249e-02	1.093e-01	5.408e-02	5.094e-02	5.703e-02	9.333e-02	7.833e-02	1.004e-01	9.409e-02	8.608e-02	1.008e-01
2.900e+03	5.340e-02	4.782e-02	5.695e-02	8.318e-02	7.248e-02	9.939e-02	9.122e-02	7.483e-02	1.088e-01	5.319e-02	5.047e-02	5.579e-02	9.350e-02	7.729e-02	1.007e-01	9.433e-02	8.553e-02	9.997e-02
3.000e+03	5.307e-02	4.770e-02	5.677e-02	8.086e-02	7.223e-02	9.624e-02	8.848e-02	7.228e-02	1.057e-01	5.290e-02	5.067e-02	5.566e-02	8.903e-02	7.918e-02	1.017e-01	9.363e-02	8.448e-02	9.882e-02
3.100e+03	5.395e-02	4.782e-02	5.669e-02	8.044e-02	7.030e-02	9.529e-02	8.599e-02	7.791e-02	1.028e-01	5.299e-02	5.089e-02	5.548e-02	8.841e-02	7.371e-02	1.018e-01	9.334e-02	8.116e-02	9.824e-02
3.200e+03	5.388e-02	4.826e-02	5.686e-02	7.968e-02	6.836e-02	9.196e-02	8.571e-02	7.789e-02	1.033e-01	5.286e-02	5.087e-02	5.518e-02	8.885e-02	7.086e-02	9.941e-02	9.324e-02	8.003e-02	9.829e-02
3.300e+03	5.347e-02	4.782e-02	5.625e-02	7.828e-02	6.836e-02	8.941e-02	8.564e-02	7.813e-02	1.006e-01	5.316e-02	5.028e-02	5.559e-02	8.895e-02	7.153e-02	9.566e-02	9.241e-02	7.988e-02	9.587e-02
3.400e+03	5.336e-02	4.702e-02	5.662e-02	7.793e-02	6.832e-02	8.885e-02	8.620e-02	7.637e-02	1.028e-01	5.405e-02	4.985e-02	5.631e-02	8.451e-02	7.182e-02	9.607e-02	9.057e-02	7.872e-02	9.622e-02
3.500e+03	5.257e-02	4.739e-02	5.659e-02	7.537e-02	6.722e-02	8.871e-02	8.329e-02	7.040e-02	1.028e-01	5.319e-02	4.918e-02	5.550e-02	8.280e-02	7.032e-02	9.627e-02	8.796e-02	7.838e-02	9.567e-02
3.600e+03	5.187e-02	4.747e-02	5.595e-02	7.497e-02	6.620e-02	8.939e-02	8.275e-02	7.047e-02	1.026e-01	5.305e-02	4.905e-02	5.528e-02	8.105e-02	7.090e-02	9.645e-02	8.562e-02	7.617e-02	9.550e-02
3.700e+03	5.309e-02	4.762e-02	5.709e-02	7.497e-02	6.203e-02	8.937e-02	8.348e-02	6.953e-02	1.017e-01	5.376e-02	4.943e-02	5.540e-02	8.175e-02	7.113e-02	9.683e-02	8.630e-02	7.030e-02	9.433e-02
3.800e+03	5.271e-02	4.663e-02	5.860e-02	7.315e-02	6.235e-02	9.013e-02	8.788e-02	6.889e-02	9.719e-02	5.388e-02	5.025e-02	5.544e-02	7.935e-02	6.655e-02	9.654e-02	8.590e-02	7.102e-02	9.313e-02
3.900e+03	5.208e-02	4.629e-02	5.919e-02	7.025e-02	6.044e-02	9.067e-02	8.808e-02	6.818e-02	9.732e-02	5.398e-02	5.025e-02	5.555e-02	7.883e-02	6.698e-02	9.683e-02	8.598e-02	7.022e-02	9.303e-02
4.000e+03	5.273e-02	4.770e-02	5.801e-02	6.938e-02	6.031e-02	9.076e-02	8.394e-02	6.913e-02	9.771e-02	5.375e-02	5.016e-02	5.515e-02	8.067e-02	6.485e-02	9.683e-02	8.612e-02	6.781e-02	9.246e-02
4.100e+03	5.392e-02	4.793e-02	5.776e-02	6.909e-02	6.051e-02	9.125e-02	8.720e-02	6.808e-02	9.776e-02	5.412e-02	5.021e-02	5.494e-02	8.033e-02	6.485e-02	9.664e-02	8.586e-02	6.782e-02	9.246e-02
4.200e+03	5.364e-02	4.759e-02	5.704e-02	6.909e-02	5.725e-02	9.074e-02	8.659e-02	6.825e-02	9.804e-02	5.375e-02	4.936e-02	5.680e-02	7.671e-02	6.531e-02	9.465e-02	8.536e-02	6.755e-02	8.941e-02
4.300e+03	5.400e-02	4.747e-02	5.667e-02	6.857e-02	5.652e-02	8.413e-02	7.712e-02	6.829e-02	9.423e-02	5.335e-02	4.976e-02	5.536e-02	7.771e-02	6.460e-02	9.399e-02	8.482e-02	6.778e-02	8.925e-02
4.400e+03	5.371e-02	4.712e-02	5.677e-02	6.703e-02	5.685e-02	8.511e-02	7.738e-02	6.893e-02	9.364e-02	5.347e-02	4.942e-02	5.476e-02	7.777e-02	6.463e-02	9.233e-02	8.324e-02	6.505e-02	8.798e-02
4.500e+03	5.390e-02	4.712e-02	5.675e-02	6.599e-02	5.660e-02	8.561e-02	7.640e-02	6.760e-02	9.345e-02	5.382e-02	4.980e-02	5.529e-02	7.777e-02	6.520e-02	9.095e-02	8.298e-02	6.505e-02	8.808e-02
4.600e+03	5.388e-02	4.633e-02	5.693e-02	6.574e-02	5.635e-02	8.550e-02	7.708e-02	6.754e-02	9.462e-02	5.359e-02	4.986e-02	5.529e-02	7.750e-02	6.385e-02	9.051e-02	7.852e-02	6.505e-02	8.734e-02
4.700e+03	5.347e-02	4.633e-02	5.675e-02	6.557e-02	5.661e-02	8.640e-02	7.456e-02	6.748e-02	9.467e-02	5.368e-02	4.933e-02	5.546e-02	7.639e-02	6.385e-02	9.051e-02	7.811e-02	6.554e-02	8.735e-02
4.800e+03	5.371e-02	4.596e-02	5.798e-02	6.537e-02	5.716e-02	8.663e-02	7.440e-02	6.740e-02	9.428e-02	5.313e-02	4.961e-02	5.542e-02	7.545e-02	6.372e-02	9.057e-02	7.798e-02	6.406e-02	8.693e-02
4.900e+03	5.364e-02	4.610e-02	5.650e-02	6.545e-02	5.703e-02	8.134e-02	7.481e-02	6.713e-02	9.530e-02	5.340e-02	4.998e-02	5.604e-02	7.589e-02	6.368e-02	9.111e-02	7.824e-02	6.435e-02	8.685e-02
5.000e+03	5.342e-02	4.590e-02	5.644e-02	6.537e-02	5.638e-02	8.047e-02	7.256e-02	6.570e-02	9.417e-02	5.360e-02	5.007e-02	5.604e-02	7.610e-02	6.185e-02	9.115e-02	7.836e-02	6.435e-02	8.685e-02
5.100e+03	5.320e-02	4.716e-02	5.700e-02	6.376e-02	5.641e-02	8.033e-02	7.189e-02	6.534e-02	9.320e-02	5.387e-02	5.080e-02	5.620e-02	7.584e-02	6.282e-02	8.918e-02	7.653e-02	6.298e-02	8.628e-02
5.200e+03	5.320e-02	4.677e-02	5.713e-02	6.400e-02	5.594e-02	7.966e-02	7.227e-02	6.438e-02	9.015e-02	5.342e-02	4.998e-02	5.622e-02	7.501e-02	6.299e-02	9.015e-02	7.662e-02	6.181e-02	8.644e-02
5.300e+03	5.397e-02	4.719e-02	5.823e-02	6.471e-02	5.565e-02	7.750e-02	7.164e-02	6.414e-02	9.166e-02	5.301e-02	5.089e-02	5.626e-02	7.505e-02	6.291e-02	9.012e-02	7.738e-02	6.188e-02	8.635e-02
5.400e+03	5.410e-02	4.557e-02	5.832e-02	6.575e-02	5.461e-02	7.421e-02	7.164e-02	6.418e-02	8.953e-02	5.405e-02	5.070e-02	5.685e-02	7.505e-02	6.335e-02	8.993e-02	7.622e-02	6.520e-02	8.631e-02
5.500e+03	5.375e-02	4.601e-02	5.842e-02	6.547e-02	5.463e-02	7.384e-02	7.158e-02	6.364e-02	8.922e-02	5.355e-02	5.062e-02	5.617e-02	7.518e-02	6.022e-02	9.265e-02	7.619e-02	6.490e-02	8.522e-02
5.600e+03	5.440e-02	4.601e-02	5.724e-02	6.547e-02	5.516e-02	7.381e-02	7.161e-02	6.325e-02	8.892e-02	5.355e-02	5.067e-02	5.627e-02	7.505e-02	6.022e-02	8.466e-02	7.650e-02	6.495e-02	8.522e-02
5.700e+03	5.398e-02	4.574e-02	5.781e-02	6.481e-02	5.596e-02	7.324e-02	7.139e-02	6.325e-02	8.697e-02	5.361e-02	5.126e-02	5.576e-02	7.556e-02	5.995e-02	8.466e-02	7.705e-02	6.438e-02	8.373e-02
5.800e+03	5.452e-02	4.574e-02	5.787e-02	6.143e-02	5.611e-02	7.324e-02	7.150e-02	5.890e-02	8.697e-02	5.363e-02	5.096e-02	5.536e-02	7.570e-02	5.961e-02	8.349e-02	7.705e-02	6.476e-02	8.366e-02
5.900e+03	5.427e-02	4.554e-02	5.783e-02	6.276e-02	5.173e-02	7.336e-02	7.177e-02	5.792e-02	8.694e-02	5.380e-02	5.138e-02	5.536e-02	7.273e-02	5.946e-02	8.376e-02	7.801e-02	6.509e-02	8.366e-02
6.000e+03	5.489e-02	4.572e-02	5.783e-02	6.220e-02	5.144e-02	7.402e-02	7.138e-02	5.750e-02	8.684e-02	5.421e-02	5.138e-02	5.563e-02	7.265e-02	5.983e-02	8.391e-02	7.801e-02	6.639e-02	8.414e-02
6.100e+03	5.471e-02	4.549e-02	5.783e-02	6.220e-02	5.285e-02	7.357e-02	7.197e-02	5.729e-02	8.365e-02	5.407e-02	5.113e-02	5.573e-02	7.246e-02	5.983e-02	8.424e-02	7.319e-02	6.639e-02	8.436e-02
6.200e+03	5.483e-02	4.486e-02	5.756e-02	6.197e-02	5.391e-02	7.386e-02	7.188e-02	5.729e-02	8.451e-02	5.442e-02	5.104e-02	5.543e-02	7.214e-02	5.966e-02	7.944e-02	7.319e-02	6.622e-02	8.507e-02
6.300e+03	5.462e-02	4.495e-02	5.714e-02	6.176e-02	5.232e-02	7.304e-02	7.188e-02	5.428e-02	8.461e-02	5.420e-02	5.050e-02	5.517e-02	7.214e-02	5.966e-02	7.944e-02	7.296e-02	6.549e-02	8.542e-02
6.400e+03	5.349e-02	4.493e-02	5.781e-02	6.173e-02	5.392e-02	7.438e-02	7.220e-02	5.378e-02	8.405e-02	5.379e-02	5.059e-02	5.544e-02	7.192e-02	5.966e-02	7.944e-02	7.268e-02	6.584e-02	8.379e-02
6.500e+03	5.401e-02	4.488e-02	5.769e-02	6.195e-02	5.229e-02	7.440e-02	7.190e-02	5.377e-02	8.392e-02	5.437e-02	5.076e-02	5.608e-02	7.099e-02	5.905e-02	7.732e-02	7.260e-02	6.611e-02	8.361e-02
6.600e+03	5.521e-02	4.484e-02	5.808e-02	6.151e-02	5.046e-02	7.172e-02	7.214e-02	5.441e-02	8.450e-02	5.427e-02	5.122e-02	5.631e-02	6.804e-02	5.866e-02	7.688e-02	7.155e-02	6.521e-02	7.870e-02
6.700e+03	5.374e-02	4.557e-02	5.799e-02	6.170e-02	5.062e-02	7.226e-02	7.295e-02	5.396e-02	8.462e-02	5.427e-02	5.104e-02	5.655e-02	6.790e-02	5.645e-02	7.686e-02	7.130e-02	6.544e-02	7.758e-02
6.800e+03	5.412e-02	4.586e-02	5.803e-02	6.127e-02	5.098e-02	7.269e-02	7.311e-02	5.296e-02	8.482e-02	5.430e-02	5.053e-02	5.670e-02	6.802e-02	5.611e-02	7.686e-02	7.130e-02	6.556e-02	7.738e-02
6.900e+03	5.449e-02	4.563e-02	5.886e-02	6.206e-02	5.058e-02	7.233e-02	7.245e-02	5.444e-02	8.482e-02	5.550e-02	5.066e-02	5.666e-02	6.879e-02	5.577e-02	7.808e-02	6.985e-02	6.629e-02	7.618e-02
7.000e+03	5.428e-02	4.563e-02	5.876e-02	6.173e-02	5.058e-02	7.310e-02	7.260e-02	5.422e-02	8.496e-02	5.530e-02	5.107e-02	5.666e-02	6.604e-02	5.587e-02	7.813e-02	6.992e-02	6.589e-02	7.588e-02
7.100e+03	5.412e-02	4.609e-02	5.876e-02	6.206e-02	5.149e-02	6.956e-02	7.289e-02	5.412e-02	8.461e-02	5.485e-02	5.086e-02	5.653e-02	6.615e-02	5.511e-02	7.813e-02	6.992e-02	6.554e-02	7.539e-02
7.200e+03	5.309e-02	4.545e-02	5.933e-02	5.700e-02	5.101e-02	6.982e-02	7.339e-02	5.412e-02	8.507e-02	5.499e-02	5.007e-02	5.702e-02	6.690e-02	5.479e-02	7.813e-02	7.068e-02	6.533e-02	7.509e-02
7.300e+03	5.292e-02	4.581e-02	5.899e-02	5.659e-02	5.101e-02	6.963e-02	7.274e-02	5.428e-02	8.507e-02	5.492e-02	4.949e-02	5.648e-02	6.712e-02	5.625e-02	7.767e-02	7.068e-02	6.533e-02	7.526e-02
7.400e+03	5.294e-02	4.614e-02	5.899e-02	5.659e-02	5.099e-02	6.920e-02	7.259e-02	5.361e-02	8.523e-02	5.499e-02	4.939e-02	5.668e-02	6.754e-02	5.664e-02	7.767e-02	7.068e-02	6.537e-02	7.636e-02
7.500e+03	5.328e-02	4.623e-02	5.899e-02	5.781e-02	5.107e-02	6.962e-02	7.257e-02	5.388e-02	8.535e-02	5.428e-02	4.936e-02	5.610e-02	6.754e-02	5.772e-02	7.773e-02	6.890e-02	6.482e-02	7.700e-02
7.600e+03	5.398e-02	4.602e-02	5.820e-02	5.964e-02	5.059e-02	7.016e-02	7.288e-02	5.415e-02	8.500e-02	5.412e-02	5.013e-02	5.675e-02	6.775e-02	5.830e-02	7.930e-02	6.819e-02	6.482e-02	7.681e-02
7.700e+03	5.398e-02	4.537e-02	5.844e-02	5.669e-02	4.946e-02	7.022e-02	7.328e-02	5.442e-02	8.436e-02	5.409e-02	5.007e-02	5.686e-02	6.790e-02	5.830e-02	7.945e-02	6.783e-02	6.345e-02	7.578e-02
7.800e+03	5.421e-02	4.509e-02	5.805e-02	5.604e-02	4.912e-02	6.961e-02	7.328e-02	5.470e-02	8.451e-02	5.453e-02	4.979e-02	5.702e-02	6.454e-02	5.911e-02	7.844e-02	6.783e-02	6.324e-02	7.578e-02
7.900e+03	5.351e-02	4.509e-02	5.805e-02	5.594e-02	4.928e-02	6.874e-02	7.239e-02	5.471e-02	8.456e-02	5.509e-02	4.988e-02	5.722e-02	6.438e-02	5.828e-02	7.914e-02	6.773e-02	6.328e-02	7.557e-02
8.000e+03	5.292e-02	4.492e-02	5.773e-02	5.594e-02	4.918e-02	6.885e-02	7.300e-02	5.610e-02	8.469e-02	5.453e-02	4.988e-02	5.766e-02	6.438e-02	5.828e-02	7.914e-02	6.761e-02	6.328e-02	7.483e-02
8.100e+03	5.309e-02	4.480e-02	5.773e-02	5.578e-02	4.892e-02	6.885e-02	7.260e-02	5.682e-02	8.470e-02	5.445e-02	4.983e-02	5.684e-02	6.435e-02	5.669e-02	7.934e-02	6.761e-02	6.322e-02	7.489e-02
8.200e+03	5.279e-02	4.482e-02	5.773e-02	5.578e-02	4.853e-02	6.885e-02	7.260e-02	5.669e-02	8.482e-02	5.434e-02	4.983e-02	5.673e-02	6.444e-02	5.669e-02	7.953e-02	6.660e-02	6.287e-02	7.447e-02
8.300e+03	5.320e-02	4.471e-02	5.811e-02	5.480e-02	4.731e-02	6.885e-02	7.260e-02	5.669e-02	8.465e-02	5.444e-02	5.043e-02	5.738e-02	6.441e-02	5.603e-02	7.949e-02	6.687e-02	6.287e-02	7.385e-02
8.400e+03	5.335e-02	4.476e-02	5.792e-02	5.512e-02	4.715e-02	6.897e-02	7.021e-02	5.669e-02	8.501e-02	5.421e-02	5.029e-02	5.732e-02	6.369e-02	5.603e-02	8.003e-02	6.687e-02	6.313e-02	7.377e-02
8.500e+03	5.292e-02	4.520e-02	5.792e-02	5.579e-02	4.715e-02	6.884e-02	6.832e-02	5.503e-02	7.930e-02	5.427e-02	4.958e-02	5.801e-02	6.341e-02	5.603e-02	8.003e-02	6.660e-02	6.201e-02	7.294e-02
8.600e+03	5.247e-02	4.576e-02	5.783e-02	5.445e-02	4.800e-02	6.597e-02	6.798e-02	5.503e-02	7.779e-02	5.416e-02	5.016e-02	5.789e-02	6.337e-02	5.594e-02	8.017e-02	6.660e-02	6.219e-02	7.194e-02
8.700e+03	5.247e-02	4.464e-02	5.731e-02	5.583e-02	4.790e-02	6.615e-02	6.955e-02	5.455e-02	7.788e-02	5.432e-02	5.006e-02	5.818e-02	6.337e-02	5.644e-02	8.017e-02	6.684e-02	6.164e-02	7.194e-02
8.800e+03	5.250e-02	4.496e-02	5.731e-02	5.552e-02	4.890e-02	6.508e-02	6.967e-02	5.297e-02	7.788e-02	5.433e-02	4.970e-02	5.801e-02	6.343e-02	5.684e-02	7.986e-02	6.673e-02	6.164e-02	7.187e-02
8.900e+03	5.225e-02	4.502e-02	5.794e-02	5.404e-02	4.747e-02	6.533e-02	6.774e-02	5.299e-02	7.819e-02	5.444e-02	4.977e-02	5.821e-02	6.332e-02	5.684e-02	7.878e-02	6.666e-02	6.110e-02	7.162e-02
9.000e+03	5.191e-02	4.545e-02	5.828e-02	5.569e-02	4.760e-02	6.675e-02	6.791e-02	5.243e-02	7.783e-02	5.387e-02	5.007e-02	5.801e-02	6.337e-02	5.709e-02	7.945e-02	6.672e-02	6.141e-02	7.141e-02
9.100e+03	5.203e-02	4.545e-02	5.828e-02	5.577e-02	4.760e-02	6.701e-02	6.869e-02	5.249e-02	7.783e-02	5.378e-02	4.968e-02	5.801e-02	6.304e-02	5.709e-02	7.883e-02	6.734e-02	6.238e-02	7.153e-02
9.200e+03	5.253e-02	4.532e-02	5.836e-02	5.609e-02	4.884e-02	6.701e-02	6.734e-02	5.207e-02	7.812e-02	5.372e-02	4.968e-02	5.801e-02	6.304e-02	5.459e-02	7.883e-02	6.767e-02	6.249e-02	7.153e-02
9.300e+03	5.286e-02	4.532e-02	5.938e-02	5.533e-02	4.884e-02	6.661e-02	6.722e-02	5.398e-02	7.785e-02	5.395e-02	4.994e-02	5.791e-02	6.309e-02	5.478e-02	7.883e-02	6.727e-02	6.203e-02	7.177e-02
9.400e+03	5.155e-02	4.545e-02	5.938e-02	5.609e-02	4.925e-02	6.661e-02	6.687e-02	5.330e-02	7.836e-02	5.395e-02	4.963e-02	5.790e-02	6.292e-02	5.529e-02	7.844e-02	6.673e-02	6.209e-02	7.177e-02
9.500e+03	5.144e-02	4.517e-02	5.835e-02	5.609e-02	4.925e-02	6.661e-02	6.810e-02	5.568e-02	7.833e-02	5.395e-02	4.968e-02	5.776e-02	6.275e-02	5.500e-02	7.914e-02	6.782e-02	6.210e-02	7.123e-02
9.600e+03	5.114e-02	4.502e-02	5.868e-02	5.667e-02	4.893e-02	6.756e-02	6.763e-02	5.559e-02	7.828e-02	5.461e-02	4.960e-02	5.787e-02	6.332e-02	5.513e-02	7.948e-02	6.783e-02	6.216e-02	7.123e-02
9.700e+03	5.108e-02	4.497e-02	5.907e-02	5.658e-02	4.918e-02	6.763e-02	6.753e-02	5.559e-02	7.828e-02	5.461e-02	4.970e-02	5.818e-02	6.332e-02	5.513e-02	7.948e-02	6.783e-02	6.216e-02	7.084e-02
9.800e+03	5.114e-02	4.482e-02	5.906e-02	5.658e-02	4.918e-02	6.763e-02	6.753e-02	5.559e-02	7.809e-02	5.499e-02	4.946e-02	5.861e-02	6.332e-02	5.513e-02	7.934e-02	6.680e-02	6.138e-02	7.223e-02
9.900e+03	5.114e-02	4.535e-02	5.833e-02	5.643e-02	4.918e-02	6.781e-02	6.698e-02	5.568e-02	7.809e-02	5.476e-02	4.952e-02	5.819e-02	6.398e-02	5.544e-02	7.932e-02	6.728e-02	5.996e-02	7.205e-02
1.000e+04	5.114e-02	4.549e-02	5.795e-02	5.610e-02	4.879e-02	6.922e-02	6.395e-02	5.550e-02	7.809e-02	5.488e-02	5.063e-02	5.767e-02	6.372e-02	5.516e-02	7.828e-02	6.686e-02	5.813e-02	7.299e-02
1.010e+04	5.207e-02	4.624e-02	5.811e-02	5.653e-02	4.827e-02	6.922e-02	6.343e-02	5.579e-02	7.840e-02	5.554e-02	4.974e-02	5.767e-02	6.350e-02	5.513e-02	7.828e-02	6.672e-02	5.822e-02	7.296e-02
1.020e+04	5.275e-02	4.495e-02	5.710e-02	5.625e-02	4.815e-02	6.922e-02	6.343e-02	5.579e-02	7.856e-02	5.504e-02	4.974e-02	5.821e-02	6.350e-02	5.528e-02	7.695e-02	6.618e-02	5.822e-02	7.189e-02
1.030e+04	5.225e-02	4.503e-02	5.836e-02	5.795e-02	4.762e-02	6.922e-02	6.369e-02	5.571e-02	7.856e-02	5.427e-02	5.055e-02	5.806e-02	6.362e-02	5.482e-02	7.744e-02	6.644e-02	5.845e-02	7.149e-02
1.040e+04	5.235e-02	4.545e-02	5.823e-02	5.795e-02	4.727e-02	6.906e-02	6.369e-02	5.579e-02	7.856e-02	5.427e-02	5.015e-02	5.786e-02	6.400e-02	5.482e-02	7.720e-02	6.644e-02	5.794e-02	7.064e-02
1.050e+04	5.235e-02	4.524e-02	5.724e-02	5.759e-02	4.727e-02	6.910e-02	6.362e-02	5.526e-02	7.856e-02	5.463e-02	5.010e-02	5.792e-02	6.395e-02	5.486e-02	7.656e-02	6.621e-02	5.772e-02	7.086e-02
1.060e+04	5.197e-02	4.524e-02	5.756e-02	5.767e-02	4.727e-02	6.910e-02	6.362e-02	5.515e-02	7.876e-02	5.464e-02	5.028e-02	5.808e-02	6.407e-02	5.454e-02	7.683e-02	6.623e-02	5.829e-02	7.086e-02
1.070e+04	5.210e-02	4.545e-02	5.756e-02	5.814e-02	4.655e-02	6.876e-02	6.351e-02	5.563e-02	7.902e-02	5.523e-02	5.013e-02	5.774e-02	6.389e-02	5.463e-02	7.659e-02	6.509e-02	5.829e-02	6.930e-02
1.080e+04	5.187e-02	4.563e-02	5.742e-02	5.856e-02	4.796e-02	6.863e-02	5.998e-02	5.395e-02	7.921e-02	5.463e-02	5.027e-02	5.774e-02	6.366e-02	5.463e-02	7.659e-02	6.509e-02	5.840e-02	6.964e-02
1.090e+04	5.203e-02	4.523e-02	5.827e-02	5.802e-02	4.848e-02	6.803e-02	6.000e-02	5.395e-02	7.921e-02	5.523e-02	5.082e-02	5.754e-02	6.408e-02	5.446e-02	7.659e-02	6.509e-02	5.770e-02	6.964e-02
1.100e+04	5.166e-02	4.593e-02	5.827e-02	5.802e-02	4.835e-02	6.693e-02	6.000e-02	5.526e-02	7.921e-02	5.511e-02	5.025e-02	5.754e-02	6.354e-02	5.463e-02	7.653e-02	6.509e-02	5.770e-02	6.930e-02
1.110e+04	5.211e-02	4.623e-02	5.806e-02	5.802e-02	4.835e-02	6.714e-02	5.940e-02	5.526e-02	7.921e-02	5.422e-02	4.994e-02	5.773e-02	6.336e-02	5.463e-02	7.653e-02	6.430e-02	5.770e-02	6.916e-02
1.120e+04	5.211e-02	4.536e-02	5.854e-02	5.626e-02	4.797e-02	6.714e-02	5.975e-02	5.508e-02	7.921e-02	5.419e-02	4.992e-02	5.703e-02	6.354e-02	5.471e-02	7.653e-02	6.353e-02	5.833e-02	7.272e-02
1.130e+04	5.188e-02	4.543e-02	5.854e-02	5.626e-02	4.783e-02	6.714e-02	5.975e-02	5.508e-02	7.921e-02	5.419e-02	4.999e-02	5.715e-02	6.354e-02	5.466e-02	7.653e-02	6.351e-02	5.815e-02	7.278e-02
1.140e+04	5.180e-02	4.447e-02	5.764e-02	5.677e-02	4.709e-02	6.764e-02	5.975e-02	5.532e-02	7.921e-02	5.433e-02	4.999e-02	5.677e-02	6.392e-02	5.466e-02	7.587e-02	6.297e-02	5.815e-02	7.022e-02
1.150e+04	5.180e-02	4.447e-02	5.724e-02	5.682e-02	4.709e-02	6.617e-02	5.933e-02	5.532e-02	7.773e-02	5.469e-02	4.992e-02	5.708e-02	6.392e-02	5.459e-02	7.624e-02	6.412e-02	5.815e-02	7.022e-02
1.160e+04	5.187e-02	4.441e-02	5.726e-02	5.682e-02	4.709e-02	6.829e-02	5.933e-02	5.459e-02	7.773e-02	5.473e-02	5.047e-02	5.728e-02	6.392e-02	5.463e-02	7.681e-02	6.415e-02	5.824e-02	7.022e-02
1.170e+04	5.257e-02	4.441e-02	5.726e-02	5.756e-02	4.721e-02	6.823e-02	6.005e-02	5.387e-02	7.763e-02	5.460e-02	5.035e-02	5.728e-02	6.326e-02	5.608e-02	7.681e-02	6.431e-02	5.834e-02	6.983e-02
1.180e+04	5.257e-02	4.561e-02	5.737e-02	5.738e-02	4.721e-02	6.823e-02	6.046e-02	5.387e-02	7.767e-02	5.470e-02	5.047e-02	5.693e-02	6.326e-02	5.575e-02	7.681e-02	6.393e-02	5.826e-02	6.982e-02
1.190e+04	5.332e-02	4.503e-02	5.691e-02	5.773e-02	4.721e-02	6.740e-02	5.964e-02	5.301e-02	7.785e-02	5.476e-02	5.072e-02	5.709e-02	6.311e-02	5.511e-02	7.681e-02	6.501e-02	5.775e-02	6.970e-02
1.200e+04	5.337e-02	4.503e-02	5.691e-02	5.798e-02	4.721e-02	6.740e-02	5.964e-02	5.301e-02	7.802e-02	5.521e-02	5.111e-02	5.719e-02	6.300e-02	5.511e-02	7.873e-02	6.468e-02	5.763e-02	6.970e-02
1.210e+04	5.337e-02	4.481e-02	5.770e-02	5.824e-02	4.682e-02	6.742e-02	5.977e-02	5.357e-02	7.802e-02	5.489e-02	5.071e-02	5.719e-02	6.164e-02	5.437e-02	7.873e-02	6.468e-02	5.783e-02	6.970e-02
1.220e+04	5.337e-02	4.497e-02	5.770e-02	5.824e-02	4.682e-02	6.632e-02	5.952e-02	5.160e-02	7.803e-02	5.463e-02	5.090e-02	5.719e-02	6.088e-02	5.463e-02	7.873e-02	6.468e-02	5.783e-02	6.970e-02
1.230e+04	5.316e-02	4.500e-02	5.821e-02	5.809e-02	4.602e-02	6.595e-02	5.882e-02	5.160e-02	7.803e-02	5.463e-02	5.090e-02	5.719e-02	6.088e-02	5.463e-02	7.847e-02	6.342e-02	5.596e-02	6.855e-02
1.240e+04	5.351e-02	4.500e-02	5.787e-02	5.866e-02	4.587e-02	6.615e-02	5.890e-02	5.160e-02	7.803e-02	5.463e-02	5.105e-02	5.754e-02	6.141e-02	5.535e-02	7.847e-02	6.342e-02	5.609e-02	6.855e-02
1.250e+04	5.388e-02	4.479e-02	5.805e-02	5.949e-02	4.587e-02	6.579e-02	5.911e-02	5.151e-02	7.903e-02	5.443e-02	5.083e-02	5.719e-02	6.226e-02	5.535e-02	7.762e-02	6.342e-02	5.671e-02	6.855e-02
1.260e+04	5.301e-02	4.370e-02	5.805e-02	5.949e-02	4.587e-02	6.561e-02	5.911e-02	5.151e-02	7.898e-02	5.442e-02	5.083e-02	5.719e-02	6.231e-02	5.418e-02	7.762e-02	6.275e-02	5.671e-02	6.859e-02
1.270e+04	5.325e-02	4.370e-02	5.700e-02	5.949e-02	4.607e-02	6.561e-02	5.911e-02	5.186e-02	7.570e-02	5.463e-02	5.101e-02	5.674e-02	6.308e-02	5.418e-02	7.762e-02	6.226e-02	5.691e-02	6.862e-02
1.280e+04	5.295e-02	4.370e-02	5.688e-02	5.833e-02	4.621e-02	6.561e-02	5.975e-02	5.186e-02	7.498e-02	5.478e-02	5.101e-02	5.642e-02	6.273e-02	5.445e-02	7.600e-02	6.210e-02	5.615e-02	6.862e-02
1.290e+04	5.295e-02	4.370e-02	5.688e-02	5.803e-02	4.602e-02	6.561e-02	6.045e-02	5.194e-02	7.504e-02	5.478e-02	5.098e-02	5.642e-02	6.273e-02	5.445e-02	7.671e-02	6.210e-02	5.569e-02	6.836e-02
1.300e+04	5.337e-02	4.370e-02	5.680e-02	5.792e-02	4.602e-02	6.579e-02	6.136e-02	5.194e-02	7.513e-02	5.442e-02	5.033e-02	5.684e-02	6.228e-02	5.445e-02	7.671e-02	6.210e-02	5.626e-02	6.836e-02
1.310e+04	5.330e-02	4.428e-02	5.594e-02	5.740e-02	4.638e-02	6.482e-02	6.136e-02	5.194e-02	7.513e-02	5.428e-02	5.023e-02	5.684e-02	6.271e-02	5.424e-02	7.671e-02	6.186e-02	5.624e-02	6.861e-02
1.320e+04	5.330e-02	4.428e-02	5.691e-02	5.740e-02	4.799e-02	6.482e-02	6.021e-02	5.186e-02	7.513e-02	5.447e-02	5.024e-02	5.638e-02	6.173e-02	5.424e-02	7.671e-02	6.068e-02	5.555e-02	6.797e-02
1.330e+04	5.301e-02	4.399e-02	5.879e-02	5.740e-02	4.711e-02	6.494e-02	6.021e-02	5.186e-02	7.513e-02	5.478e-02	5.088e-02	5.693e-02	6.226e-02	5.424e-02	7.751e-02	6.075e-02	5.480e-02	6.797e-02
1.340e+04	5.340e-02	4.396e-02	5.879e-02	5.680e-02	4.720e-02	6.494e-02	5.995e-02	5.213e-02	7.513e-02	5.422e-02	5.093e-02	5.693e-02	6.188e-02	5.424e-02	7.826e-02	6.075e-02	5.472e-02	6.810e-02
1.350e+04	5.255e-02	4.342e-02	5.928e-02	5.793e-02	4.672e-02	6.452e-02	5.995e-02	5.185e-02	7.421e-02	5.392e-02	5.094e-02	5.718e-02	6.125e-02	5.422e-02	7.826e-02	6.096e-02	5.472e-02	6.810e-02
1.360e+04	5.191e-02	4.251e-02	5.925e-02	5.909e-02	4.672e-02	6.452e-02	5.995e-02	5.185e-02	7.421e-02	5.436e-02	5.094e-02	5.722e-02	6.215e-02	5.422e-02	7.660e-02	6.080e-02	5.544e-02	6.810e-02
1.370e+04	5.249e-02	4.278e-02	5.925e-02	5.854e-02	4.637e-02	6.434e-02	5.995e-02	5.213e-02	7.370e-02	5.413e-02	5.094e-02	5.693e-02	6.282e-02	5.422e-02	7.672e-02	6.096e-02	5.544e-02	6.810e-02
1.380e+04	5.176e-02	4.323e-02	6.055e-02	5.854e-02	4.637e-02	6.424e-02	5.959e-02	5.143e-02	7.439e-02	5.436e-02	5.023e-02	5.693e-02	6.294e-02	5.410e-02	7.672e-02	6.096e-02	5.371e-02	6.779e-02
1.390e+04	5.176e-02	4.381e-02	5.989e-02	5.829e-02	4.621e-02	6.424e-02	5.959e-02	5.161e-02	7.543e-02	5.436e-02	5.054e-02	5.588e-02	6.338e-02	5.410e-02	7.635e-02	6.222e-02	5.316e-02	6.867e-02
1.400e+04	5.180e-02	4.381e-02	5.989e-02	5.829e-02	4.571e-02	6.485e-02	5.972e-02	5.161e-02	7.473e-02	5.466e-02	5.054e-02	5.643e-02	6.349e-02	5.371e-02	7.635e-02	6.222e-02	5.316e-02	6.855e-02
1.410e+04	5.190e-02	4.381e-02	5.989e-02	5.829e-02	4.571e-02	6.495e-02	5.942e-02	5.161e-02	7.473e-02	5.466e-02	5.054e-02	5.643e-02	6.349e-02	5.371e-02	7.349e-02	6.181e-02	5.316e-02	6.855e-02
1.420e+04	5.176e-02	4.423e-02	6.106e-02	5.829e-02	4.556e-02	6.495e-02	5.936e-02	5.138e-02	7.409e-02	5.433e-02	5.196e-02	5.635e-02	6.313e-02	5.382e-02	7.349e-02	6.198e-02	5.350e-02	6.769e-02
1.430e+04	5.223e-02	4.543e-02	6.106e-02	5.828e-02	4.583e-02	6.476e-02	5.936e-02	5.138e-02	7.423e-02	5.486e-02	5.190e-02	5.645e-02	6.313e-02	5.382e-02	7.394e-02	6.198e-02	5.303e-02	6.769e-02
1.440e+04	5.223e-02	4.543e-02	6.010e-02	5.828e-02	4.598e-02	6.423e-02	5.936e-02	5.125e-02	7.549e-02	5.446e-02	5.190e-02	5.652e-02	6.313e-02	5.382e-02	7.401e-02	6.244e-02	5.303e-02	6.758e-02
1.450e+04	5.223e-02	4.576e-02	6.001e-02	5.787e-02	4.598e-02	6.423e-02	5.878e-02	4.959e-02	7.549e-02	5.446e-02	5.190e-02	5.652e-02	6.229e-02	5.382e-02	7.401e-02	6.241e-02	5.303e-02	6.758e-02
1.460e+04	5.233e-02	4.404e-02	6.051e-02	5.785e-02	4.671e-02	6.517e-02	5.955e-02	4.959e-02	7.549e-02	5.446e-02	5.155e-02	5.650e-02	6.229e-02	5.492e-02	7.431e-02	6.156e-02	5.350e-02	6.758e-02
1.470e+04	5.233e-02	4.399e-02	6.055e-02	5.668e-02	4.628e-02	6.520e-02	5.955e-02	4.975e-02	7.583e-02	5.446e-02	5.123e-02	5.626e-02	6.255e-02	5.445e-02	7.407e-02	5.920e-02	5.311e-02	6.769e-02
1.480e+04	5.307e-02	4.378e-02	6.055e-02	5.643e-02	4.682e-02	6.525e-02	6.003e-02	5.075e-02	7.583e-02	5.472e-02	5.123e-02	5.629e-02	6.255e-02	5.471e-02	7.203e-02	5.920e-02	5.316e-02	6.769e-02
1.490e+04	5.307e-02	4.443e-02	6.223e-02	5.710e-02	4.682e-02	6.525e-02	6.072e-02	4.955e-02	7.495e-02	5.482e-02	4.940e-02	5.670e-02	6.275e-02	5.471e-02	7.100e-02	5.920e-02	5.316e-02	6.769e-02
1.500e+04	5.307e-02	4.443e-02	6.223e-02	5.664e-02	4.638e-02	6.489e-02	6.062e-02	4.955e-02	7.495e-02	5.412e-02	4.940e-02	5.700e-02	6.386e-02	5.471e-02	7.093e-02	5.920e-02	5.291e-02	6.769e-02
1.510e+04	5.215e-02	4.495e-02	6.196e-02	5.664e-02	4.616e-02	6.615e-02	6.072e-02	4.909e-02	7.495e-02	5.487e-02	4.986e-02	5.700e-02	6.400e-02	5.471e-02	7.093e-02	5.920e-02	5.291e-02	6.777e-02
1.520e+04	5.215e-02	4.488e-02	6.176e-02	5.643e-02	4.607e-02	6.659e-02	6.072e-02	4.882e-02	6.782e-02	5.487e-02	4.988e-02	5.669e-02	6.400e-02	5.471e-02	7.042e-02	5.908e-02	5.292e-02	6.820e-02
1.530e+04	5.077e-02	4.488e-02	6.176e-02	5.643e-02	4.604e-02	6.659e-02	6.089e-02	4.882e-02	6.690e-02	5.487e-02	5.032e-02	5.669e-02	6.412e-02	5.521e-02	7.042e-02	5.908e-02	5.301e-02	6.812e-02
1.540e+04	5.077e-02	4.502e-02	6.245e-02	5.643e-02	4.590e-02	6.687e-02	6.067e-02	4.914e-02	6.690e-02	5.487e-02	5.032e-02	5.669e-02	6.447e-02	5.521e-02	7.135e-02	5.871e-02	5.301e-02	6.812e-02
1.550e+04	5.010e-02	4.502e-02	6.176e-02	5.643e-02	4.590e-02	6.658e-02	6.067e-02	4.884e-02	6.801e-02	5.487e-02	5.083e-02	5.659e-02	6.448e-02	5.412e-02	7.179e-02	5.883e-02	5.335e-02	6.808e-02
1.560e+04	5.026e-02	4.502e-02	6.176e-02	5.626e-02	4.596e-02	6.658e-02	6.067e-02	4.891e-02	6.832e-02	5.499e-02	5.113e-02	5.697e-02	6.448e-02	5.420e-02	7.179e-02	5.821e-02	5.335e-02	6.808e-02
1.570e+04	5.010e-02	4.482e-02	6.176e-02	5.589e-02	4.589e-02	6.658e-02	6.067e-02	4.891e-02	6.901e-02	5.488e-02	5.113e-02	5.738e-02	6.413e-02	5.412e-02	7.176e-02	5.821e-02	5.371e-02	6.808e-02
1.580e+04	5.107e-02	4.482e-02	6.145e-02	5.615e-02	4.578e-02	6.652e-02	6.116e-02	4.928e-02	6.901e-02	5.494e-02	5.113e-02	5.738e-02	6.414e-02	5.438e-02	7.176e-02	5.821e-02	5.371e-02	6.781e-02
1.590e+04	5.104e-02	4.482e-02	6.145e-02	5.625e-02	4.541e-02	6.646e-02	6.116e-02	4.928e-02	6.651e-02	5.494e-02	5.116e-02	5.738e-02	6.493e-02	5.403e-02	7.179e-02	5.821e-02	5.309e-02	6.827e-02
1.600e+04	5.093e-02	4.482e-02	6.128e-02	5.620e-02	4.528e-02	6.652e-02	6.116e-02	5.005e-02	6.769e-02	5.494e-02	5.116e-02	5.738e-02	6.509e-02	5.403e-02	7.179e-02	5.821e-02	5.299e-02	6.834e-02
1.610e+04	5.121e-02	4.482e-02	6.067e-02	5.540e-02	4.537e-02	6.652e-02	6.116e-02	5.005e-02	6.802e-02	5.494e-02	5.183e-02	5.781e-02	6.523e-02	5.412e-02	7.179e-02	5.882e-02	5.317e-02	6.827e-02
1.620e+04	5.079e-02	4.482e-02	6.095e-02	5.540e-02	4.541e-02	6.650e-02	6.116e-02	5.005e-02	6.749e-02	5.521e-02	5.183e-02	5.781e-02	6.523e-02	5.412e-02	7.179e-02	5.882e-02	5.309e-02	6.827e-02
1.630e+04	5.200e-02	4.482e-02	6.052e-02	5.453e-02	4.572e-02	6.650e-02	6.134e-02	5.021e-02	6.749e-02	5.521e-02	5.183e-02	5.765e-02	6.540e-02	5.412e-02	7.179e-02	5.970e-02	5.309e-02	6.837e-02
1.640e+04	5.275e-02	4.563e-02	6.052e-02	5.453e-02	4.572e-02	6.618e-02	6.134e-02	5.028e-02	6.749e-02	5.521e-02	5.183e-02	5.765e-02	6.509e-02	5.412e-02	7.179e-02	5.970e-02	5.284e-02	6.837e-02
1.650e+04	5.176e-02	4.563e-02	6.052e-02	5.508e-02	4.614e-02	6.687e-02	6.068e-02	5.071e-02	6.749e-02	5.521e-02	5.183e-02	5.765e-02	6.509e-02	5.437e-02	7.197e-02	5.970e-02	5.238e-02	6.837e-02
1.660e+04	5.244e-02	4.563e-02	6.007e-02	5.508e-02	4.577e-02	6.687e-02	6.068e-02	5.126e-02	6.693e-02	5.429e-02	5.123e-02	5.765e-02	6.509e-02	5.462e-02	7.197e-02	5.980e-02	5.236e-02	6.837e-02
1.670e+04	5.281e-02	4.708e-02	6.007e-02	5.508e-02	4.461e-02	6.739e-02	6.068e-02	5.126e-02	6.693e-02	5.433e-02	5.115e-02	5.802e-02	6.485e-02	5.444e-02	7.199e-02	5.946e-02	5.236e-02	6.842e-02
1.680e+04	5.347e-02	4.703e-02	6.007e-02	5.526e-02	4.423e-02	6.844e-02	6.096e-02	4.969e-02	6.693e-02	5.436e-02	5.115e-02	5.802e-02	6.489e-02	5.444e-02	7.199e-02	5.927e-02	5.264e-02	6.816e-02
1.690e+04	5.361e-02	4.676e-02	5.977e-02	5.559e-02	4.423e-02	6.844e-02	6.096e-02	4.944e-02	6.654e-02	5.436e-02	5.096e-02	5.802e-02	6.489e-02	5.512e-02	7.252e-02	5.930e-02	5.264e-02	6.780e-02
1.700e+04	5.233e-02	4.649e-02	5.977e-02	5.592e-02	4.423e-02	6.844e-02	5.931e-02	4.979e-02	6.654e-02	5.436e-02	5.096e-02	5.798e-02	6.452e-02	5.512e-02	7.273e-02	5.858e-02	5.255e-02	6.898e-02
1.710e+04	5.233e-02	4.649e-02	5.977e-02	5.602e-02	4.422e-02	6.856e-02	5.933e-02	4.944e-02	6.685e-02	5.478e-02	5.115e-02	5.798e-02	6.452e-02	5.296e-02	7.296e-02	5.770e-02	5.218e-02	6.899e-02
1.720e+04	5.233e-02	4.655e-02	5.992e-02	5.602e-02	4.422e-02	6.880e-02	5.933e-02	4.944e-02	6.737e-02	5.478e-02	5.140e-02	5.798e-02	6.419e-02	5.470e-02	7.296e-02	5.770e-02	5.217e-02	6.809e-02
1.730e+04	5.233e-02	4.655e-02	5.977e-02	5.602e-02	4.412e-02	7.003e-02	5.933e-02	4.866e-02	6.760e-02	5.478e-02	5.149e-02	5.798e-02	6.338e-02	5.470e-02	7.238e-02	5.722e-02	5.215e-02	6.877e-02
1.740e+04	5.231e-02	4.655e-02	6.023e-02	5.505e-02	4.423e-02	6.962e-02	5.933e-02	4.874e-02	6.686e-02	5.478e-02	5.149e-02	5.782e-02	6.338e-02	5.387e-02	7.238e-02	5.722e-02	5.255e-02	6.877e-02
1.750e+04	5.181e-02	4.655e-02	6.023e-02	5.505e-02	4.420e-02	6.962e-02	5.913e-02	5.005e-02	6.719e-02	5.478e-02	5.143e-02	5.782e-02	6.356e-02	5.387e-02	7.238e-02	5.722e-02	5.255e-02	6.877e-02
1.760e+04	5.185e-02	4.655e-02	6.023e-02	5.478e-02	4.420e-02	6.964e-02	5.902e-02	4.928e-02	6.719e-02	5.478e-02	5.143e-02	5.782e-02	6.215e-02	5.316e-02	7.287e-02	5.645e-02	5.229e-02	6.877e-02
1.770e+04	5.185e-02	4.655e-02	6.023e-02	5.446e-02	4.446e-02	6.964e-02	5.902e-02	4.948e-02	6.719e-02	5.492e-02	5.143e-02	5.782e-02	6.215e-02	5.316e-02	7.287e-02	5.708e-02	5.207e-02	6.877e-02
1.780e+04	5.139e-02	4.623e-02	6.023e-02	5.438e-02	4.446e-02	6.922e-02	5.902e-02	4.906e-02	6.742e-02	5.478e-02	5.187e-02	5.792e-02	6.215e-02	5.316e-02	7.287e-02	5.718e-02	5.207e-02	6.836e-02
1.790e+04	5.139e-02	4.623e-02	6.023e-02	5.438e-02	4.446e-02	6.915e-02	5.871e-02	4.933e-02	6.772e-02	5.476e-02	5.165e-02	5.819e-02	6.219e-02	5.275e-02	7.287e-02	5.718e-02	5.207e-02	6.836e-02
1.800e+04	5.113e-02	4.545e-02	6.067e-02	5.473e-02	4.485e-02	6.915e-02	5.871e-02	4.910e-02	6.766e-02	5.469e-02	5.151e-02	5.819e-02	6.219e-02	5.429e-02	7.290e-02	5.664e-02	5.215e-02	6.836e-02
1.810e+04	5.115e-02	4.541e-02	6.067e-02	5.473e-02	4.545e-02	6.914e-02	5.871e-02	4.815e-02	6.797e-02	5.469e-02	5.151e-02	5.782e-02	6.219e-02	5.485e-02	7.290e-02	5.664e-02	5.215e-02	6.836e-02
1.820e+04	5.115e-02	4.532e-02	5.987e-02	5.499e-02	4.545e-02	6.900e-02	5.871e-02	4.829e-02	6.857e-02	5.464e-02	5.159e-02	5.840e-02	6.219e-02	5.512e-02	7.290e-02	5.671e-02	5.215e-02	6.836e-02
1.830e+04	5.079e-02	4.505e-02	5.987e-02	5.501e-02	4.532e-02	6.914e-02	5.854e-02	4.829e-02	6.857e-02	5.538e-02	5.151e-02	5.823e-02	6.223e-02	5.454e-02	7.281e-02	5.671e-02	5.208e-02	6.836e-02
1.840e+04	5.160e-02	4.443e-02	5.979e-02	5.518e-02	4.532e-02	6.914e-02	5.854e-02	4.829e-02	6.887e-02	5.538e-02	5.144e-02	5.787e-02	6.190e-02	5.478e-02	7.271e-02	5.687e-02	5.208e-02	6.835e-02
1.850e+04	5.151e-02	4.416e-02	6.001e-02	5.518e-02	4.532e-02	6.866e-02	6.016e-02	4.829e-02	6.917e-02	5.538e-02	5.144e-02	5.777e-02	6.081e-02	5.478e-02	7.293e-02	5.671e-02	5.181e-02	6.904e-02
1.860e+04	5.151e-02	4.416e-02	6.001e-02	5.526e-02	4.532e-02	6.866e-02	6.016e-02	4.829e-02	6.946e-02	5.538e-02	5.151e-02	5.721e-02	6.074e-02	5.478e-02	7.293e-02	5.675e-02	5.208e-02	6.904e-02
1.870e+04	5.151e-02	4.416e-02	5.972e-02	5.526e-02	4.523e-02	6.866e-02	6.111e-02	4.829e-02	7.065e-02	5.566e-02	5.151e-02	5.756e-02	6.074e-02	5.478e-02	7.293e-02	5.649e-02	5.208e-02	6.904e-02
1.880e+04	5.169e-02	4.416e-02	5.972e-02	5.490e-02	4.523e-02	6.825e-02	6.113e-02	4.846e-02	7.089e-02	5.566e-02	5.160e-02	5.756e-02	5.911e-02	5.179e-02	7.293e-02	5.649e-02	5.208e-02	6.904e-02
1.890e+04	5.217e-02	4.431e-02	6.056e-02	5.490e-02	4.489e-02	6.825e-02	6.113e-02	4.962e-02	7.167e-02	5.562e-02	5.160e-02	5.775e-02	5.955e-02	5.043e-02	7.274e-02	5.647e-02	5.208e-02	6.969e-02
1.900e+04	5.093e-02	4.482e-02	6.056e-02	5.400e-02	4.489e-02	6.825e-02	6.052e-02	4.940e-02	7.364e-02	5.562e-02	5.210e-02	5.775e-02	5.955e-02	5.043e-02	7.274e-02	5.647e-02	5.208e-02	6.969e-02
1.910e+04	5.093e-02	4.482e-02	6.056e-02	5.400e-02	4.489e-02	6.825e-02	5.920e-02	4.935e-02	7.364e-02	5.562e-02	5.215e-02	5.738e-02	5.900e-02	5.061e-02	7.153e-02	5.647e-02	5.118e-02	6.969e-02
1.920e+04	5.093e-02	4.482e-02	6.074e-02	5.400e-02	4.489e-02	6.820e-02	5.869e-02	4.931e-02	7.178e-02	5.562e-02	5.207e-02	5.719e-02	5.900e-02	5.061e-02	6.961e-02	5.801e-02	5.105e-02	6.969e-02
1.930e+04	5.093e-02	4.501e-02	6.074e-02	5.508e-02	4.455e-02	6.820e-02	5.869e-02	4.846e-02	7.221e-02	5.562e-02	5.226e-02	5.747e-02	5.900e-02	5.061e-02	6.980e-02	5.801e-02	5.105e-02	6.969e-02
1.940e+04	5.062e-02	4.493e-02	6.074e-02	5.508e-02	4.441e-02	6.911e-02	5.869e-02	4.846e-02	7.221e-02	5.530e-02	5.243e-02	5.747e-02	5.900e-02	5.061e-02	6.978e-02	5.801e-02	5.105e-02	7.043e-02
1.950e+04	5.062e-02	4.585e-02	6.074e-02	5.508e-02	4.441e-02	6.911e-02	5.869e-02	4.846e-02	7.228e-02	5.530e-02	5.243e-02	5.747e-02	5.899e-02	5.007e-02	6.978e-02	5.801e-02	5.175e-02	7.043e-02
1.960e+04	5.062e-02	4.609e-02	6.074e-02	5.546e-02	4.441e-02	6.911e-02	5.907e-02	4.793e-02	7.228e-02	5.548e-02	5.243e-02	5.747e-02	5.899e-02	5.007e-02	6.784e-02	5.801e-02	5.175e-02	7.022e-02
1.970e+04	5.054e-02	4.596e-02	6.074e-02	5.546e-02	4.574e-02	6.904e-02	5.882e-02	4.809e-02	7.228e-02	5.548e-02	5.231e-02	5.740e-02	5.900e-02	5.007e-02	6.784e-02	5.801e-02	5.175e-02	7.043e-02
1.980e+04	5.062e-02	4.596e-02	6.062e-02	5.388e-02	4.574e-02	6.904e-02	5.882e-02	4.886e-02	7.228e-02	5.548e-02	5.231e-02	5.756e-02	5.900e-02	5.007e-02	6.784e-02	5.801e-02	5.151e-02	7.043e-02
1.990e+04	5.067e-02	4.596e-02	5.979e-02	5.411e-02	4.541e-02	6.904e-02	5.882e-02	4.880e-02	7.228e-02	5.483e-02	5.253e-02	5.756e-02	5.954e-02	5.007e-02	6.858e-02	5.797e-02	5.178e-02	6.999e-02
2.000e+04	5.067e-02	4.596e-02	5.954e-02	5.395e-02	4.464e-02	7.034e-02	5.795e-02	4.880e-02	7.218e-02	5.483e-02	5.265e-02	5.740e-02	5.954e-02	4.989e-02	6.858e-02	5.805e-02	5.178e-02	6.999e-02
2.010e+04	5.069e-02	4.585e-02	5.969e-02	5.186e-02	4.418e-02	7.034e-02	5.677e-02	4.880e-02	7.344e-02	5.522e-02	5.238e-02	5.740e-02	5.835e-02	4.989e-02	6.798e-02	5.805e-02	5.220e-02	7.110e-02
2.020e+04	5.069e-02	4.537e-02	5.989e-02	5.200e-02	4.402e-02	7.034e-02	5.719e-02	4.880e-02	7.344e-02	5.513e-02	5.356e-02	5.706e-02	5.835e-02	5.033e-02	6.798e-02	5.805e-02	5.220e-02	7.113e-02
2.030e+04	5.071e-02	4.585e-02	5.989e-02	5.200e-02	4.402e-02	6.898e-02	5.719e-02	4.880e-02	7.313e-02	5.513e-02	5.356e-02	5.706e-02	5.835e-02	5.033e-02	6.780e-02	5.868e-02	5.220e-02	7.032e-02
2.040e+04	5.071e-02	4.568e-02	5.971e-02	5.200e-02	4.402e-02	6.953e-02	5.742e-02	4.883e-02	7.313e-02	5.516e-02	5.388e-02	5.706e-02	5.835e-02	5.099e-02	6.780e-02	5.868e-02	5.222e-02	7.032e-02
2.050e+04	5.043e-02	4.561e-02	5.971e-02	5.200e-02	4.402e-02	6.953e-02	5.729e-02	4.883e-02	7.313e-02	5.532e-02	5.388e-02	5.713e-02	5.835e-02	5.099e-02	6.780e-02	5.876e-02	5.218e-02	7.032e-02
2.060e+04	4.994e-02	4.553e-02	5.971e-02	5.200e-02	4.402e-02	6.953e-02	5.731e-02	4.883e-02	7.446e-02	5.535e-02	5.399e-02	5.706e-02	5.816e-02	5.208e-02	6.780e-02	5.892e-02	5.218e-02	7.032e-02
2.070e+04	5.053e-02	4.553e-02	5.955e-02	5.164e-02	4.402e-02	6.953e-02	5.738e-02	4.896e-02	7.446e-02	5.545e-02	5.391e-02	5.691e-02	5.816e-02	5.166e-02	6.844e-02	5.908e-02	5.256e-02	7.032e-02
2.080e+04	5.079e-02	4.500e-02	5.943e-02	5.164e-02	4.402e-02	6.953e-02	5.835e-02	4.873e-02	7.446e-02	5.545e-02	5.391e-02	5.709e-02	5.816e-02	5.166e-02	6.844e-02	5.908e-02	5.327e-02	7.032e-02
2.090e+04	5.079e-02	4.553e-02	5.933e-02	5.164e-02	4.341e-02	6.953e-02	5.817e-02	4.846e-02	7.399e-02	5.588e-02	5.391e-02	5.713e-02	5.799e-02	5.166e-02	6.844e-02	5.908e-02	5.327e-02	7.046e-02
2.100e+04	5.114e-02	4.492e-02	5.933e-02	5.076e-02	4.330e-02	6.953e-02	5.817e-02	4.818e-02	7.399e-02	5.588e-02	5.344e-02	5.732e-02	5.802e-02	5.059e-02	6.750e-02	5.883e-02	5.342e-02	7.046e-02
2.110e+04	5.114e-02	4.482e-02	5.855e-02	5.076e-02	4.330e-02	6.953e-02	5.817e-02	4.873e-02	7.448e-02	5.588e-02	5.344e-02	5.732e-02	5.833e-02	5.059e-02	6.725e-02	5.883e-02	5.246e-02	7.046e-02
2.120e+04	5.114e-02	4.480e-02	5.827e-02	4.995e-02	4.330e-02	6.917e-02	5.817e-02	4.896e-02	7.448e-02	5.588e-02	5.273e-02	5.732e-02	5.855e-02	5.053e-02	6.725e-02	5.864e-02	5.233e-02	7.046e-02
2.130e+04	5.114e-02	4.435e-02	5.827e-02	4.995e-02	4.330e-02	6.917e-02	5.817e-02	4.896e-02	7.441e-02	5.583e-02	5.278e-02	5.732e-02	5.818e-02	5.053e-02	6.725e-02	5.858e-02	5.233e-02	7.046e-02
2.140e+04	5.114e-02	4.414e-02	5.864e-02	5.008e-02	4.325e-02	6.964e-02	5.826e-02	4.932e-02	7.441e-02	5.555e-02	5.301e-02	5.815e-02	5.816e-02	5.053e-02	6.781e-02	5.858e-02	5.233e-02	7.126e-02
2.150e+04	5.114e-02	4.370e-02	5.837e-02	5.008e-02	4.325e-02	6.964e-02	5.826e-02	4.941e-02	7.469e-02	5.544e-02	5.328e-02	5.815e-02	5.818e-02	5.053e-02	6.781e-02	5.887e-02	5.323e-02	7.131e-02
2.160e+04	5.061e-02	4.450e-02	5.831e-02	4.963e-02	4.336e-02	6.964e-02	5.764e-02	4.941e-02	7.469e-02	5.544e-02	5.328e-02	5.815e-02	5.818e-02	5.047e-02	6.812e-02	5.887e-02	5.323e-02	7.069e-02
2.170e+04	5.107e-02	4.461e-02	5.831e-02	4.991e-02	4.336e-02	7.082e-02	5.764e-02	4.842e-02	7.469e-02	5.544e-02	5.328e-02	5.815e-02	5.814e-02	5.246e-02	6.788e-02	5.887e-02	5.323e-02	7.069e-02
2.180e+04	5.107e-02	4.459e-02	5.831e-02	4.991e-02	4.357e-02	7.082e-02	5.764e-02	4.761e-02	7.469e-02	5.544e-02	5.328e-02	5.764e-02	5.810e-02	5.246e-02	6.774e-02	5.883e-02	5.323e-02	7.055e-02
2.190e+04	5.130e-02	4.470e-02	5.821e-02	4.991e-02	4.357e-02	7.009e-02	5.764e-02	4.781e-02	7.469e-02	5.550e-02	5.328e-02	5.740e-02	5.810e-02	5.196e-02	6.774e-02	5.900e-02	5.323e-02	7.055e-02
2.200e+04	5.169e-02	4.470e-02	5.748e-02	4.991e-02	4.336e-02	6.901e-02	5.764e-02	4.781e-02	7.318e-02	5.550e-02	5.350e-02	5.816e-02	5.810e-02	5.196e-02	6.774e-02	5.888e-02	5.298e-02	7.040e-02
2.210e+04	5.200e-02	4.488e-02	5.754e-02	5.032e-02	4.413e-02	6.917e-02	5.798e-02	4.781e-02	7.284e-02	5.550e-02	5.350e-02	5.816e-02	5.810e-02	5.268e-02	6.774e-02	5.829e-02	5.257e-02	7.040e-02
2.220e+04	5.169e-02	4.500e-02	5.761e-02	5.032e-02	4.381e-02	6.932e-02	5.798e-02	4.765e-02	7.276e-02	5.573e-02	5.355e-02	5.816e-02	5.787e-02	5.268e-02	6.772e-02	5.829e-02	5.257e-02	6.828e-02
2.230e+04	5.220e-02	4.453e-02	5.761e-02	5.032e-02	4.381e-02	6.855e-02	5.829e-02	4.770e-02	7.276e-02	5.550e-02	5.355e-02	5.864e-02	5.686e-02	5.268e-02	6.801e-02	5.829e-02	5.257e-02	6.826e-02
2.240e+04	5.320e-02	4.412e-02	5.756e-02	5.149e-02	4.381e-02	6.785e-02	5.897e-02	4.770e-02	7.209e-02	5.550e-02	5.355e-02	5.864e-02	5.686e-02	5.268e-02	6.801e-02	5.829e-02	5.257e-02	6.826e-02
2.250e+04	5.320e-02	4.412e-02	5.756e-02	5.115e-02	4.391e-02	6.785e-02	5.897e-02	4.781e-02	7.294e-02	5.550e-02	5.355e-02	5.864e-02	5.686e-02	5.268e-02	6.756e-02	5.829e-02	5.257e-02	6.828e-02
2.260e+04	5.236e-02	4.412e-02	5.756e-02	5.185e-02	4.359e-02	6.838e-02	5.897e-02	4.782e-02	7.241e-02	5.550e-02	5.355e-02	5.864e-02	5.686e-02	5.268e-02	6.810e-02	5.765e-02	5.323e-02	6.828e-02
2.270e+04	5.236e-02	4.412e-02	5.775e-02	5.220e-02	4.359e-02	6.838e-02	5.897e-02	4.782e-02	7.241e-02	5.556e-02	5.314e-02	5.931e-02	5.750e-02	5.255e-02	6.810e-02	5.800e-02	5.298e-02	6.828e-02
2.280e+04	5.236e-02	4.412e-02	5.758e-02	5.196e-02	4.359e-02	6.862e-02	5.924e-02	4.782e-02	7.241e-02	5.556e-02	5.314e-02	5.931e-02	5.754e-02	5.204e-02	6.810e-02	5.783e-02	5.298e-02	6.744e-02
2.290e+04	5.194e-02	4.412e-02	5.824e-02	5.190e-02	4.359e-02	6.862e-02	5.924e-02	4.781e-02	7.241e-02	5.579e-02	5.314e-02	5.931e-02	5.754e-02	5.196e-02	6.810e-02	5.783e-02	5.298e-02	6.744e-02
2.300e+04	5.103e-02	4.412e-02	5.890e-02	5.229e-02	4.359e-02	6.862e-02	5.924e-02	4.781e-02	7.241e-02	5.579e-02	5.314e-02	5.931e-02	5.750e-02	5.196e-02	6.810e-02	5.783e-02	5.254e-02	6.744e-02
2.310e+04	5.092e-02	4.412e-02	5.787e-02	5.152e-02	4.359e-02	6.862e-02	5.924e-02	4.781e-02	7.108e-02	5.578e-02	5.316e-02	5.931e-02	5.750e-02	5.196e-02	6.804e-02	5.783e-02	5.203e-02	6.712e-02
2.320e+04	5.092e-02	4.453e-02	5.787e-02	5.152e-02	4.359e-02	6.957e-02	5.929e-02	4.796e-02	7.108e-02	5.602e-02	5.301e-02	5.931e-02	5.728e-02	5.196e-02	6.804e-02	5.783e-02	5.286e-02	6.712e-02
2.330e+04	5.092e-02	4.453e-02	5.787e-02	5.152e-02	4.359e-02	6.957e-02	5.872e-02	4.780e-02	7.108e-02	5.602e-02	5.306e-02	5.931e-02	5.662e-02	5.259e-02	6.804e-02	5.871e-02	5.286e-02	6.712e-02
2.340e+04	5.103e-02	4.452e-02	5.787e-02	5.152e-02	4.359e-02	6.957e-02	5.911e-02	4.700e-02	7.108e-02	5.602e-02	5.306e-02	5.931e-02	5.675e-02	5.259e-02	6.804e-02	5.871e-02	5.286e-02	6.696e-02
2.350e+04	5.125e-02	4.452e-02	5.787e-02	5.190e-02	4.204e-02	6.957e-02	5.911e-02	4.661e-02	7.108e-02	5.631e-02	5.364e-02	5.919e-02	5.675e-02	5.259e-02	6.804e-02	5.871e-02	5.286e-02	6.713e-02
2.360e+04	5.078e-02	4.408e-02	5.757e-02	5.190e-02	4.204e-02	6.922e-02	5.992e-02	4.653e-02	7.108e-02	5.604e-02	5.364e-02	5.958e-02	5.734e-02	5.385e-02	6.795e-02	5.861e-02	5.286e-02	6.727e-02
2.370e+04	5.078e-02	4.408e-02	5.750e-02	5.190e-02	4.204e-02	6.904e-02	5.992e-02	4.653e-02	7.074e-02	5.604e-02	5.301e-02	5.958e-02	5.719e-02	5.385e-02	6.829e-02	5.861e-02	5.286e-02	6.731e-02
2.380e+04	5.026e-02	4.364e-02	5.731e-02	5.190e-02	4.204e-02	6.904e-02	5.992e-02	4.653e-02	7.092e-02	5.566e-02	5.301e-02	5.958e-02	5.719e-02	5.385e-02	6.829e-02	5.821e-02	5.149e-02	6.720e-02
2.390e+04	5.078e-02	4.318e-02	5.781e-02	5.190e-02	4.204e-02	6.933e-02	5.992e-02	4.828e-02	7.092e-02	5.566e-02	5.266e-02	5.921e-02	5.687e-02	5.385e-02	6.829e-02	5.821e-02	5.149e-02	6.720e-02
2.400e+04	5.078e-02	4.377e-02	5.776e-02	5.190e-02	4.204e-02	6.915e-02	5.992e-02	4.778e-02	7.092e-02	5.620e-02	5.266e-02	5.942e-02	5.722e-02	5.385e-02	6.834e-02	5.821e-02	5.149e-02	6.720e-02
2.410e+04	5.059e-02	4.377e-02	5.767e-02	5.190e-02	4.294e-02	6.915e-02	5.938e-02	4.778e-02	7.092e-02	5.620e-02	5.260e-02	6.046e-02	5.722e-02	5.385e-02	6.866e-02	5.821e-02	5.149e-02	6.720e-02
2.420e+04	5.085e-02	4.434e-02	5.767e-02	5.193e-02	4.294e-02	6.915e-02	5.938e-02	4.718e-02	7.038e-02	5.622e-02	5.260e-02	6.025e-02	5.751e-02	5.385e-02	6.866e-02	5.821e-02	5.207e-02	6.713e-02
2.430e+04	5.085e-02	4.434e-02	5.772e-02	5.194e-02	4.294e-02	6.915e-02	5.938e-02	4.738e-02	7.060e-02	5.645e-02	5.260e-02	6.068e-02	5.702e-02	5.385e-02	6.821e-02	5.814e-02	5.207e-02	6.713e-02
2.440e+04	5.075e-02	4.505e-02	5.783e-02	5.212e-02	4.294e-02	6.924e-02	5.938e-02	4.742e-02	7.060e-02	5.645e-02	5.260e-02	6.068e-02	5.702e-02	5.313e-02	6.821e-02	5.814e-02	5.282e-02	6.713e-02
2.450e+04	5.075e-02	4.476e-02	5.783e-02	5.212e-02	4.294e-02	6.924e-02	5.930e-02	4.742e-02	7.139e-02	5.640e-02	5.260e-02	5.984e-02	5.702e-02	5.313e-02	6.844e-02	5.856e-02	5.282e-02	6.713e-02
2.460e+04	5.057e-02	4.521e-02	5.789e-02	5.210e-02	4.252e-02	6.924e-02	5.850e-02	4.618e-02	7.139e-02	5.612e-02	5.260e-02	5.984e-02	5.702e-02	5.313e-02	6.844e-02	5.856e-02	5.282e-02	6.713e-02
2.470e+04	5.057e-02	4.521e-02	5.818e-02	5.152e-02	4.252e-02	6.924e-02	5.850e-02	4.618e-02	7.139e-02	5.612e-02	5.260e-02	5.983e-02	5.702e-02	5.313e-02	6.844e-02	5.805e-02	5.203e-02	6.713e-02
2.480e+04	5.093e-02	4.521e-02	5.818e-02	5.152e-02	4.336e-02	6.924e-02	5.850e-02	4.618e-02	7.039e-02	5.612e-02	5.260e-02	5.950e-02	5.702e-02	5.327e-02	6.844e-02	5.811e-02	5.231e-02	6.713e-02
2.490e+04	5.148e-02	4.521e-02	5.818e-02	5.130e-02	4.346e-02	6.924e-02	5.850e-02	4.627e-02	7.064e-02	5.596e-02	5.260e-02	5.955e-02	5.702e-02	5.305e-02	6.844e-02	5.811e-02	5.231e-02	6.713e-02
2.500e+04	5.148e-02	4.536e-02	5.818e-02	5.130e-02	4.346e-02	6.924e-02	5.850e-02	4.658e-02	7.064e-02	5.596e-02	5.260e-02	5.970e-02	5.702e-02	5.303e-02	6.844e-02	5.877e-02	5.203e-02	6.671e-02
2.510e+04	5.159e-02	4.536e-02	5.818e-02	5.130e-02	4.346e-02	6.924e-02	5.898e-02	4.672e-02	7.039e-02	5.596e-02	5.316e-02	5.970e-02	5.702e-02	5.303e-02	6.844e-02	5.877e-02	5.271e-02	6.750e-02
2.520e+04	5.196e-02	4.536e-02	5.818e-02	5.130e-02	4.346e-02	6.924e-02	5.898e-02	4.672e-02	7.039e-02	5.596e-02	5.169e-02	5.970e-02	5.702e-02	5.295e-02	6.844e-02	5.856e-02	5.288e-02	6.750e-02
2.530e+04	5.196e-02	4.536e-02	5.808e-02	5.119e-02	4.329e-02	6.924e-02	5.944e-02	4.672e-02	7.039e-02	5.544e-02	5.144e-02	5.970e-02	5.702e-02	5.320e-02	6.844e-02	5.841e-02	5.307e-02	6.701e-02
2.540e+04	5.196e-02	4.536e-02	5.876e-02	5.119e-02	4.329e-02	6.940e-02	5.944e-02	4.672e-02	7.056e-02	5.544e-02	5.144e-02	5.948e-02	5.767e-02	5.320e-02	6.863e-02	5.839e-02	5.307e-02	6.701e-02
2.550e+04	5.203e-02	4.594e-02	5.876e-02	5.112e-02	4.301e-02	6.940e-02	5.944e-02	4.672e-02	7.056e-02	5.526e-02	5.123e-02	5.948e-02	5.767e-02	5.320e-02	6.863e-02	5.839e-02	5.307e-02	6.681e-02
2.560e+04	5.169e-02	4.594e-02	5.876e-02	5.112e-02	4.301e-02	7.189e-02	5.944e-02	4.672e-02	7.056e-02	5.526e-02	5.136e-02	5.897e-02	5.767e-02	5.313e-02	6.863e-02	5.839e-02	5.312e-02	6.688e-02
2.570e+04	5.161e-02	4.623e-02	5.876e-02	5.112e-02	4.301e-02	7.189e-02	5.899e-02	4.672e-02	7.056e-02	5.526e-02	5.160e-02	5.897e-02	5.767e-02	5.313e-02	6.924e-02	5.839e-02	5.314e-02	6.688e-02
2.580e+04	5.187e-02	4.581e-02	5.887e-02	5.112e-02	4.239e-02	7.189e-02	5.928e-02	4.672e-02	7.100e-02	5.486e-02	5.160e-02	5.969e-02	5.767e-02	5.275e-02	6.924e-02	5.839e-02	5.314e-02	6.688e-02
2.590e+04	5.187e-02	4.581e-02	5.887e-02	5.112e-02	4.248e-02	7.166e-02	5.954e-02	4.681e-02	7.108e-02	5.481e-02	5.160e-02	6.042e-02	5.770e-02	5.307e-02	6.924e-02	5.896e-02	5.331e-02	6.677e-02
2.600e+04	5.187e-02	4.569e-02	5.829e-02	5.112e-02	4.214e-02	6.994e-02	5.954e-02	4.686e-02	7.108e-02	5.486e-02	5.265e-02	6.042e-02	5.665e-02	5.307e-02	6.924e-02	5.868e-02	5.370e-02	6.677e-02
2.610e+04	5.201e-02	4.569e-02	5.829e-02	5.090e-02	4.214e-02	6.994e-02	5.964e-02	4.681e-02	7.126e-02	5.486e-02	5.265e-02	6.047e-02	5.675e-02	5.307e-02	6.911e-02	5.868e-02	5.370e-02	6.677e-02
2.620e+04	5.134e-02	4.569e-02	5.829e-02	5.080e-02	4.214e-02	7.006e-02	5.964e-02	4.638e-02	7.095e-02	5.496e-02	5.236e-02	6.047e-02	5.585e-02	5.302e-02	6.911e-02	5.868e-02	5.390e-02	6.677e-02
2.630e+04	5.171e-02	4.569e-02	5.829e-02	5.080e-02	4.214e-02	7.017e-02	5.974e-02	4.638e-02	7.095e-02	5.496e-02	5.196e-02	6.081e-02	5.585e-02	5.302e-02	6.901e-02	5.868e-02	5.439e-02	6.677e-02
2.640e+04	5.171e-02	4.529e-02	5.829e-02	5.080e-02	4.214e-02	6.955e-02	5.975e-02	4.643e-02	7.108e-02	5.513e-02	5.196e-02	6.081e-02	5.620e-02	5.302e-02	6.919e-02	5.883e-02	5.450e-02	6.677e-02
2.650e+04	5.171e-02	4.529e-02	5.829e-02	5.080e-02	4.197e-02	6.955e-02	5.878e-02	4.566e-02	7.108e-02	5.496e-02	5.196e-02	6.081e-02	5.592e-02	5.296e-02	6.919e-02	5.868e-02	5.439e-02	6.662e-02
2.660e+04	5.138e-02	4.529e-02	5.829e-02	5.080e-02	4.166e-02	6.848e-02	5.916e-02	4.566e-02	7.137e-02	5.478e-02	5.196e-02	6.081e-02	5.625e-02	5.296e-02	6.972e-02	5.791e-02	5.329e-02	6.582e-02
2.670e+04	5.138e-02	4.529e-02	5.751e-02	5.080e-02	4.166e-02	6.535e-02	5.916e-02	4.566e-02	7.137e-02	5.480e-02	5.205e-02	6.081e-02	5.625e-02	5.296e-02	6.937e-02	5.791e-02	5.329e-02	6.582e-02
2.680e+04	5.125e-02	4.529e-02	5.751e-02	5.080e-02	4.155e-02	6.447e-02	5.916e-02	4.566e-02	7.131e-02	5.478e-02	5.159e-02	6.081e-02	5.625e-02	5.296e-02	6.937e-02	5.868e-02	5.387e-02	6.582e-02
2.690e+04	5.071e-02	4.529e-02	5.763e-02	5.143e-02	4.155e-02	6.447e-02	5.951e-02	4.566e-02	7.131e-02	5.478e-02	5.159e-02	6.081e-02	5.599e-02	5.171e-02	6.937e-02	5.868e-02	5.338e-02	6.406e-02
2.700e+04	5.059e-02	4.534e-02	5.763e-02	5.143e-02	4.192e-02	6.447e-02	5.951e-02	4.566e-02	7.131e-02	5.478e-02	5.141e-02	6.081e-02	5.599e-02	5.171e-02	6.937e-02	5.868e-02	5.338e-02	6.406e-02
2.710e+04	5.059e-02	4.534e-02	5.828e-02	5.143e-02	4.192e-02	6.447e-02	5.951e-02	4.566e-02	7.116e-02	5.543e-02	5.141e-02	6.081e-02	5.599e-02	5.171e-02	6.937e-02	5.868e-02	5.338e-02	6.406e-02
2.720e+04	5.059e-02	4.534e-02	5.828e-02	5.143e-02	4.192e-02	6.447e-02	5.814e-02	4.573e-02	7.116e-02	5.543e-02	5.141e-02	6.033e-02	5.599e-02	5.171e-02	6.928e-02	5.882e-02	5.338e-02	6.406e-02
2.730e+04	5.059e-02	4.534e-02	5.923e-02	5.149e-02	4.192e-02	6.447e-02	5.814e-02	4.573e-02	7.103e-02	5.496e-02	5.261e-02	6.033e-02	5.596e-02	5.171e-02	6.928e-02	5.882e-02	5.338e-02	6.406e-02
2.740e+04	5.053e-02	4.534e-02	5.923e-02	5.149e-02	4.161e-02	6.480e-02	5.840e-02	4.566e-02	7.103e-02	5.496e-02	5.190e-02	6.033e-02	5.620e-02	5.193e-02	6.928e-02	5.836e-02	5.338e-02	6.406e-02
2.750e+04	5.053e-02	4.500e-02	5.923e-02	5.119e-02	4.161e-02	6.480e-02	5.876e-02	4.566e-02	7.103e-02	5.544e-02	5.190e-02	6.033e-02	5.620e-02	5.188e-02	6.928e-02	5.799e-02	5.312e-02	6.104e-02
2.760e+04	5.032e-02	4.500e-02	5.923e-02	5.104e-02	4.161e-02	6.480e-02	5.954e-02	4.523e-02	7.100e-02	5.575e-02	5.190e-02	6.016e-02	5.699e-02	5.188e-02	6.928e-02	5.799e-02	5.312e-02	6.140e-02
2.770e+04	5.053e-02	4.500e-02	5.922e-02	5.119e-02	4.161e-02	6.480e-02	5.954e-02	4.523e-02	7.047e-02	5.575e-02	5.102e-02	5.960e-02	5.630e-02	5.193e-02	6.930e-02	5.800e-02	5.312e-02	6.140e-02
2.780e+04	5.018e-02	4.529e-02	5.922e-02	5.119e-02	4.113e-02	6.480e-02	5.965e-02	4.582e-02	7.047e-02	5.544e-02	5.102e-02	5.919e-02	5.663e-02	5.193e-02	6.895e-02	5.800e-02	5.327e-02	6.140e-02
2.790e+04	5.032e-02	4.529e-02	5.922e-02	4.888e-02	4.113e-02	6.489e-02	5.965e-02	4.643e-02	7.062e-02	5.544e-02	5.098e-02	5.919e-02	5.703e-02	5.193e-02	6.895e-02	5.799e-02	5.327e-02	6.140e-02
2.800e+04	5.026e-02	4.529e-02	5.922e-02	4.888e-02	4.113e-02	6.489e-02	5.985e-02	4.643e-02	7.062e-02	5.544e-02	5.266e-02	5.919e-02	5.703e-02	5.193e-02	6.867e-02	5.756e-02	5.371e-02	6.068e-02
2.810e+04	5.053e-02	4.529e-02	5.959e-02	4.856e-02	4.135e-02	6.489e-02	5.757e-02	4.663e-02	7.062e-02	5.544e-02	5.193e-02	5.994e-02	5.703e-02	5.166e-02	6.899e-02	5.756e-02	5.371e-02	6.068e-02
2.820e+04	5.053e-02	4.502e-02	5.959e-02	4.812e-02	3.881e-02	6.489e-02	5.550e-02	4.606e-02	7.062e-02	5.562e-02	5.143e-02	5.994e-02	5.703e-02	5.123e-02	6.850e-02	5.695e-02	5.371e-02	6.068e-02
2.830e+04	5.053e-02	4.502e-02	5.969e-02	4.820e-02	3.881e-02	6.473e-02	5.594e-02	4.606e-02	7.010e-02	5.562e-02	5.143e-02	5.994e-02	5.703e-02	5.123e-02	6.850e-02	5.695e-02	5.371e-02	6.068e-02
2.840e+04	5.053e-02	4.502e-02	5.969e-02	4.820e-02	3.968e-02	6.473e-02	5.594e-02	4.605e-02	6.911e-02	5.562e-02	5.143e-02	6.044e-02	5.703e-02	5.119e-02	6.850e-02	5.695e-02	5.371e-02	6.059e-02
2.850e+04	5.074e-02	4.502e-02	5.952e-02	4.808e-02	3.968e-02	6.473e-02	5.594e-02	4.555e-02	6.911e-02	5.483e-02	5.143e-02	5.973e-02	5.646e-02	5.119e-02	6.850e-02	5.703e-02	5.275e-02	6.198e-02
2.860e+04	5.092e-02	4.492e-02	5.952e-02	4.808e-02	3.888e-02	6.473e-02	5.583e-02	4.585e-02	6.925e-02	5.483e-02	5.098e-02	6.016e-02	5.667e-02	5.125e-02	6.850e-02	5.703e-02	5.271e-02	6.198e-02
2.870e+04	5.076e-02	4.461e-02	5.952e-02	4.731e-02	3.888e-02	6.473e-02	5.594e-02	4.585e-02	6.925e-02	5.483e-02	5.167e-02	6.007e-02	5.711e-02	5.222e-02	6.772e-02	5.687e-02	5.266e-02	6.198e-02
2.880e+04	5.036e-02	4.461e-02	5.952e-02	4.795e-02	3.888e-02	6.473e-02	5.654e-02	4.545e-02	6.914e-02	5.483e-02	5.185e-02	6.007e-02	5.711e-02	5.222e-02	6.844e-02	5.687e-02	5.333e-02	6.198e-02
2.890e+04	5.036e-02	4.474e-02	5.952e-02	4.795e-02	3.888e-02	6.473e-02	5.691e-02	4.545e-02	6.815e-02	5.483e-02	5.185e-02	6.007e-02	5.711e-02	5.222e-02	6.844e-02	5.608e-02	5.320e-02	6.198e-02
2.900e+04	5.036e-02	4.435e-02	5.952e-02	4.799e-02	3.888e-02	6.473e-02	5.743e-02	4.545e-02	6.709e-02	5.483e-02	5.186e-02	6.007e-02	5.711e-02	5.222e-02	6.782e-02	5.608e-02	5.320e-02	6.198e-02
2.910e+04	5.056e-02	4.435e-02	5.952e-02	4.799e-02	3.888e-02	6.473e-02	5.743e-02	4.523e-02	6.745e-02	5.562e-02	5.186e-02	6.007e-02	5.711e-02	5.229e-02	6.782e-02	5.645e-02	5.345e-02	6.198e-02
2.920e+04	5.056e-02	4.435e-02	5.911e-02	4.778e-02	3.888e-02	6.473e-02	5.743e-02	4.523e-02	6.717e-02	5.562e-02	5.187e-02	6.007e-02	5.711e-02	5.229e-02	6.796e-02	5.608e-02	5.345e-02	6.198e-02
2.930e+04	4.996e-02	4.435e-02	5.911e-02	4.778e-02	3.888e-02	6.473e-02	5.767e-02	4.523e-02	6.717e-02	5.529e-02	5.239e-02	6.007e-02	5.777e-02	5.229e-02	6.796e-02	5.608e-02	5.372e-02	6.198e-02
2.940e+04	4.996e-02	4.435e-02	5.911e-02	4.799e-02	3.888e-02	6.473e-02	5.779e-02	4.523e-02	6.734e-02	5.529e-02	5.239e-02	6.007e-02	5.849e-02	5.229e-02	6.769e-02	5.608e-02	5.372e-02	6.198e-02
2.950e+04	4.996e-02	4.399e-02	5.929e-02	4.799e-02	3.924e-02	6.516e-02	5.779e-02	4.523e-02	6.734e-02	5.529e-02	5.212e-02	5.975e-02	5.674e-02	5.229e-02	6.742e-02	5.608e-02	5.372e-02	6.198e-02
2.960e+04	4.996e-02	4.399e-02	5.929e-02	4.758e-02	4.004e-02	6.516e-02	5.779e-02	4.503e-02	6.734e-02	5.529e-02	5.212e-02	5.975e-02	5.674e-02	5.229e-02	6.742e-02	5.608e-02	5.372e-02	6.198e-02
2.970e+04	4.996e-02	4.399e-02	5.929e-02	4.811e-02	4.004e-02	6.516e-02	5.779e-02	4.523e-02	6.734e-02	5.529e-02	5.204e-02	5.911e-02	5.664e-02	5.257e-02	6.715e-02	5.608e-02	5.372e-02	6.198e-02
2.980e+04	4.996e-02	4.399e-02	5.952e-02	4.811e-02	3.960e-02	6.489e-02	5.779e-02	4.523e-02	6.734e-02	5.512e-02	5.267e-02	5.922e-02	5.664e-02	5.257e-02	6.715e-02	5.608e-02	5.372e-02	6.198e-02
2.990e+04	4.996e-02	4.399e-02	5.991e-02	4.811e-02	3.960e-02	6.489e-02	5.783e-02	4.522e-02	6.734e-02	5.512e-02	5.267e-02	5.958e-02	5.664e-02	5.257e-02	6.715e-02	5.608e-02	5.359e-02	6.197e-02
3.000e+04	4.996e-02	4.399e-02	5.991e-02	4.811e-02	3.913e-02	6.489e-02	5.823e-02	4.522e-02	6.734e-02	5.486e-02	5.273e-02	5.913e-02	5.655e-02	5.257e-02	6.741e-02	5.589e-02	5.274e-02	6.197e-02
3.010e+04	5.072e-02	4.388e-02	5.975e-02	4.505e-02	3.794e-02	6.489e-02	5.823e-02	4.543e-02	6.769e-02	5.496e-02	5.273e-02	5.913e-02	5.655e-02	5.225e-02	6.741e-02	5.582e-02	5.274e-02	6.202e-02
3.020e+04	5.094e-02	4.388e-02	5.975e-02	4.505e-02	3.794e-02	6.488e-02	5.893e-02	4.523e-02	6.766e-02	5.461e-02	5.273e-02	5.923e-02	5.655e-02	5.218e-02	6.742e-02	5.582e-02	5.290e-02	6.202e-02
3.030e+04	5.058e-02	4.388e-02	5.991e-02	4.441e-02	3.794e-02	6.462e-02	5.902e-02	4.523e-02	6.766e-02	5.461e-02	5.273e-02	5.958e-02	5.655e-02	5.218e-02	6.742e-02	5.585e-02	5.290e-02	6.362e-02
3.040e+04	5.025e-02	4.325e-02	5.995e-02	4.380e-02	3.794e-02	6.462e-02	5.902e-02	4.515e-02	6.790e-02	5.461e-02	5.233e-02	5.958e-02	5.647e-02	5.141e-02	6.742e-02	5.550e-02	5.290e-02	6.362e-02
3.050e+04	5.024e-02	4.341e-02	6.028e-02	4.370e-02	3.794e-02	6.462e-02	5.902e-02	4.515e-02	6.994e-02	5.461e-02	5.233e-02	5.958e-02	5.647e-02	5.141e-02	6.742e-02	5.550e-02	5.290e-02	6.362e-02
3.060e+04	5.024e-02	4.330e-02	6.029e-02	4.357e-02	3.794e-02	6.462e-02	5.925e-02	4.509e-02	7.088e-02	5.461e-02	5.233e-02	5.958e-02	5.563e-02	5.165e-02	6.742e-02	5.539e-02	5.234e-02	6.441e-02
3.070e+04	5.031e-02	4.330e-02	6.017e-02	4.357e-02	3.794e-02	6.458e-02	5.925e-02	4.509e-02	7.066e-02	5.461e-02	5.238e-02	5.994e-02	5.563e-02	5.165e-02	6.742e-02	5.539e-02	5.233e-02	6.447e-02
3.080e+04	5.089e-02	4.346e-02	6.017e-02	4.357e-02	3.794e-02	6.466e-02	5.925e-02	4.509e-02	7.066e-02	5.446e-02	5.238e-02	5.994e-02	5.563e-02	5.165e-02	6.742e-02	5.539e-02	5.214e-02	6.447e-02
3.090e+04	5.089e-02	4.346e-02	6.024e-02	4.357e-02	3.794e-02	6.466e-02	5.925e-02	4.507e-02	7.066e-02	5.446e-02	5.238e-02	6.005e-02	5.596e-02	5.149e-02	6.767e-02	5.539e-02	5.214e-02	6.447e-02
3.100e+04	5.123e-02	4.346e-02	6.032e-02	4.357e-02	3.887e-02	6.466e-02	5.925e-02	4.507e-02	7.066e-02	5.446e-02	5.238e-02	5.910e-02	5.718e-02	5.149e-02	6.767e-02	5.533e-02	5.277e-02	6.439e-02
3.110e+04	5.112e-02	4.265e-02	6.010e-02	4.357e-02	3.887e-02	6.466e-02	5.854e-02	4.502e-02	7.066e-02	5.463e-02	5.291e-02	5.946e-02	5.760e-02	5.149e-02	6.781e-02	5.533e-02	5.277e-02	6.340e-02
3.120e+04	5.112e-02	4.107e-02	6.032e-02	4.357e-02	3.887e-02	6.466e-02	5.806e-02	4.471e-02	7.066e-02	5.463e-02	5.229e-02	5.969e-02	5.801e-02	5.140e-02	6.783e-02	5.563e-02	5.277e-02	6.335e-02
3.130e+04	5.123e-02	4.133e-02	6.021e-02	4.364e-02	3.887e-02	6.466e-02	5.831e-02	4.471e-02	7.076e-02	5.463e-02	5.229e-02	5.969e-02	5.801e-02	5.161e-02	6.783e-02	5.563e-02	5.277e-02	6.335e-02
3.140e+04	5.123e-02	4.133e-02	6.021e-02	4.364e-02	3.887e-02	6.454e-02	5.831e-02	4.471e-02	7.076e-02	5.463e-02	5.229e-02	5.989e-02	5.786e-02	5.126e-02	6.783e-02	5.563e-02	5.277e-02	6.238e-02
3.150e+04	5.134e-02	4.122e-02	6.021e-02	4.364e-02	3.887e-02	6.454e-02	5.795e-02	4.471e-02	6.864e-02	5.463e-02	5.173e-02	5.989e-02	5.786e-02	5.161e-02	6.783e-02	5.563e-02	5.277e-02	6.278e-02
3.160e+04	5.040e-02	4.122e-02	6.027e-02	4.371e-02	3.887e-02	6.454e-02	5.795e-02	4.412e-02	6.873e-02	5.463e-02	5.173e-02	5.989e-02	5.691e-02	5.161e-02	6.783e-02	5.566e-02	5.277e-02	6.278e-02
3.170e+04	5.059e-02	4.126e-02	6.173e-02	4.371e-02	3.887e-02	6.392e-02	5.683e-02	4.350e-02	6.548e-02	5.496e-02	5.167e-02	5.977e-02	5.691e-02	5.161e-02	6.783e-02	5.589e-02	5.277e-02	6.278e-02
3.180e+04	5.059e-02	4.076e-02	6.096e-02	4.371e-02	3.863e-02	6.392e-02	5.683e-02	4.350e-02	6.548e-02	5.496e-02	5.166e-02	5.977e-02	5.644e-02	5.161e-02	6.796e-02	5.625e-02	5.277e-02	6.278e-02
3.190e+04	5.059e-02	4.076e-02	6.123e-02	4.242e-02	3.863e-02	6.392e-02	5.683e-02	4.412e-02	6.576e-02	5.513e-02	5.166e-02	5.977e-02	5.644e-02	5.169e-02	6.796e-02	5.625e-02	5.256e-02	6.278e-02
3.200e+04	5.090e-02	4.076e-02	5.986e-02	4.270e-02	3.863e-02	6.392e-02	5.683e-02	4.412e-02	6.549e-02	5.513e-02	5.166e-02	5.989e-02	5.644e-02	5.194e-02	6.758e-02	5.625e-02	5.333e-02	6.278e-02
3.210e+04	5.162e-02	4.076e-02	6.020e-02	4.270e-02	3.863e-02	6.389e-02	5.683e-02	4.412e-02	6.549e-02	5.513e-02	5.166e-02	5.989e-02	5.644e-02	5.169e-02	6.759e-02	5.612e-02	5.333e-02	6.223e-02
3.220e+04	5.162e-02	4.076e-02	6.020e-02	4.270e-02	3.863e-02	6.389e-02	5.683e-02	4.412e-02	6.549e-02	5.513e-02	5.166e-02	5.989e-02	5.644e-02	5.169e-02	6.764e-02	5.612e-02	5.333e-02	6.223e-02
3.230e+04	5.162e-02	4.076e-02	6.020e-02	4.399e-02	3.863e-02	6.389e-02	5.683e-02	4.311e-02	6.560e-02	5.513e-02	5.166e-02	5.989e-02	5.644e-02	5.137e-02	6.764e-02	5.565e-02	5.333e-02	6.227e-02
3.240e+04	5.139e-02	4.076e-02	5.992e-02	4.399e-02	3.837e-02	6.389e-02	5.691e-02	4.290e-02	6.560e-02	5.513e-02	5.166e-02	5.938e-02	5.644e-02	5.167e-02	6.732e-02	5.565e-02	5.333e-02	6.227e-02
3.250e+04	5.139e-02	4.076e-02	5.930e-02	4.270e-02	3.837e-02	6.389e-02	5.552e-02	4.290e-02	6.624e-02	5.513e-02	5.166e-02	5.961e-02	5.644e-02	5.167e-02	6.732e-02	5.553e-02	5.333e-02	6.227e-02
3.260e+04	5.139e-02	4.076e-02	5.930e-02	4.270e-02	3.837e-02	6.389e-02	5.560e-02	4.275e-02	6.624e-02	5.520e-02	5.166e-02	5.961e-02	5.661e-02	5.167e-02	6.732e-02	5.538e-02	5.393e-02	6.227e-02
3.270e+04	5.139e-02	4.076e-02	5.930e-02	4.325e-02	3.837e-02	6.389e-02	5.560e-02	4.205e-02	6.551e-02	5.520e-02	5.171e-02	5.961e-02	5.661e-02	5.194e-02	6.758e-02	5.528e-02	5.340e-02	6.227e-02
3.280e+04	5.115e-02	4.098e-02	5.930e-02	4.275e-02	3.834e-02	6.389e-02	5.560e-02	4.205e-02	6.551e-02	5.537e-02	5.237e-02	5.899e-02	5.661e-02	5.194e-02	6.758e-02	5.533e-02	5.340e-02	6.278e-02
3.290e+04	5.143e-02	4.098e-02	5.930e-02	4.275e-02	3.831e-02	6.389e-02	5.560e-02	4.205e-02	6.551e-02	5.535e-02	5.224e-02	5.899e-02	5.661e-02	5.194e-02	6.758e-02	5.562e-02	5.393e-02	6.278e-02
3.300e+04	5.143e-02	4.098e-02	5.998e-02	4.275e-02	3.831e-02	6.389e-02	5.486e-02	4.205e-02	6.587e-02	5.535e-02	5.224e-02	5.921e-02	5.661e-02	5.185e-02	6.758e-02	5.576e-02	5.389e-02	6.278e-02
3.310e+04	5.143e-02	4.098e-02	6.044e-02	4.275e-02	3.711e-02	6.283e-02	5.486e-02	4.205e-02	6.587e-02	5.537e-02	5.203e-02	5.953e-02	5.677e-02	5.185e-02	6.758e-02	5.576e-02	5.389e-02	6.278e-02
3.320e+04	5.143e-02	4.098e-02	6.044e-02	4.275e-02	3.711e-02	6.283e-02	5.446e-02	4.205e-02	6.587e-02	5.528e-02	5.203e-02	5.953e-02	5.677e-02	5.167e-02	6.732e-02	5.599e-02	5.347e-02	6.286e-02
3.330e+04	5.113e-02	4.098e-02	6.019e-02	4.321e-02	3.709e-02	6.283e-02	5.463e-02	4.205e-02	6.587e-02	5.528e-02	5.226e-02	5.953e-02	5.677e-02	5.167e-02	6.713e-02	5.595e-02	5.389e-02	6.286e-02
3.340e+04	5.041e-02	4.098e-02	6.019e-02	4.321e-02	3.709e-02	6.283e-02	5.463e-02	4.168e-02	6.587e-02	5.562e-02	5.226e-02	5.953e-02	5.674e-02	5.167e-02	6.713e-02	5.599e-02	5.389e-02	6.286e-02
3.350e+04	5.041e-02	4.022e-02	6.019e-02	4.321e-02	3.719e-02	6.283e-02	5.463e-02	4.168e-02	6.604e-02	5.562e-02	5.237e-02	5.924e-02	5.674e-02	5.160e-02	6.713e-02	5.599e-02	5.347e-02	6.286e-02
3.360e+04	5.041e-02	3.952e-02	6.019e-02	4.321e-02	3.719e-02	6.283e-02	5.463e-02	4.088e-02	6.602e-02	5.685e-02	5.217e-02	5.944e-02	5.674e-02	5.160e-02	6.732e-02	5.599e-02	5.347e-02	6.286e-02
3.370e+04	4.953e-02	3.952e-02	6.019e-02	4.321e-02	3.711e-02	6.283e-02	5.463e-02	4.040e-02	6.670e-02	5.685e-02	5.217e-02	5.944e-02	5.674e-02	5.167e-02	6.732e-02	5.599e-02	5.352e-02	6.304e-02
3.380e+04	4.953e-02	3.952e-02	6.047e-02	4.321e-02	3.743e-02	6.283e-02	5.463e-02	4.046e-02	6.670e-02	5.685e-02	5.217e-02	5.942e-02	5.689e-02	5.167e-02	6.761e-02	5.632e-02	5.361e-02	6.304e-02
3.390e+04	4.968e-02	3.952e-02	6.047e-02	4.321e-02	3.728e-02	6.283e-02	5.512e-02	4.046e-02	6.670e-02	5.685e-02	5.217e-02	5.944e-02	5.689e-02	5.160e-02	6.749e-02	5.632e-02	5.385e-02	6.304e-02
3.400e+04	4.968e-02	3.971e-02	6.047e-02	4.321e-02	3.728e-02	6.283e-02	5.512e-02	4.046e-02	6.670e-02	5.685e-02	5.220e-02	5.944e-02	5.689e-02	5.160e-02	6.749e-02	5.594e-02	5.385e-02	6.304e-02
3.410e+04	4.968e-02	3.971e-02	6.047e-02	4.321e-02	3.693e-02	6.283e-02	5.512e-02	4.031e-02	6.670e-02	5.685e-02	5.220e-02	5.944e-02	5.626e-02	5.162e-02	6.693e-02	5.594e-02	5.385e-02	6.304e-02
3.420e+04	4.968e-02	3.971e-02	6.047e-02	4.321e-02	3.693e-02	6.283e-02	5.512e-02	4.054e-02	6.670e-02	5.685e-02	5.220e-02	5.977e-02	5.626e-02	5.162e-02	6.693e-02	5.594e-02	5.333e-02	6.304e-02
3.430e+04	4.977e-02	3.971e-02	6.019e-02	4.321e-02	3.693e-02	6.276e-02	5.512e-02	4.054e-02	6.670e-02	5.696e-02	5.220e-02	6.004e-02	5.626e-02	5.162e-02	6.693e-02	5.594e-02	5.333e-02	6.286e-02
3.440e+04	4.954e-02	3.971e-02	5.967e-02	4.321e-02	3.693e-02	6.276e-02	5.512e-02	4.054e-02	6.670e-02	5.708e-02	5.236e-02	5.938e-02	5.626e-02	5.162e-02	6.693e-02	5.594e-02	5.333e-02	6.286e-02
3.450e+04	4.954e-02	3.773e-02	5.989e-02	4.241e-02	3.628e-02	6.276e-02	5.512e-02	4.054e-02	6.687e-02	5.708e-02	5.237e-02	5.938e-02	5.626e-02	5.162e-02	6.693e-02	5.684e-02	5.294e-02	6.286e-02
3.460e+04	4.983e-02	3.721e-02	5.989e-02	4.241e-02	3.628e-02	6.210e-02	5.512e-02	3.999e-02	6.687e-02	5.708e-02	5.234e-02	5.938e-02	5.626e-02	5.162e-02	6.693e-02	5.684e-02	5.294e-02	6.286e-02
3.470e+04	4.983e-02	3.670e-02	5.989e-02	4.241e-02	3.628e-02	6.232e-02	5.512e-02	3.999e-02	6.687e-02	5.708e-02	5.224e-02	5.938e-02	5.626e-02	5.162e-02	6.693e-02	5.684e-02	5.294e-02	6.340e-02
3.480e+04	5.004e-02	3.671e-02	5.989e-02	4.241e-02	3.628e-02	6.291e-02	5.512e-02	3.999e-02	6.684e-02	5.708e-02	5.224e-02	6.019e-02	5.626e-02	5.162e-02	6.486e-02	5.684e-02	5.294e-02	6.262e-02
3.490e+04	4.984e-02	3.638e-02	5.989e-02	4.241e-02	3.628e-02	6.291e-02	5.512e-02	4.018e-02	6.684e-02	5.708e-02	5.185e-02	6.019e-02	5.618e-02	5.162e-02	6.486e-02	5.684e-02	5.302e-02	6.279e-02
3.500e+04	4.984e-02	3.679e-02	5.989e-02	4.241e-02	3.628e-02	6.235e-02	5.563e-02	4.018e-02	6.684e-02	5.715e-02	5.185e-02	6.025e-02	5.677e-02	5.130e-02	6.486e-02	5.684e-02	5.305e-02	6.279e-02
3.510e+04	4.973e-02	3.679e-02	5.989e-02	4.241e-02	3.628e-02	6.235e-02	5.563e-02	4.018e-02	6.684e-02	5.677e-02	5.185e-02	6.025e-02	5.677e-02	5.130e-02	6.471e-02	5.684e-02	5.290e-02	6.279e-02
3.520e+04	4.808e-02	3.679e-02	5.997e-02	4.270e-02	3.628e-02	6.235e-02	5.563e-02	4.018e-02	6.808e-02	5.677e-02	5.185e-02	6.025e-02	5.677e-02	5.130e-02	6.471e-02	5.703e-02	5.289e-02	6.279e-02
3.530e+04	4.808e-02	3.679e-02	5.997e-02	4.303e-02	3.624e-02	6.241e-02	5.610e-02	3.966e-02	6.808e-02	5.677e-02	5.185e-02	6.025e-02	5.677e-02	5.002e-02	6.471e-02	5.703e-02	5.289e-02	6.279e-02
3.540e+04	4.808e-02	3.687e-02	5.997e-02	4.303e-02	3.624e-02	6.241e-02	5.610e-02	3.966e-02	6.808e-02	5.677e-02	5.190e-02	6.015e-02	5.664e-02	5.002e-02	6.471e-02	5.714e-02	5.290e-02	6.279e-02
3.550e+04	4.807e-02	3.687e-02	5.997e-02	4.303e-02	3.624e-02	6.241e-02	5.558e-02	3.966e-02	6.808e-02	5.677e-02	5.190e-02	6.068e-02	5.664e-02	5.002e-02	6.471e-02	5.756e-02	5.290e-02	6.279e-02
3.560e+04	4.810e-02	3.687e-02	5.998e-02	4.303e-02	3.628e-02	6.241e-02	5.558e-02	3.966e-02	6.808e-02	5.677e-02	5.271e-02	6.068e-02	5.664e-02	5.002e-02	6.471e-02	5.732e-02	5.290e-02	6.279e-02
3.570e+04	4.762e-02	3.687e-02	5.998e-02	4.303e-02	3.628e-02	6.241e-02	5.558e-02	3.966e-02	6.808e-02	5.677e-02	5.271e-02	6.076e-02	5.612e-02	5.002e-02	6.296e-02	5.732e-02	5.290e-02	6.279e-02
3.580e+04	4.762e-02	3.626e-02	5.998e-02	4.303e-02	3.628e-02	6.256e-02	5.558e-02	3.966e-02	6.808e-02	5.661e-02	5.271e-02	6.051e-02	5.569e-02	5.069e-02	6.296e-02	5.703e-02	5.264e-02	6.279e-02
3.590e+04	4.762e-02	3.626e-02	5.998e-02	4.303e-02	3.628e-02	6.256e-02	5.558e-02	3.907e-02	6.841e-02	5.661e-02	5.190e-02	6.051e-02	5.569e-02	5.069e-02	6.318e-02	5.703e-02	5.264e-02	6.279e-02
3.600e+04	4.762e-02	3.626e-02	5.998e-02	4.305e-02	3.628e-02	6.216e-02	5.558e-02	3.907e-02	6.841e-02	5.661e-02	5.197e-02	6.051e-02	5.569e-02	5.069e-02	6.318e-02	5.678e-02	5.290e-02	6.279e-02
3.610e+04	4.545e-02	3.593e-02	5.998e-02	4.305e-02	3.643e-02	6.216e-02	5.558e-02	3.907e-02	6.841e-02	5.661e-02	5.197e-02	6.051e-02	5.569e-02	5.045e-02	6.318e-02	5.678e-02	5.284e-02	6.279e-02
3.620e+04	4.545e-02	3.593e-02	5.998e-02	4.305e-02	3.643e-02	6.216e-02	5.543e-02	3.792e-02	6.841e-02	5.661e-02	5.197e-02	6.051e-02	5.569e-02	5.056e-02	6.378e-02	5.678e-02	5.284e-02	6.279e-02
3.630e+04	4.564e-02	3.593e-02	5.961e-02	4.305e-02	3.643e-02	6.216e-02	5.528e-02	3.825e-02	6.841e-02	5.661e-02	5.183e-02	6.106e-02	5.604e-02	5.056e-02	6.378e-02	5.667e-02	5.284e-02	6.279e-02
3.640e+04	4.564e-02	3.494e-02	6.029e-02	4.305e-02	3.643e-02	6.349e-02	5.542e-02	3.825e-02	6.841e-02	5.661e-02	5.214e-02	6.106e-02	5.604e-02	5.056e-02	6.414e-02	5.726e-02	5.284e-02	6.279e-02
3.650e+04	4.564e-02	3.493e-02	6.029e-02	4.317e-02	3.643e-02	6.349e-02	5.542e-02	3.850e-02	6.841e-02	5.553e-02	5.214e-02	6.167e-02	5.605e-02	5.115e-02	6.414e-02	5.726e-02	5.284e-02	6.279e-02
3.660e+04	4.525e-02	3.493e-02	6.029e-02	4.309e-02	3.643e-02	6.349e-02	5.542e-02	3.737e-02	6.841e-02	5.553e-02	5.214e-02	6.167e-02	5.605e-02	5.115e-02	6.414e-02	5.726e-02	5.284e-02	6.279e-02
3.670e+04	4.525e-02	3.531e-02	6.029e-02	4.257e-02	3.643e-02	6.349e-02	5.490e-02	3.752e-02	6.841e-02	5.438e-02	5.214e-02	6.167e-02	5.605e-02	5.113e-02	6.414e-02	5.726e-02	5.284e-02	6.287e-02
3.680e+04	4.525e-02	3.531e-02	6.029e-02	4.257e-02	3.643e-02	6.349e-02	5.493e-02	3.785e-02	6.841e-02	5.438e-02	5.214e-02	6.167e-02	5.605e-02	5.113e-02	6.414e-02	5.726e-02	5.284e-02	6.382e-02
3.690e+04	4.545e-02	3.514e-02	6.029e-02	4.257e-02	3.671e-02	6.349e-02	5.493e-02	3.785e-02	6.841e-02	5.427e-02	5.214e-02	6.128e-02	5.629e-02	5.072e-02	6.414e-02	5.726e-02	5.284e-02	6.382e-02
3.700e+04	4.545e-02	3.491e-02	6.029e-02	4.287e-02	3.671e-02	6.349e-02	5.493e-02	3.786e-02	6.818e-02	5.484e-02	5.220e-02	6.128e-02	5.604e-02	5.072e-02	6.414e-02	5.702e-02	5.284e-02	6.382e-02
3.710e+04	4.545e-02	3.469e-02	6.029e-02	4.229e-02	3.671e-02	6.318e-02	5.493e-02	3.786e-02	6.818e-02	5.484e-02	5.220e-02	6.128e-02	5.604e-02	5.073e-02	6.414e-02	5.599e-02	5.269e-02	6.382e-02
3.720e+04	4.570e-02	3.499e-02	6.029e-02	4.227e-02	3.671e-02	6.318e-02	5.493e-02	3.777e-02	6.818e-02	5.484e-02	5.220e-02	6.128e-02	5.604e-02	5.077e-02	6.414e-02	5.599e-02	5.285e-02	6.382e-02
3.730e+04	4.545e-02	3.518e-02	6.029e-02	4.227e-02	3.671e-02	6.318e-02	5.493e-02	3.777e-02	6.818e-02	5.579e-02	5.241e-02	6.128e-02	5.629e-02	5.086e-02	6.464e-02	5.599e-02	5.269e-02	6.382e-02
3.740e+04	4.545e-02	3.518e-02	6.029e-02	4.144e-02	3.632e-02	6.318e-02	5.493e-02	3.777e-02	6.818e-02	5.579e-02	5.220e-02	6.128e-02	5.613e-02	5.077e-02	6.464e-02	5.599e-02	5.269e-02	6.382e-02
3.750e+04	4.566e-02	3.518e-02	6.029e-02	4.144e-02	3.646e-02	6.296e-02	5.493e-02	3.777e-02	6.818e-02	5.579e-02	5.220e-02	6.133e-02	5.613e-02	5.077e-02	6.520e-02	5.631e-02	5.301e-02	6.382e-02
3.760e+04	4.523e-02	3.518e-02	6.029e-02	4.161e-02	3.646e-02	6.296e-02	5.493e-02	3.745e-02	6.611e-02	5.563e-02	5.271e-02	6.133e-02	5.602e-02	5.077e-02	6.520e-02	5.631e-02	5.325e-02	6.382e-02
3.770e+04	4.513e-02	3.518e-02	6.030e-02	4.161e-02	3.646e-02	6.296e-02	5.493e-02	3.745e-02	6.611e-02	5.563e-02	5.253e-02	6.140e-02	5.589e-02	5.077e-02	6.520e-02	5.631e-02	5.309e-02	6.427e-02
3.780e+04	4.513e-02	3.357e-02	6.030e-02	4.161e-02	3.660e-02	6.296e-02	5.493e-02	3.745e-02	6.611e-02	5.563e-02	5.253e-02	6.140e-02	5.589e-02	5.077e-02	6.520e-02	5.631e-02	5.309e-02	6.427e-02
3.790e+04	4.401e-02	3.334e-02	6.030e-02	4.157e-02	3.660e-02	6.296e-02	5.493e-02	3.745e-02	6.604e-02	5.563e-02	5.253e-02	6.140e-02	5.503e-02	5.076e-02	6.630e-02	5.653e-02	5.325e-02	6.380e-02
3.800e+04	4.401e-02	3.330e-02	6.030e-02	4.157e-02	3.660e-02	6.296e-02	5.493e-02	3.754e-02	6.604e-02	5.563e-02	5.220e-02	6.137e-02	5.478e-02	5.039e-02	6.630e-02	5.653e-02	5.325e-02	6.380e-02
3.810e+04	4.442e-02	3.330e-02	6.030e-02	4.210e-02	3.757e-02	6.296e-02	5.461e-02	3.754e-02	6.604e-02	5.546e-02	5.219e-02	6.137e-02	5.478e-02	5.039e-02	6.630e-02	5.653e-02	5.326e-02	6.380e-02
3.820e+04	4.442e-02	3.330e-02	6.030e-02	4.210e-02	3.757e-02	6.232e-02	5.461e-02	3.754e-02	6.604e-02	5.546e-02	5.212e-02	6.137e-02	5.478e-02	5.058e-02	6.622e-02	5.651e-02	5.326e-02	6.380e-02
3.830e+04	4.500e-02	3.306e-02	6.030e-02	4.210e-02	3.757e-02	6.232e-02	5.442e-02	3.754e-02	6.604e-02	5.546e-02	5.212e-02	6.142e-02	5.478e-02	5.058e-02	6.622e-02	5.651e-02	5.326e-02	6.380e-02
3.840e+04	4.500e-02	3.306e-02	6.030e-02	4.214e-02	3.757e-02	6.232e-02	5.494e-02	3.754e-02	6.604e-02	5.484e-02	5.210e-02	6.142e-02	5.478e-02	5.058e-02	6.622e-02	5.674e-02	5.273e-02	6.346e-02
3.850e+04	4.500e-02	3.338e-02	5.992e-02	4.214e-02	3.757e-02	6.232e-02	5.474e-02	3.745e-02	6.604e-02	5.484e-02	5.190e-02	6.208e-02	5.479e-02	5.059e-02	6.053e-02	5.674e-02	5.310e-02	6.346e-02
3.860e+04	4.500e-02	3.338e-02	5.992e-02	4.214e-02	3.767e-02	6.232e-02	5.474e-02	3.745e-02	6.604e-02	5.484e-02	5.190e-02	6.138e-02	5.478e-02	5.059e-02	6.053e-02	5.674e-02	5.310e-02	6.346e-02
3.870e+04	4.522e-02	3.341e-02	6.081e-02	4.185e-02	3.767e-02	6.232e-02	5.310e-02	3.745e-02	6.604e-02	5.484e-02	5.190e-02	6.145e-02	5.478e-02	5.059e-02	6.036e-02	5.640e-02	5.354e-02	6.316e-02
3.880e+04	4.522e-02	3.341e-02	6.081e-02	4.185e-02	3.767e-02	6.232e-02	5.310e-02	3.745e-02	6.604e-02	5.484e-02	5.190e-02	6.145e-02	5.478e-02	5.059e-02	6.036e-02	5.640e-02	5.339e-02	6.316e-02
3.890e+04	4.522e-02	3.317e-02	6.095e-02	4.155e-02	3.767e-02	6.232e-02	5.313e-02	3.745e-02	6.537e-02	5.479e-02	5.190e-02	6.143e-02	5.478e-02	5.059e-02	6.081e-02	5.640e-02	5.339e-02	6.362e-02
3.900e+04	4.522e-02	3.292e-02	6.101e-02	4.155e-02	3.673e-02	6.232e-02	5.371e-02	3.826e-02	6.537e-02	5.562e-02	5.186e-02	6.145e-02	5.478e-02	5.059e-02	6.081e-02	5.674e-02	5.339e-02	6.287e-02
3.910e+04	4.522e-02	3.293e-02	6.026e-02	4.155e-02	3.673e-02	6.232e-02	5.371e-02	3.826e-02	6.537e-02	5.562e-02	5.186e-02	6.145e-02	5.478e-02	5.027e-02	6.081e-02	5.674e-02	5.339e-02	6.304e-02
3.920e+04	4.522e-02	3.312e-02	5.983e-02	4.155e-02	3.673e-02	6.232e-02	5.382e-02	3.826e-02	6.537e-02	5.562e-02	5.186e-02	6.143e-02	5.604e-02	5.027e-02	6.081e-02	5.674e-02	5.342e-02	6.304e-02
3.930e+04	4.457e-02	3.320e-02	5.983e-02	4.155e-02	3.673e-02	6.232e-02	5.382e-02	3.593e-02	6.537e-02	5.513e-02	5.186e-02	6.152e-02	5.604e-02	5.027e-02	6.140e-02	5.674e-02	5.339e-02	6.304e-02
3.940e+04	4.523e-02	3.320e-02	5.983e-02	4.155e-02	3.673e-02	6.210e-02	5.382e-02	3.593e-02	6.537e-02	5.513e-02	5.186e-02	6.152e-02	5.604e-02	5.027e-02	6.136e-02	5.674e-02	5.304e-02	6.304e-02
3.950e+04	4.459e-02	3.338e-02	5.983e-02	4.155e-02	3.673e-02	6.210e-02	5.382e-02	3.593e-02	6.537e-02	5.513e-02	5.203e-02	6.152e-02	5.604e-02	5.027e-02	6.136e-02	5.674e-02	5.298e-02	6.304e-02
3.960e+04	4.524e-02	3.338e-02	5.983e-02	4.155e-02	3.598e-02	6.173e-02	5.480e-02	3.593e-02	6.559e-02	5.513e-02	5.238e-02	6.191e-02	5.604e-02	5.027e-02	6.136e-02	5.674e-02	5.298e-02	6.304e-02
3.970e+04	4.504e-02	3.292e-02	5.942e-02	4.370e-02	3.598e-02	6.173e-02	5.482e-02	3.593e-02	6.559e-02	5.516e-02	5.238e-02	6.171e-02	5.604e-02	5.004e-02	6.136e-02	5.674e-02	5.298e-02	6.304e-02
3.980e+04	4.504e-02	3.292e-02	5.942e-02	4.392e-02	3.598e-02	6.260e-02	5.482e-02	3.593e-02	6.542e-02	5.516e-02	5.203e-02	6.171e-02	5.604e-02	5.005e-02	6.136e-02	5.674e-02	5.318e-02	6.334e-02
3.990e+04	4.504e-02	3.292e-02	5.984e-02	4.239e-02	3.565e-02	6.260e-02	5.419e-02	3.593e-02	6.542e-02	5.513e-02	5.203e-02	6.171e-02	5.604e-02	5.005e-02	6.125e-02	5.653e-02	5.318e-02	6.334e-02
4.000e+04	4.504e-02	3.239e-02	5.984e-02	4.239e-02	3.544e-02	6.260e-02	5.419e-02	3.593e-02	6.589e-02	5.512e-02	5.203e-02	6.171e-02	5.604e-02	5.013e-02	6.125e-02	5.653e-02	5.318e-02	6.334e-02
4.010e+04	4.504e-02	3.239e-02	5.989e-02	4.041e-02	3.544e-02	6.221e-02	5.419e-02	3.593e-02	6.589e-02	5.512e-02	5.176e-02	6.171e-02	5.604e-02	5.013e-02	6.125e-02	5.653e-02	5.329e-02	6.291e-02
4.020e+04	4.524e-02	3.239e-02	5.989e-02	4.041e-02	3.544e-02	6.221e-02	5.419e-02	3.593e-02	6.727e-02	5.512e-02	5.176e-02	6.182e-02	5.577e-02	5.053e-02	6.125e-02	5.653e-02	5.323e-02	6.291e-02
4.030e+04	4.524e-02	3.239e-02	6.037e-02	4.041e-02	3.544e-02	6.249e-02	5.408e-02	3.593e-02	6.727e-02	5.512e-02	5.176e-02	6.146e-02	5.577e-02	5.053e-02	6.125e-02	5.653e-02	5.338e-02	6.276e-02
4.040e+04	4.524e-02	3.239e-02	6.037e-02	4.041e-02	3.577e-02	6.249e-02	5.353e-02	3.593e-02	6.766e-02	5.506e-02	5.169e-02	6.146e-02	5.577e-02	5.053e-02	6.125e-02	5.653e-02	5.338e-02	6.276e-02
4.050e+04	4.524e-02	3.239e-02	6.037e-02	4.032e-02	3.577e-02	6.249e-02	5.335e-02	3.608e-02	6.766e-02	5.506e-02	5.169e-02	6.125e-02	5.486e-02	5.013e-02	6.093e-02	5.653e-02	5.338e-02	6.276e-02
4.060e+04	4.524e-02	3.239e-02	6.040e-02	4.129e-02	3.407e-02	6.311e-02	5.335e-02	3.608e-02	6.693e-02	5.506e-02	5.169e-02	6.125e-02	5.433e-02	5.013e-02	6.093e-02	5.653e-02	5.338e-02	6.276e-02
4.070e+04	4.543e-02	3.239e-02	6.040e-02	4.129e-02	3.476e-02	6.311e-02	5.335e-02	3.608e-02	6.688e-02	5.506e-02	5.148e-02	6.125e-02	5.458e-02	5.013e-02	6.093e-02	5.653e-02	5.338e-02	6.276e-02
4.080e+04	4.484e-02	3.246e-02	6.040e-02	4.223e-02	3.476e-02	6.311e-02	5.335e-02	3.608e-02	6.686e-02	5.512e-02	5.148e-02	6.125e-02	5.458e-02	5.013e-02	6.093e-02	5.653e-02	5.338e-02	6.306e-02
4.090e+04	4.484e-02	3.209e-02	6.040e-02	4.081e-02	3.479e-02	6.176e-02	5.335e-02	3.608e-02	6.686e-02	5.512e-02	5.148e-02	6.102e-02	5.458e-02	5.013e-02	6.093e-02	5.653e-02	5.338e-02	6.335e-02
4.100e+04	4.441e-02	3.197e-02	6.040e-02	4.081e-02	3.479e-02	6.152e-02	5.335e-02	3.608e-02	6.686e-02	5.512e-02	5.115e-02	6.102e-02	5.458e-02	5.013e-02	6.093e-02	5.653e-02	5.338e-02	6.320e-02
4.110e+04	4.441e-02	3.157e-02	6.040e-02	4.119e-02	3.479e-02	6.152e-02	5.415e-02	3.608e-02	6.686e-02	5.512e-02	5.131e-02	6.102e-02	5.458e-02	5.009e-02	6.093e-02	5.653e-02	5.338e-02	6.320e-02
4.120e+04	4.456e-02	3.150e-02	6.040e-02	4.119e-02	3.499e-02	6.009e-02	5.417e-02	3.608e-02	6.686e-02	5.512e-02	5.133e-02	6.098e-02	5.458e-02	5.009e-02	6.093e-02	5.653e-02	5.319e-02	6.378e-02
4.130e+04	4.456e-02	3.150e-02	6.047e-02	4.119e-02	3.499e-02	6.101e-02	5.415e-02	3.770e-02	6.686e-02	5.512e-02	5.133e-02	6.098e-02	5.519e-02	5.009e-02	6.093e-02	5.647e-02	5.319e-02	6.447e-02
4.140e+04	4.379e-02	3.150e-02	6.047e-02	4.119e-02	3.468e-02	6.112e-02	5.387e-02	3.763e-02	6.659e-02	5.512e-02	5.131e-02	6.098e-02	5.582e-02	5.009e-02	6.093e-02	5.647e-02	5.319e-02	6.447e-02
4.150e+04	4.359e-02	3.092e-02	5.897e-02	4.288e-02	3.468e-02	6.112e-02	5.387e-02	3.757e-02	6.659e-02	5.512e-02	5.131e-02	6.098e-02	5.582e-02	5.009e-02	6.093e-02	5.647e-02	5.319e-02	6.447e-02
4.160e+04	4.363e-02	3.042e-02	5.883e-02	4.288e-02	3.476e-02	6.112e-02	5.381e-02	3.757e-02	6.659e-02	5.575e-02	5.131e-02	6.098e-02	5.582e-02	5.009e-02	6.077e-02	5.647e-02	5.327e-02	6.447e-02
4.170e+04	4.363e-02	3.051e-02	5.833e-02	4.288e-02	3.479e-02	6.112e-02	5.325e-02	3.757e-02	6.686e-02	5.575e-02	5.118e-02	6.098e-02	5.582e-02	5.035e-02	6.077e-02	5.652e-02	5.327e-02	6.447e-02
4.180e+04	4.359e-02	3.062e-02	5.833e-02	4.288e-02	3.479e-02	6.112e-02	5.325e-02	3.757e-02	6.686e-02	5.669e-02	5.118e-02	6.098e-02	5.582e-02	5.047e-02	6.085e-02	5.652e-02	5.319e-02	6.414e-02
4.190e+04	4.312e-02	3.062e-02	5.821e-02	4.288e-02	3.482e-02	6.112e-02	5.318e-02	3.757e-02	6.686e-02	5.669e-02	5.118e-02	6.098e-02	5.539e-02	5.047e-02	6.085e-02	5.652e-02	5.312e-02	6.414e-02
4.200e+04	4.210e-02	3.072e-02	5.887e-02	4.288e-02	3.482e-02	6.039e-02	5.333e-02	3.719e-02	6.637e-02	5.638e-02	5.118e-02	6.098e-02	5.539e-02	5.047e-02	6.085e-02	5.652e-02	5.327e-02	6.414e-02
4.210e+04	4.210e-02	3.072e-02	5.887e-02	4.378e-02	3.482e-02	6.039e-02	5.333e-02	3.750e-02	6.637e-02	5.638e-02	5.118e-02	6.098e-02	5.550e-02	5.047e-02	6.085e-02	5.652e-02	5.354e-02	6.441e-02
4.220e+04	4.210e-02	3.072e-02	5.906e-02	4.378e-02	3.482e-02	6.035e-02	5.333e-02	3.750e-02	6.637e-02	5.638e-02	5.118e-02	6.096e-02	5.550e-02	4.999e-02	6.085e-02	5.627e-02	5.354e-02	6.441e-02
4.230e+04	4.210e-02	3.082e-02	5.906e-02	4.378e-02	3.396e-02	5.961e-02	5.333e-02	3.711e-02	6.635e-02	5.658e-02	5.123e-02	6.096e-02	5.550e-02	4.999e-02	6.085e-02	5.631e-02	5.354e-02	6.441e-02
4.240e+04	4.175e-02	3.082e-02	5.906e-02	4.378e-02	3.396e-02	5.845e-02	5.333e-02	3.711e-02	6.610e-02	5.658e-02	5.105e-02	6.096e-02	5.550e-02	4.999e-02	6.085e-02	5.654e-02	5.330e-02	6.575e-02
4.250e+04	4.175e-02	3.104e-02	5.906e-02	4.175e-02	3.392e-02	5.845e-02	5.333e-02	3.711e-02	6.610e-02	5.658e-02	5.105e-02	6.096e-02	5.550e-02	5.017e-02	6.085e-02	5.654e-02	5.330e-02	6.575e-02
4.260e+04	4.183e-02	3.230e-02	5.906e-02	4.175e-02	3.372e-02	5.486e-02	5.333e-02	3.711e-02	6.610e-02	5.658e-02	5.124e-02	6.096e-02	5.550e-02	5.017e-02	6.085e-02	5.658e-02	5.330e-02	6.575e-02
4.270e+04	4.183e-02	3.233e-02	5.906e-02	4.179e-02	3.372e-02	5.513e-02	5.325e-02	3.743e-02	6.651e-02	5.658e-02	5.124e-02	6.096e-02	5.550e-02	5.017e-02	6.085e-02	5.658e-02	5.330e-02	6.575e-02
4.280e+04	4.183e-02	3.233e-02	5.998e-02	4.179e-02	3.278e-02	5.513e-02	5.325e-02	3.726e-02	6.539e-02	5.658e-02	5.144e-02	6.096e-02	5.550e-02	4.989e-02	6.085e-02	5.658e-02	5.330e-02	6.575e-02
4.290e+04	4.183e-02	3.233e-02	5.998e-02	4.179e-02	3.306e-02	5.513e-02	5.325e-02	3.687e-02	6.550e-02	5.708e-02	5.144e-02	5.986e-02	5.550e-02	4.989e-02	6.085e-02	5.689e-02	5.330e-02	6.575e-02
4.300e+04	4.166e-02	3.233e-02	5.998e-02	4.179e-02	3.306e-02	5.513e-02	5.325e-02	3.687e-02	6.550e-02	5.708e-02	5.134e-02	6.089e-02	5.550e-02	4.990e-02	6.089e-02	5.689e-02	5.330e-02	6.575e-02
4.310e+04	4.166e-02	3.233e-02	5.998e-02	4.179e-02	3.306e-02	5.513e-02	5.325e-02	3.629e-02	6.550e-02	5.708e-02	5.134e-02	6.127e-02	5.553e-02	4.990e-02	6.070e-02	5.712e-02	5.284e-02	6.593e-02
4.320e+04	4.201e-02	3.233e-02	6.060e-02	4.179e-02	3.306e-02	5.513e-02	5.281e-02	3.629e-02	6.550e-02	5.708e-02	5.134e-02	6.127e-02	5.506e-02	4.990e-02	6.047e-02	5.689e-02	5.284e-02	6.629e-02
4.330e+04	4.201e-02	3.246e-02	6.060e-02	4.179e-02	3.248e-02	5.513e-02	5.240e-02	3.651e-02	6.550e-02	5.708e-02	5.134e-02	6.127e-02	5.540e-02	4.990e-02	6.043e-02	5.689e-02	5.284e-02	6.629e-02
4.340e+04	4.201e-02	3.246e-02	6.060e-02	4.179e-02	3.248e-02	5.513e-02	5.240e-02	3.651e-02	6.550e-02	5.708e-02	5.134e-02	6.127e-02	5.540e-02	4.949e-02	6.053e-02	5.656e-02	5.264e-02	6.186e-02
4.350e+04	4.201e-02	3.246e-02	6.053e-02	4.179e-02	3.316e-02	5.513e-02	5.240e-02	3.651e-02	6.520e-02	5.708e-02	5.152e-02	6.127e-02	5.540e-02	4.962e-02	6.071e-02	5.656e-02	5.305e-02	6.186e-02
4.360e+04	4.201e-02	3.259e-02	6.053e-02	4.188e-02	3.328e-02	5.462e-02	5.171e-02	3.651e-02	6.462e-02	5.708e-02	5.143e-02	6.127e-02	5.560e-02	4.962e-02	6.071e-02	5.656e-02	5.305e-02	6.186e-02
4.370e+04	4.201e-02	3.259e-02	6.053e-02	4.188e-02	3.328e-02	5.462e-02	5.112e-02	3.651e-02	6.462e-02	5.708e-02	5.143e-02	6.142e-02	5.560e-02	4.948e-02	6.050e-02	5.656e-02	5.305e-02	6.186e-02
4.380e+04	4.201e-02	3.259e-02	6.053e-02	4.179e-02	3.316e-02	5.661e-02	5.112e-02	3.600e-02	6.462e-02	5.708e-02	5.143e-02	6.142e-02	5.560e-02	4.948e-02	6.050e-02	5.656e-02	5.305e-02	6.186e-02
4.390e+04	4.235e-02	3.259e-02	6.053e-02	4.179e-02	3.336e-02	5.661e-02	5.119e-02	3.600e-02	6.455e-02	5.595e-02	5.143e-02	6.142e-02	5.560e-02	4.948e-02	6.050e-02	5.656e-02	5.305e-02	6.186e-02
4.400e+04	4.235e-02	3.259e-02	5.874e-02	4.188e-02	3.336e-02	5.661e-02	5.119e-02	3.465e-02	6.455e-02	5.622e-02	5.143e-02	6.142e-02	5.560e-02	4.948e-02	6.050e-02	5.658e-02	5.308e-02	6.223e-02
4.410e+04	4.235e-02	3.259e-02	5.874e-02	4.188e-02	3.316e-02	5.660e-02	5.020e-02	3.465e-02	6.474e-02	5.677e-02	5.143e-02	6.142e-02	5.579e-02	5.025e-02	6.050e-02	5.658e-02	5.339e-02	6.223e-02
4.420e+04	4.151e-02	3.259e-02	5.874e-02	4.188e-02	3.336e-02	5.660e-02	4.942e-02	3.465e-02	6.474e-02	5.677e-02	5.178e-02	6.142e-02	5.579e-02	5.025e-02	6.050e-02	5.638e-02	5.339e-02	6.223e-02
4.430e+04	4.086e-02	3.259e-02	5.874e-02	4.188e-02	3.323e-02	5.660e-02	4.942e-02	3.465e-02	6.474e-02	5.557e-02	5.185e-02	6.142e-02	5.579e-02	5.025e-02	6.041e-02	5.638e-02	5.354e-02	6.223e-02
4.440e+04	4.086e-02	3.259e-02	5.874e-02	4.183e-02	3.323e-02	5.660e-02	4.942e-02	3.465e-02	6.535e-02	5.557e-02	5.185e-02	6.142e-02	5.595e-02	5.025e-02	6.041e-02	5.638e-02	5.344e-02	6.223e-02
4.450e+04	4.035e-02	3.259e-02	5.874e-02	4.188e-02	3.323e-02	5.660e-02	4.942e-02	3.440e-02	6.545e-02	5.576e-02	5.214e-02	6.142e-02	5.595e-02	4.997e-02	6.041e-02	5.702e-02	5.344e-02	6.282e-02
4.460e+04	4.035e-02	3.172e-02	5.731e-02	4.188e-02	3.323e-02	5.660e-02	4.929e-02	3.531e-02	6.490e-02	5.576e-02	5.214e-02	6.136e-02	5.595e-02	4.997e-02	6.041e-02	5.702e-02	5.344e-02	6.278e-02
4.470e+04	4.081e-02	3.232e-02	5.731e-02	4.188e-02	3.330e-02	5.660e-02	4.953e-02	3.531e-02	6.490e-02	5.576e-02	5.222e-02	6.136e-02	5.595e-02	4.997e-02	6.024e-02	5.702e-02	5.344e-02	6.278e-02
4.480e+04	4.029e-02	3.232e-02	5.731e-02	4.244e-02	3.328e-02	5.542e-02	4.953e-02	3.531e-02	6.490e-02	5.576e-02	5.215e-02	6.136e-02	5.595e-02	5.018e-02	6.024e-02	5.694e-02	5.344e-02	6.278e-02
4.490e+04	3.859e-02	3.232e-02	5.731e-02	4.370e-02	3.333e-02	5.542e-02	4.953e-02	3.531e-02	6.445e-02	5.572e-02	5.215e-02	6.136e-02	5.595e-02	5.018e-02	6.024e-02	5.694e-02	5.344e-02	6.278e-02
4.500e+04	3.859e-02	3.232e-02	5.731e-02	4.370e-02	3.333e-02	5.560e-02	4.982e-02	3.560e-02	6.445e-02	5.572e-02	5.182e-02	6.136e-02	5.611e-02	5.018e-02	6.024e-02	5.694e-02	5.344e-02	6.278e-02
4.510e+04	3.859e-02	3.232e-02	5.596e-02	4.370e-02	3.333e-02	5.560e-02	4.982e-02	3.560e-02	6.411e-02	5.615e-02	5.182e-02	6.136e-02	5.645e-02	4.997e-02	6.024e-02	5.665e-02	5.344e-02	6.259e-02
4.520e+04	3.878e-02	3.232e-02	5.371e-02	4.370e-02	3.333e-02	5.541e-02	4.982e-02	3.560e-02	6.411e-02	5.615e-02	5.176e-02	6.136e-02	5.645e-02	5.035e-02	6.128e-02	5.654e-02	5.344e-02	6.259e-02
4.530e+04	3.878e-02	3.232e-02	5.382e-02	4.463e-02	3.333e-02	5.473e-02	4.982e-02	3.621e-02	6.411e-02	5.615e-02	5.182e-02	6.137e-02	5.611e-02	5.035e-02	6.128e-02	5.654e-02	5.344e-02	6.259e-02
4.540e+04	3.878e-02	3.232e-02	5.371e-02	4.463e-02	3.333e-02	5.473e-02	4.982e-02	3.629e-02	6.445e-02	5.615e-02	5.183e-02	6.137e-02	5.611e-02	5.035e-02	6.128e-02	5.654e-02	5.344e-02	6.259e-02
4.550e+04	3.878e-02	3.281e-02	5.371e-02	4.482e-02	3.371e-02	5.473e-02	4.982e-02	3.639e-02	6.445e-02	5.592e-02	5.176e-02	6.137e-02	5.611e-02	5.035e-02	6.119e-02	5.637e-02	5.354e-02	6.259e-02
4.560e+04	3.878e-02	3.281e-02	5.371e-02	4.520e-02	3.371e-02	5.473e-02	5.021e-02	3.618e-02	6.476e-02	5.592e-02	5.176e-02	6.137e-02	5.611e-02	5.038e-02	6.119e-02	5.633e-02	5.354e-02	6.259e-02
4.570e+04	3.878e-02	3.281e-02	5.361e-02	4.520e-02	3.366e-02	5.473e-02	5.021e-02	3.590e-02	6.476e-02	5.592e-02	5.176e-02	6.137e-02	5.611e-02	5.023e-02	6.119e-02	5.633e-02	5.354e-02	6.259e-02
4.580e+04	3.878e-02	3.063e-02	5.361e-02	4.515e-02	3.366e-02	5.473e-02	4.812e-02	3.566e-02	6.476e-02	5.592e-02	5.176e-02	6.112e-02	5.596e-02	5.023e-02	6.119e-02	5.638e-02	5.354e-02	6.292e-02
4.590e+04	4.009e-02	3.063e-02	5.361e-02	4.515e-02	3.366e-02	5.473e-02	4.812e-02	3.485e-02	6.476e-02	5.592e-02	5.176e-02	6.112e-02	5.572e-02	5.043e-02	6.061e-02	5.649e-02	5.363e-02	6.296e-02
4.600e+04	4.009e-02	3.063e-02	5.361e-02	4.515e-02	3.366e-02	5.473e-02	4.873e-02	3.485e-02	6.476e-02	5.592e-02	5.176e-02	6.153e-02	5.572e-02	5.043e-02	6.061e-02	5.649e-02	5.363e-02	6.296e-02
4.610e+04	4.009e-02	3.063e-02	5.361e-02	4.515e-02	3.366e-02	5.473e-02	4.832e-02	3.524e-02	6.476e-02	5.592e-02	5.176e-02	6.145e-02	5.572e-02	5.043e-02	6.061e-02	5.649e-02	5.363e-02	6.296e-02
4.620e+04	4.009e-02	3.063e-02	5.215e-02	4.505e-02	3.274e-02	5.375e-02	4.832e-02	3.524e-02	6.492e-02	5.592e-02	5.176e-02	6.145e-02	5.592e-02	5.043e-02	6.036e-02	5.649e-02	5.363e-02	6.296e-02
4.630e+04	4.009e-02	3.063e-02	5.215e-02	4.505e-02	3.274e-02	5.375e-02	4.832e-02	3.544e-02	6.476e-02	5.592e-02	5.176e-02	6.158e-02	5.579e-02	5.070e-02	6.036e-02	5.654e-02	5.363e-02	6.296e-02
4.640e+04	4.009e-02	2.969e-02	5.149e-02	4.505e-02	3.274e-02	5.375e-02	4.832e-02	3.619e-02	6.476e-02	5.592e-02	5.231e-02	6.158e-02	5.622e-02	5.070e-02	6.036e-02	5.654e-02	5.363e-02	6.296e-02
4.650e+04	4.009e-02	2.969e-02	5.149e-02	4.515e-02	3.274e-02	5.375e-02	4.808e-02	3.619e-02	6.482e-02	5.592e-02	5.231e-02	6.145e-02	5.622e-02	5.070e-02	6.051e-02	5.649e-02	5.363e-02	6.296e-02
4.660e+04	3.979e-02	3.000e-02	5.149e-02	4.515e-02	3.270e-02	5.375e-02	4.822e-02	3.619e-02	6.554e-02	5.592e-02	5.231e-02	6.134e-02	5.622e-02	5.070e-02	6.051e-02	5.649e-02	5.360e-02	6.315e-02
4.670e+04	3.979e-02	3.054e-02	5.158e-02	4.515e-02	3.270e-02	5.422e-02	4.822e-02	3.649e-02	6.533e-02	5.592e-02	5.236e-02	6.134e-02	5.622e-02	5.094e-02	6.051e-02	5.620e-02	5.360e-02	6.321e-02
4.680e+04	3.979e-02	3.054e-02	5.186e-02	4.515e-02	3.422e-02	5.422e-02	4.822e-02	3.666e-02	6.533e-02	5.592e-02	5.236e-02	6.128e-02	5.622e-02	5.094e-02	6.051e-02	5.620e-02	5.333e-02	6.424e-02
4.690e+04	3.979e-02	3.054e-02	5.167e-02	4.504e-02	3.246e-02	5.441e-02	4.822e-02	3.666e-02	6.543e-02	5.592e-02	5.236e-02	6.108e-02	5.622e-02	5.094e-02	6.051e-02	5.620e-02	5.337e-02	6.424e-02
4.700e+04	3.979e-02	3.054e-02	5.089e-02	4.504e-02	3.246e-02	5.441e-02	4.954e-02	3.638e-02	6.543e-02	5.592e-02	5.236e-02	6.108e-02	5.622e-02	5.094e-02	6.051e-02	5.620e-02	5.271e-02	6.424e-02
4.710e+04	3.979e-02	3.076e-02	4.931e-02	4.515e-02	3.218e-02	5.441e-02	4.954e-02	3.638e-02	6.554e-02	5.632e-02	5.240e-02	6.108e-02	5.622e-02	5.124e-02	6.051e-02	5.620e-02	5.271e-02	6.424e-02
4.720e+04	3.979e-02	3.076e-02	4.931e-02	4.515e-02	3.313e-02	5.439e-02	4.954e-02	3.521e-02	6.554e-02	5.632e-02	5.240e-02	6.109e-02	5.595e-02	5.124e-02	6.051e-02	5.620e-02	5.271e-02	6.424e-02
4.730e+04	3.979e-02	3.076e-02	4.893e-02	4.515e-02	3.322e-02	5.439e-02	4.954e-02	3.521e-02	6.554e-02	5.632e-02	5.240e-02	6.109e-02	5.595e-02	5.124e-02	6.051e-02	5.606e-02	5.271e-02	6.424e-02
4.740e+04	3.983e-02	3.076e-02	4.893e-02	4.515e-02	3.310e-02	5.439e-02	4.954e-02	3.652e-02	6.554e-02	5.632e-02	5.240e-02	6.112e-02	5.595e-02	5.124e-02	6.056e-02	5.589e-02	5.271e-02	6.498e-02
4.750e+04	3.983e-02	3.076e-02	4.818e-02	4.525e-02	3.310e-02	5.439e-02	4.954e-02	3.652e-02	6.560e-02	5.632e-02	5.186e-02	6.112e-02	5.609e-02	5.132e-02	6.056e-02	5.589e-02	5.266e-02	6.498e-02
4.760e+04	3.983e-02	3.076e-02	4.785e-02	4.525e-02	3.310e-02	5.439e-02	4.949e-02	3.652e-02	6.560e-02	5.632e-02	5.186e-02	6.108e-02	5.609e-02	5.126e-02	6.056e-02	5.589e-02	5.266e-02	6.498e-02
4.770e+04	3.983e-02	3.105e-02	4.708e-02	4.525e-02	3.310e-02	5.439e-02	4.949e-02	3.556e-02	6.560e-02	5.632e-02	5.186e-02	6.161e-02	5.609e-02	5.126e-02	6.056e-02	5.589e-02	5.266e-02	6.498e-02
4.780e+04	3.983e-02	3.105e-02	4.708e-02	4.515e-02	3.349e-02	5.439e-02	4.949e-02	3.556e-02	6.560e-02	5.632e-02	5.186e-02	6.161e-02	5.609e-02	5.116e-02	6.051e-02	5.589e-02	5.266e-02	6.498e-02
4.790e+04	3.983e-02	3.105e-02	4.708e-02	4.515e-02	3.349e-02	5.439e-02	4.949e-02	3.556e-02	6.560e-02	5.632e-02	5.186e-02	6.161e-02	5.609e-02	5.116e-02	6.051e-02	5.589e-02	5.266e-02	6.498e-02
4.800e+04	3.983e-02	3.110e-02	4.708e-02	4.556e-02	3.371e-02	5.421e-02	4.949e-02	3.562e-02	6.560e-02	5.632e-02	5.180e-02	6.152e-02	5.609e-02	5.116e-02	6.056e-02	5.589e-02	5.275e-02	6.498e-02
4.810e+04	3.983e-02	3.110e-02	4.708e-02	4.556e-02	3.366e-02	5.421e-02	4.949e-02	3.562e-02	6.560e-02	5.632e-02	5.180e-02	6.152e-02	5.609e-02	5.116e-02	6.056e-02	5.561e-02	5.196e-02	6.498e-02
4.820e+04	3.983e-02	3.164e-02	4.634e-02	4.556e-02	3.366e-02	5.421e-02	4.949e-02	3.567e-02	6.560e-02	5.632e-02	5.180e-02	6.152e-02	5.609e-02	5.126e-02	6.056e-02	5.561e-02	5.196e-02	6.498e-02
4.830e+04	3.983e-02	3.164e-02	4.634e-02	4.556e-02	3.366e-02	5.421e-02	4.949e-02	3.567e-02	6.560e-02	5.618e-02	5.180e-02	6.152e-02	5.609e-02	5.126e-02	6.056e-02	5.561e-02	5.196e-02	6.498e-02
4.840e+04	3.949e-02	3.164e-02	4.541e-02	4.561e-02	3.366e-02	5.421e-02	4.949e-02	3.567e-02	6.560e-02	5.618e-02	5.180e-02	6.070e-02	5.609e-02	5.126e-02	6.056e-02	5.561e-02	5.196e-02	6.498e-02
4.850e+04	3.949e-02	3.111e-02	4.541e-02	4.561e-02	3.366e-02	5.421e-02	4.949e-02	3.582e-02	6.593e-02	5.566e-02	5.180e-02	6.070e-02	5.609e-02	5.126e-02	6.056e-02	5.561e-02	5.196e-02	6.498e-02
4.860e+04	3.949e-02	3.181e-02	4.541e-02	4.556e-02	3.366e-02	5.421e-02	4.972e-02	3.582e-02	6.560e-02	5.522e-02	5.180e-02	6.043e-02	5.609e-02	5.126e-02	6.056e-02	5.561e-02	5.230e-02	6.498e-02
4.870e+04	3.972e-02	3.203e-02	4.541e-02	4.556e-02	3.379e-02	5.421e-02	5.083e-02	3.565e-02	6.560e-02	5.522e-02	5.275e-02	6.043e-02	5.659e-02	5.126e-02	6.134e-02	5.561e-02	5.230e-02	6.498e-02
4.880e+04	3.975e-02	3.203e-02	4.541e-02	4.556e-02	3.379e-02	5.421e-02	5.083e-02	3.565e-02	6.560e-02	5.522e-02	5.275e-02	6.043e-02	5.659e-02	5.126e-02	6.134e-02	5.561e-02	5.230e-02	6.528e-02
4.890e+04	3.975e-02	3.203e-02	4.541e-02	4.561e-02	3.379e-02	5.439e-02	5.083e-02	3.565e-02	6.560e-02	5.522e-02	5.275e-02	6.043e-02	5.706e-02	5.096e-02	6.134e-02	5.561e-02	5.243e-02	6.528e-02
4.900e+04	3.897e-02	3.274e-02	4.541e-02	4.561e-02	3.409e-02	5.439e-02	5.083e-02	3.425e-02	6.550e-02	5.522e-02	5.275e-02	6.043e-02	5.706e-02	5.096e-02	6.118e-02	5.561e-02	5.243e-02	6.528e-02
4.910e+04	3.845e-02	3.187e-02	4.541e-02	4.561e-02	3.402e-02	5.439e-02	5.083e-02	3.446e-02	6.501e-02	5.522e-02	5.275e-02	6.043e-02	5.706e-02	5.096e-02	6.118e-02	5.561e-02	5.243e-02	6.528e-02
4.920e+04	3.845e-02	3.195e-02	4.541e-02	4.561e-02	3.402e-02	5.439e-02	5.083e-02	3.446e-02	6.501e-02	5.558e-02	5.275e-02	6.043e-02	5.706e-02	5.096e-02	6.101e-02	5.561e-02	5.243e-02	6.528e-02
4.930e+04	3.854e-02	3.207e-02	4.541e-02	4.527e-02	3.402e-02	5.439e-02	5.083e-02	3.446e-02	6.490e-02	5.558e-02	5.275e-02	6.024e-02	5.706e-02	5.096e-02	6.162e-02	5.561e-02	5.240e-02	6.531e-02
4.940e+04	3.883e-02	3.215e-02	4.541e-02	4.541e-02	3.326e-02	5.439e-02	5.083e-02	3.499e-02	6.490e-02	5.558e-02	5.275e-02	6.024e-02	5.706e-02	5.096e-02	6.162e-02	5.561e-02	5.240e-02	6.533e-02
4.950e+04	3.883e-02	3.224e-02	4.549e-02	4.541e-02	3.323e-02	5.439e-02	5.083e-02	3.499e-02	6.490e-02	5.558e-02	5.275e-02	5.887e-02	5.706e-02	5.061e-02	6.162e-02	5.561e-02	5.240e-02	6.533e-02
4.960e+04	3.928e-02	3.224e-02	4.557e-02	4.541e-02	3.325e-02	5.439e-02	5.083e-02	3.499e-02	6.490e-02	5.558e-02	5.275e-02	5.887e-02	5.706e-02	5.061e-02	6.162e-02	5.561e-02	5.240e-02	6.467e-02
4.970e+04	3.928e-02	3.210e-02	4.557e-02	4.461e-02	3.347e-02	5.439e-02	5.083e-02	3.426e-02	6.490e-02	5.558e-02	5.275e-02	5.887e-02	5.675e-02	5.061e-02	6.162e-02	5.561e-02	5.240e-02	6.467e-02
4.980e+04	3.897e-02	3.210e-02	4.557e-02	4.461e-02	3.347e-02	5.439e-02	5.083e-02	3.426e-02	6.497e-02	5.559e-02	5.275e-02	5.801e-02	5.675e-02	5.061e-02	6.182e-02	5.561e-02	5.194e-02	6.467e-02
4.990e+04	3.881e-02	3.210e-02	4.557e-02	4.461e-02	3.402e-02	5.439e-02	5.083e-02	3.426e-02	6.497e-02	5.559e-02	5.285e-02	5.801e-02	5.675e-02	5.061e-02	6.182e-02	5.613e-02	5.194e-02	6.533e-02
5.000e+04	3.864e-02	3.210e-02	4.566e-02	4.461e-02	3.402e-02	5.439e-02	5.021e-02	3.426e-02	6.497e-02	5.558e-02	5.285e-02	5.766e-02	5.675e-02	5.108e-02	6.182e-02	5.613e-02	5.194e-02	6.533e-02
