_.vs.4.nav.e_maze.ga.epistasis.1.0	_.vs.4.nav.e_maze.ga.epistasis.2.0	_.vs.4.nav.e_maze.ga.epistasis.0.2	_.vs.4.nav.e_maze.me.epistasis.5.0	_.vs.4.nav.e_maze.me.epistasis.0.5	_.vs.4.nav.e_maze.me.epistasis.2.0	_.vs.4.nav.e_maze.me.epistasis.0.2	_.vs.4.nav.e_maze.me.epistasis.1.0	_.vs.4.nav.e_maze.ga.epistasis.5.0	_.vs.4.nav.e_maze.ga.epistasis.0.5	_.vs.4.nav.y_maze.ga.epistasis.1.0	_.vs.4.nav.y_maze.ga.epistasis.2.0	_.vs.4.nav.y_maze.ga.epistasis.0.2	_.vs.4.nav.y_maze.me.epistasis.5.0	_.vs.4.nav.y_maze.me.epistasis.0.5	_.vs.4.nav.y_maze.me.epistasis.2.0	_.vs.4.nav.y_maze.me.epistasis.0.2	_.vs.4.nav.y_maze.me.epistasis.1.0	_.vs.4.nav.y_maze.ga.epistasis.5.0	_.vs.4.nav.y_maze.ga.epistasis.0.5
7.701e-02	1.565e-01	6.368e-02	9.775e-02	1.080e-01	1.058e-01	1.590e-01	1.792e-01	1.580e-01	6.454e-02	9.126e-02	1.052e-01	7.163e-02	1.137e-01	1.786e-01	1.387e-01	1.590e-01	1.442e-01	1.462e-01	8.856e-02
3.696e-02	9.981e-02	8.020e-02	1.110e-01	1.646e-01	1.182e-01	1.590e-01	1.430e-01	7.212e-02	6.479e-02	1.205e-01	8.385e-02	1.102e-01	1.397e-01	1.598e-01	1.092e-01	1.590e-01	1.420e-01	1.303e-01	1.072e-01
1.815e-01	5.031e-02	5.589e-02	1.444e-01	1.277e-01	1.064e-01	1.590e-01	1.417e-01	1.089e-01	2.845e-02	8.642e-02	1.424e-01	1.500e-01	1.339e-01	1.403e-01	1.437e-01	1.590e-01	1.420e-01	1.031e-01	1.011e-01
1.101e-01	9.714e-02	5.566e-02	9.022e-02	1.590e-01	1.463e-01	1.590e-01	1.230e-01	9.515e-02	8.500e-02	1.072e-01	1.107e-01	7.628e-02	1.091e-01	1.293e-01	1.720e-01	1.590e-01	1.223e-01	1.092e-01	1.190e-01
4.715e-02	8.274e-02	1.386e-01	1.705e-01	1.185e-01	1.369e-01	1.590e-01	1.282e-01	1.155e-01	8.414e-02	1.111e-01	1.280e-01	8.415e-02	1.247e-01	1.315e-01	1.052e-01	1.590e-01	1.880e-01	8.833e-02	1.027e-01
6.336e-02	8.120e-02	1.991e-02	1.319e-01	1.214e-01	9.946e-02	1.590e-01	1.419e-01	7.918e-02	6.120e-02	9.907e-02	1.031e-01	7.966e-02	1.464e-01	1.568e-01	1.658e-01	1.848e-01	1.145e-01	1.181e-01	1.267e-01
5.788e-02	9.017e-02	4.013e-02	1.189e-01	1.405e-01	1.262e-01	1.590e-01	1.627e-01	1.294e-01	1.991e-02	1.199e-01	9.709e-02	8.623e-02	1.475e-01	1.315e-01	1.361e-01	1.590e-01	1.161e-01	1.205e-01	7.076e-02
4.794e-02	1.221e-01	5.683e-02	1.374e-01	1.403e-01	1.498e-01	1.590e-01	1.361e-01	9.706e-02	1.377e-01	8.171e-02	1.056e-01	8.918e-02	9.646e-02	1.689e-01	1.272e-01	1.590e-01	1.093e-01	9.851e-02	8.140e-02
9.988e-02	1.019e-01	6.454e-02	1.052e-01	1.315e-01	1.499e-01	1.590e-01	1.743e-01	8.651e-02	7.099e-02	1.059e-01	1.299e-01	5.974e-02	1.677e-01	1.437e-01	1.092e-01	1.590e-01	1.421e-01	1.187e-01	1.055e-01
7.478e-02	1.052e-01	5.465e-02	1.497e-01	1.518e-01	1.111e-01	1.590e-01	1.327e-01	1.217e-01	5.507e-02	1.408e-01	1.331e-01	7.805e-02	1.563e-01	1.658e-01	9.587e-02	1.422e-01	1.468e-01	1.407e-01	1.120e-01
8.458e-02	6.617e-02	7.224e-02	1.213e-01	1.357e-01	1.518e-01	1.590e-01	1.550e-01	8.768e-02	1.363e-01	1.324e-01	1.071e-01	6.808e-02	1.229e-01	1.801e-01	1.457e-01	1.590e-01	1.208e-01	8.500e-02	1.097e-01
8.623e-02	6.761e-02	7.167e-02	1.121e-01	1.465e-01	1.540e-01	1.590e-01	1.394e-01	9.490e-02	7.925e-02	1.228e-01	1.066e-01	1.026e-01	1.264e-01	1.226e-01	1.638e-01	1.590e-01	1.790e-01	1.064e-01	1.182e-01
6.879e-02	8.001e-02	3.761e-02	1.060e-01	1.137e-01	1.037e-01	1.590e-01	1.588e-01	1.109e-01	9.931e-02	1.428e-01	1.014e-01	8.918e-02	1.297e-01	1.530e-01	1.175e-01	1.179e-01	1.080e-01	7.660e-02	1.630e-01
9.236e-02	1.755e-01	4.267e-02	1.339e-01	1.405e-01	1.253e-01	1.006e-01	1.475e-01	9.218e-02	4.541e-02	1.117e-01	1.106e-01	6.845e-02	1.588e-01	1.550e-01	1.531e-01	1.590e-01	1.362e-01	1.272e-01	1.103e-01
5.566e-02	7.760e-02	6.067e-02	1.464e-01	1.911e-01	1.309e-01	1.590e-01	1.550e-01	1.157e-01	1.046e-01	1.482e-01	1.596e-01	7.822e-02	1.303e-01	1.476e-01	1.212e-01	1.590e-01	1.361e-01	9.107e-02	1.048e-01
9.126e-02	9.107e-02	6.251e-02	1.664e-01	1.277e-01	1.148e-01	1.590e-01	1.440e-01	7.076e-02	8.563e-02	9.280e-02	1.360e-01	5.863e-02	1.294e-01	1.137e-01	1.280e-01	1.590e-01	1.147e-01	1.281e-01	1.016e-01
7.219e-02	1.145e-01	5.723e-02	1.388e-01	1.722e-01	1.063e-01	1.590e-01	1.485e-01	6.035e-02	7.444e-02	1.652e-01	1.326e-01	6.517e-02	1.499e-01	1.498e-01	1.341e-01	1.590e-01	1.476e-01	1.208e-01	6.640e-02
1.033e-01	1.399e-01	6.579e-02	9.900e-02	1.586e-01	1.125e-01	1.590e-01	1.297e-01	8.219e-02	1.046e-01	9.370e-02	1.085e-01	6.442e-02	1.414e-01	1.405e-01	1.006e-01	1.590e-01	1.321e-01	1.224e-01	1.146e-01
8.171e-02	6.916e-02	1.382e-01	1.328e-01	1.277e-01	1.456e-01	1.590e-01	1.499e-01	1.417e-01	1.176e-01	1.267e-01	1.405e-01	6.133e-02	1.121e-01	1.821e-01	1.258e-01	1.590e-01	1.270e-01	1.046e-01	1.340e-01
1.091e-01	9.375e-02	6.828e-02	1.465e-01	1.403e-01	1.294e-01	1.590e-01	1.538e-01	9.327e-02	6.387e-02	1.245e-01	1.143e-01	8.468e-02	1.199e-01	1.586e-01	1.531e-01	1.590e-01	1.317e-01	1.258e-01	1.132e-01
1.311e-01	1.485e-01	7.863e-02	1.394e-01	1.422e-01	1.168e-01	1.590e-01	1.021e-01	8.918e-02	1.255e-01	1.232e-01	1.224e-01	8.209e-02	1.282e-01	1.405e-01	9.408e-02	2.104e-01	1.327e-01	1.178e-01	9.752e-02
1.366e-01	1.145e-01	5.690e-02	1.599e-01	1.254e-01	1.041e-01	1.590e-01	1.401e-01	9.017e-02	1.012e-01	1.104e-01	1.014e-01	8.268e-02	1.651e-01	1.315e-01	1.625e-01	1.848e-01	1.033e-01	1.156e-01	1.081e-01
7.314e-02	9.413e-02	6.315e-02	1.536e-01	1.403e-01	1.138e-01	1.590e-01	1.573e-01	7.527e-02	6.128e-02	1.742e-01	9.667e-02	1.008e-01	1.554e-01	1.586e-01	1.497e-01	1.590e-01	1.769e-01	9.659e-02	9.776e-02
6.226e-02	9.588e-02	2.426e-02	1.098e-01	1.277e-01	1.212e-01	1.590e-01	1.565e-01	1.043e-01	1.088e-01	9.108e-02	8.219e-02	8.910e-02	1.206e-01	1.403e-01	1.355e-01	1.590e-01	1.639e-01	1.261e-01	9.375e-02
1.095e-01	1.039e-01	7.032e-02	1.561e-01	1.550e-01	1.352e-01	1.590e-01	1.209e-01	5.690e-02	7.042e-02	1.026e-01	1.157e-01	7.247e-02	1.280e-01	1.461e-01	9.743e-02	1.590e-01	1.588e-01	1.442e-01	7.888e-02
6.696e-02	9.053e-02	4.267e-02	1.428e-01	1.646e-01	1.309e-01	1.590e-01	1.675e-01	1.786e-01	7.357e-02	1.184e-01	1.179e-01	8.051e-02	1.705e-01	1.437e-01	1.459e-01	1.590e-01	1.103e-01	8.972e-02	7.915e-02
1.052e-01	1.072e-01	1.157e-01	1.520e-01	1.051e-01	1.310e-01	1.590e-01	1.260e-01	1.276e-01	7.049e-02	1.278e-01	1.092e-01	8.126e-02	1.239e-01	1.507e-01	9.775e-02	1.590e-01	1.310e-01	9.157e-02	1.310e-01
7.648e-02	1.623e-01	4.936e-02	1.078e-01	1.550e-01	1.466e-01	1.590e-01	1.010e-01	9.098e-02	3.437e-02	1.052e-01	8.240e-02	8.978e-02	7.952e-02	1.726e-01	1.483e-01	1.590e-01	1.494e-01	1.097e-01	9.542e-02
7.314e-02	8.462e-02	7.054e-02	1.145e-01	1.476e-01	9.613e-02	1.590e-01	1.464e-01	9.567e-02	7.665e-02	1.133e-01	1.008e-01	9.617e-02	1.147e-01	1.541e-01	1.214e-01	1.590e-01	1.394e-01	9.931e-02	1.042e-01
4.784e-02	6.368e-02	2.426e-02	1.203e-01	1.393e-01	1.086e-01	1.590e-01	1.471e-01	8.102e-02	1.118e-01	7.867e-02	1.487e-01	8.969e-02	1.016e-01	1.786e-01	1.254e-01	1.590e-01	1.771e-01	9.080e-02	9.879e-02
