_.vs.4.nav.e_maze.ga.epistasis.1.0	_.vs.4.nav.e_maze.ga.epistasis.2.0	_.vs.4.nav.e_maze.ga.epistasis.0.2	_.vs.4.nav.e_maze.me.epistasis.5.0	_.vs.4.nav.e_maze.me.epistasis.0.5	_.vs.4.nav.e_maze.me.epistasis.2.0	_.vs.4.nav.e_maze.me.epistasis.0.2	_.vs.4.nav.e_maze.me.epistasis.1.0	_.vs.4.nav.e_maze.ga.epistasis.5.0	_.vs.4.nav.e_maze.ga.epistasis.0.5	_.vs.4.nav.y_maze.ga.epistasis.1.0	_.vs.4.nav.y_maze.ga.epistasis.2.0	_.vs.4.nav.y_maze.ga.epistasis.0.2	_.vs.4.nav.y_maze.me.epistasis.5.0	_.vs.4.nav.y_maze.me.epistasis.0.5	_.vs.4.nav.y_maze.me.epistasis.2.0	_.vs.4.nav.y_maze.me.epistasis.0.2	_.vs.4.nav.y_maze.me.epistasis.1.0	_.vs.4.nav.y_maze.ga.epistasis.5.0	_.vs.4.nav.y_maze.ga.epistasis.0.5
3.200e-01	2.917e-01	7.938e-01	2.557e-01	5.776e-01	4.690e-01	7.931e-01	3.276e-01	2.628e-01	4.983e-01	3.841e-01	2.190e-01	7.934e-01	2.785e-01	5.776e-01	2.969e-01	7.931e-01	3.224e-01	2.076e-01	5.393e-01
4.397e-01	3.490e-01	7.941e-01	2.586e-01	5.549e-01	3.259e-01	7.931e-01	3.103e-01	3.531e-01	5.917e-01	3.231e-01	2.338e-01	7.931e-01	2.629e-01	6.276e-01	2.565e-01	7.931e-01	3.387e-01	1.193e-01	5.369e-01
4.103e-01	3.824e-01	7.931e-01	4.290e-01	5.690e-01	3.172e-01	7.931e-01	3.777e-01	2.200e-01	5.931e-01	3.666e-01	2.286e-01	8.166e-01	3.306e-01	5.718e-01	3.793e-01	7.931e-01	3.122e-01	1.193e-01	5.428e-01
4.759e-01	2.114e-01	7.931e-01	2.543e-01	5.603e-01	3.511e-01	7.931e-01	3.293e-01	2.931e-01	5.824e-01	3.652e-01	2.528e-01	7.938e-01	3.083e-01	6.092e-01	3.140e-01	7.931e-01	3.744e-01	1.290e-01	5.483e-01
4.741e-01	4.066e-01	7.931e-01	2.500e-01	5.580e-01	3.583e-01	7.931e-01	3.815e-01	2.107e-01	5.197e-01	3.586e-01	1.890e-01	7.931e-01	3.002e-01	5.690e-01	3.190e-01	8.103e-01	3.190e-01	1.617e-01	5.345e-01
4.945e-01	2.745e-01	7.938e-01	2.500e-01	6.092e-01	2.368e-01	7.931e-01	3.793e-01	3.441e-01	6.500e-01	4.007e-01	2.783e-01	7.931e-01	3.002e-01	6.228e-01	2.586e-01	8.103e-01	3.224e-01	1.248e-01	5.479e-01
4.734e-01	3.831e-01	7.938e-01	2.414e-01	5.517e-01	3.013e-01	7.931e-01	4.028e-01	3.462e-01	5.197e-01	3.703e-01	2.483e-01	7.979e-01	3.321e-01	5.862e-01	2.483e-01	7.931e-01	3.027e-01	1.724e-01	5.224e-01
5.276e-01	3.986e-01	7.931e-01	2.435e-01	5.632e-01	2.543e-01	7.931e-01	4.000e-01	2.855e-01	5.552e-01	4.207e-01	2.062e-01	7.931e-01	3.267e-01	5.690e-01	2.391e-01	7.931e-01	3.172e-01	1.145e-01	5.366e-01
4.166e-01	3.490e-01	7.931e-01	3.241e-01	5.661e-01	2.835e-01	7.931e-01	3.267e-01	3.079e-01	5.621e-01	3.572e-01	3.238e-01	7.931e-01	3.155e-01	5.661e-01	2.629e-01	7.931e-01	3.744e-01	1.500e-01	5.190e-01
4.248e-01	2.734e-01	7.934e-01	3.808e-01	5.575e-01	3.345e-01	7.931e-01	4.356e-01	3.138e-01	6.014e-01	4.066e-01	2.472e-01	7.938e-01	3.230e-01	6.207e-01	3.067e-01	8.103e-01	3.063e-01	2.472e-01	5.693e-01
2.859e-01	2.838e-01	8.010e-01	3.121e-01	5.661e-01	3.257e-01	7.931e-01	3.276e-01	3.038e-01	5.410e-01	3.538e-01	1.931e-01	7.941e-01	2.522e-01	5.925e-01	2.736e-01	7.931e-01	3.966e-01	2.024e-01	5.393e-01
4.497e-01	4.352e-01	7.931e-01	2.608e-01	6.034e-01	3.778e-01	7.931e-01	3.086e-01	3.300e-01	5.169e-01	3.428e-01	3.359e-01	7.976e-01	4.360e-01	5.862e-01	3.851e-01	7.931e-01	3.352e-01	1.179e-01	5.424e-01
4.507e-01	3.421e-01	7.931e-01	2.040e-01	5.546e-01	2.995e-01	7.931e-01	3.103e-01	2.176e-01	5.355e-01	3.659e-01	2.031e-01	7.938e-01	3.158e-01	5.517e-01	2.893e-01	8.017e-01	3.031e-01	1.507e-01	5.479e-01
4.155e-01	2.486e-01	7.941e-01	3.245e-01	5.956e-01	3.303e-01	8.103e-01	3.013e-01	2.852e-01	5.845e-01	3.107e-01	2.434e-01	7.945e-01	2.651e-01	5.632e-01	4.276e-01	7.931e-01	4.416e-01	1.362e-01	5.424e-01
4.238e-01	4.217e-01	7.931e-01	3.121e-01	5.603e-01	3.823e-01	7.931e-01	3.138e-01	1.586e-01	5.307e-01	3.638e-01	1.966e-01	7.934e-01	1.801e-01	5.661e-01	3.285e-01	7.931e-01	3.851e-01	1.355e-01	5.300e-01
4.569e-01	3.131e-01	7.941e-01	3.285e-01	5.661e-01	3.865e-01	7.931e-01	3.966e-01	3.410e-01	5.479e-01	3.424e-01	2.586e-01	7.934e-01	3.172e-01	5.575e-01	3.172e-01	7.931e-01	3.428e-01	1.138e-01	5.317e-01
4.052e-01	3.155e-01	7.931e-01	3.997e-01	6.164e-01	2.716e-01	7.931e-01	3.259e-01	2.672e-01	5.917e-01	3.648e-01	2.241e-01	7.931e-01	3.207e-01	6.272e-01	2.782e-01	7.931e-01	3.851e-01	1.569e-01	5.831e-01
4.893e-01	3.672e-01	7.931e-01	2.586e-01	5.603e-01	2.478e-01	7.931e-01	3.303e-01	3.655e-01	5.493e-01	4.276e-01	2.000e-01	7.945e-01	1.839e-01	5.517e-01	2.522e-01	7.931e-01	3.839e-01	1.114e-01	5.462e-01
4.655e-01	4.479e-01	7.934e-01	2.522e-01	5.603e-01	3.207e-01	7.931e-01	3.121e-01	3.107e-01	5.617e-01	3.714e-01	2.383e-01	7.931e-01	2.586e-01	5.977e-01	2.690e-01	7.931e-01	3.303e-01	1.214e-01	5.507e-01
4.662e-01	3.648e-01	7.962e-01	4.409e-01	5.661e-01	3.172e-01	7.931e-01	4.397e-01	2.297e-01	6.010e-01	3.872e-01	3.086e-01	7.931e-01	3.172e-01	5.603e-01	3.339e-01	7.931e-01	3.514e-01	1.048e-01	5.497e-01
4.259e-01	3.124e-01	8.062e-01	3.155e-01	6.250e-01	2.520e-01	7.931e-01	3.149e-01	3.169e-01	5.552e-01	3.755e-01	2.628e-01	7.931e-01	2.457e-01	5.455e-01	2.565e-01	8.017e-01	3.321e-01	1.266e-01	5.717e-01
4.714e-01	3.428e-01	7.945e-01	4.013e-01	5.549e-01	3.760e-01	7.931e-01	3.140e-01	2.645e-01	5.393e-01	3.355e-01	2.759e-01	7.931e-01	3.034e-01	5.546e-01	2.586e-01	8.017e-01	4.517e-01	1.672e-01	5.410e-01
4.303e-01	3.352e-01	7.931e-01	3.793e-01	5.718e-01	2.506e-01	7.931e-01	3.487e-01	2.779e-01	5.362e-01	4.090e-01	2.872e-01	8.052e-01	4.421e-01	5.690e-01	2.660e-01	7.931e-01	3.069e-01	1.228e-01	5.466e-01
4.410e-01	2.448e-01	7.945e-01	2.506e-01	5.690e-01	3.412e-01	8.103e-01	3.241e-01	2.348e-01	6.186e-01	3.628e-01	2.817e-01	7.931e-01	3.103e-01	5.661e-01	3.733e-01	7.931e-01	3.121e-01	1.334e-01	5.959e-01
4.931e-01	2.921e-01	7.931e-01	2.266e-01	5.690e-01	3.103e-01	7.931e-01	3.865e-01	2.962e-01	5.348e-01	3.841e-01	2.172e-01	7.931e-01	4.360e-01	5.546e-01	3.295e-01	7.931e-01	3.212e-01	2.097e-01	5.490e-01
4.238e-01	3.817e-01	7.934e-01	3.140e-01	5.486e-01	3.190e-01	7.931e-01	3.259e-01	2.831e-01	5.559e-01	3.610e-01	2.597e-01	7.952e-01	2.565e-01	5.632e-01	2.995e-01	7.931e-01	3.973e-01	1.438e-01	5.417e-01
4.259e-01	2.734e-01	8.152e-01	3.013e-01	5.423e-01	3.412e-01	7.931e-01	4.781e-01	1.531e-01	6.152e-01	3.855e-01	2.662e-01	7.931e-01	3.049e-01	6.084e-01	3.807e-01	7.931e-01	4.105e-01	1.231e-01	5.621e-01
4.124e-01	3.072e-01	7.934e-01	3.703e-01	5.603e-01	2.608e-01	7.931e-01	4.122e-01	2.328e-01	5.397e-01	3.514e-01	2.234e-01	7.972e-01	2.414e-01	5.575e-01	3.266e-01	7.931e-01	3.013e-01	1.869e-01	5.252e-01
5.383e-01	2.662e-01	8.066e-01	3.103e-01	5.747e-01	3.144e-01	7.931e-01	3.121e-01	2.655e-01	6.131e-01	3.531e-01	2.393e-01	7.986e-01	3.408e-01	5.580e-01	3.314e-01	7.931e-01	3.224e-01	1.528e-01	5.459e-01
5.052e-01	3.566e-01	7.941e-01	2.586e-01	5.893e-01	2.950e-01	7.931e-01	3.628e-01	1.938e-01	5.286e-01	4.010e-01	1.862e-01	7.938e-01	3.138e-01	5.862e-01	2.912e-01	7.931e-01	3.744e-01	1.455e-01	5.355e-01
