_.vs.4.nav.e_maze.ga.epistasis.1.0	_.vs.4.nav.e_maze.ga.epistasis.2.0	_.vs.4.nav.e_maze.ga.epistasis.0.2	_.vs.4.nav.e_maze.me.epistasis.5.0	_.vs.4.nav.e_maze.me.epistasis.0.5	_.vs.4.nav.e_maze.me.epistasis.2.0	_.vs.4.nav.e_maze.me.epistasis.0.2	_.vs.4.nav.e_maze.me.epistasis.1.0	_.vs.4.nav.e_maze.ga.epistasis.5.0	_.vs.4.nav.e_maze.ga.epistasis.0.5	_.vs.4.nav.y_maze.ga.epistasis.1.0	_.vs.4.nav.y_maze.ga.epistasis.2.0	_.vs.4.nav.y_maze.ga.epistasis.0.2	_.vs.4.nav.y_maze.me.epistasis.5.0	_.vs.4.nav.y_maze.me.epistasis.0.5	_.vs.4.nav.y_maze.me.epistasis.2.0	_.vs.4.nav.y_maze.me.epistasis.0.2	_.vs.4.nav.y_maze.me.epistasis.1.0	_.vs.4.nav.y_maze.ga.epistasis.5.0	_.vs.4.nav.y_maze.ga.epistasis.0.5
4.529e-02	7.981e-02	3.015e-03	1.060e-01	7.142e-02	2.136e-01	0.000e+00	1.310e-01	5.792e-02	1.345e-02	4.581e-02	6.271e-02	3.015e-03	1.272e-01	6.757e-02	1.220e-01	0.000e+00	1.328e-01	8.848e-02	2.757e-02
2.335e-02	3.038e-02	0.000e+00	1.092e-01	5.779e-02	1.451e-01	0.000e+00	1.423e-01	4.077e-02	1.476e-02	5.984e-02	6.258e-02	0.000e+00	1.144e-01	9.102e-02	9.870e-02	0.000e+00	1.264e-01	6.218e-02	3.598e-02
3.287e-02	5.399e-02	0.000e+00	1.997e-01	7.405e-02	1.509e-01	0.000e+00	1.657e-01	3.092e-02	3.072e-02	4.995e-02	5.463e-02	0.000e+00	1.657e-01	7.933e-02	1.798e-01	0.000e+00	1.371e-01	4.925e-02	3.198e-02
3.149e-02	2.922e-02	0.000e+00	9.685e-02	6.443e-02	1.645e-01	0.000e+00	1.372e-01	6.769e-02	2.852e-02	3.306e-02	5.786e-02	0.000e+00	1.253e-01	8.773e-02	1.495e-01	0.000e+00	9.063e-02	5.892e-02	3.302e-02
3.931e-02	3.499e-02	0.000e+00	1.364e-01	5.020e-02	1.722e-01	0.000e+00	1.130e-01	5.610e-02	3.235e-02	6.356e-02	6.630e-02	0.000e+00	1.498e-01	7.227e-02	1.645e-01	1.515e-02	1.193e-01	6.575e-02	3.075e-02
2.501e-02	4.569e-02	4.242e-03	1.158e-01	8.271e-02	9.354e-02	0.000e+00	9.638e-02	4.978e-02	2.365e-02	7.228e-02	5.615e-02	0.000e+00	1.684e-01	9.986e-02	1.038e-01	1.312e-02	1.435e-01	6.682e-02	4.868e-02
5.455e-02	3.149e-02	0.000e+00	1.250e-01	6.123e-02	1.293e-01	0.000e+00	1.522e-01	2.891e-02	2.994e-02	5.896e-02	6.653e-02	5.938e-03	1.678e-01	8.218e-02	1.160e-01	0.000e+00	1.364e-01	5.835e-02	2.553e-02
2.757e-02	3.361e-02	0.000e+00	1.004e-01	7.319e-02	1.033e-01	0.000e+00	1.025e-01	8.527e-02	5.025e-02	5.366e-02	5.158e-02	0.000e+00	1.469e-01	6.600e-02	1.088e-01	0.000e+00	1.244e-01	5.657e-02	2.891e-02
2.710e-02	2.312e-02	0.000e+00	1.528e-01	7.089e-02	1.364e-01	0.000e+00	1.178e-01	4.542e-02	1.466e-02	4.523e-02	9.051e-02	0.000e+00	1.599e-01	7.301e-02	9.292e-02	0.000e+00	1.561e-01	7.176e-02	3.189e-02
3.992e-02	5.728e-02	3.015e-03	1.972e-01	5.224e-02	1.343e-01	0.000e+00	1.460e-01	6.810e-02	2.164e-02	7.328e-02	6.910e-02	4.242e-03	1.722e-01	8.427e-02	1.468e-01	0.000e+00	1.323e-01	7.468e-02	4.413e-02
2.732e-02	3.892e-02	6.604e-03	1.471e-01	6.061e-02	1.342e-01	0.000e+00	1.338e-01	5.534e-02	1.983e-02	4.451e-02	6.328e-02	4.242e-03	1.195e-01	6.209e-02	1.072e-01	0.000e+00	1.616e-01	6.873e-02	2.719e-02
3.317e-02	5.528e-02	0.000e+00	1.267e-01	9.968e-02	1.771e-01	0.000e+00	1.258e-01	5.034e-02	1.688e-02	4.454e-02	8.961e-02	9.482e-03	2.117e-01	7.048e-02	1.957e-01	0.000e+00	1.154e-01	5.395e-02	4.397e-02
1.734e-02	3.671e-02	0.000e+00	7.262e-02	6.676e-02	1.361e-01	0.000e+00	1.411e-01	6.876e-02	2.492e-02	5.951e-02	5.077e-02	3.015e-03	1.355e-01	5.454e-02	1.170e-01	0.000e+00	1.298e-01	4.390e-02	2.747e-02
2.262e-02	6.127e-02	5.169e-03	1.451e-01	6.691e-02	1.306e-01	0.000e+00	1.342e-01	4.655e-02	2.218e-02	4.535e-02	6.260e-02	5.938e-03	1.327e-01	7.156e-02	2.029e-01	0.000e+00	2.048e-01	4.166e-02	4.431e-02
5.075e-02	5.508e-02	0.000e+00	1.548e-01	5.019e-02	1.638e-01	0.000e+00	1.325e-01	5.867e-02	3.534e-02	5.268e-02	5.310e-02	3.015e-03	9.379e-02	6.288e-02	1.498e-01	0.000e+00	1.606e-01	6.048e-02	3.473e-02
2.938e-02	4.455e-02	0.000e+00	1.593e-01	7.048e-02	1.727e-01	0.000e+00	1.085e-01	3.600e-02	2.159e-02	4.035e-02	5.528e-02	0.000e+00	1.538e-01	6.980e-02	1.476e-01	0.000e+00	1.402e-01	4.988e-02	3.703e-02
3.597e-02	7.265e-02	0.000e+00	1.843e-01	1.037e-01	1.070e-01	0.000e+00	1.280e-01	4.251e-02	1.966e-02	5.805e-02	4.947e-02	0.000e+00	1.678e-01	1.041e-01	1.013e-01	0.000e+00	1.734e-01	5.571e-02	3.160e-02
3.718e-02	3.312e-02	0.000e+00	1.267e-01	5.369e-02	9.105e-02	0.000e+00	1.251e-01	2.374e-02	2.483e-02	5.565e-02	5.224e-02	4.242e-03	8.584e-02	7.694e-02	9.626e-02	0.000e+00	1.031e-01	4.732e-02	3.536e-02
4.397e-02	4.117e-02	3.015e-03	1.327e-01	5.863e-02	1.414e-01	0.000e+00	1.217e-01	3.250e-02	1.663e-02	6.326e-02	6.571e-02	0.000e+00	1.245e-01	7.824e-02	9.419e-02	0.000e+00	1.389e-01	4.682e-02	3.897e-02
4.116e-02	4.781e-02	0.000e+00	2.135e-01	8.700e-02	1.513e-01	0.000e+00	2.012e-01	5.543e-02	3.327e-02	6.121e-02	6.206e-02	0.000e+00	1.572e-01	5.000e-02	1.330e-01	0.000e+00	1.553e-01	5.214e-02	5.007e-02
5.692e-02	3.728e-02	1.164e-02	1.464e-01	9.271e-02	8.827e-02	0.000e+00	1.242e-01	4.791e-02	4.030e-02	6.072e-02	5.763e-02	0.000e+00	1.329e-01	5.818e-02	9.445e-02	0.000e+00	1.261e-01	4.335e-02	3.989e-02
2.967e-02	5.439e-02	5.938e-03	1.944e-01	6.437e-02	1.926e-01	0.000e+00	1.351e-01	5.473e-02	2.535e-02	3.586e-02	7.801e-02	0.000e+00	1.584e-01	6.040e-02	1.102e-01	0.000e+00	1.464e-01	6.252e-02	2.685e-02
3.929e-02	4.178e-02	0.000e+00	1.732e-01	5.457e-02	9.021e-02	0.000e+00	1.335e-01	7.254e-02	2.024e-02	6.903e-02	7.875e-02	1.445e-02	2.234e-01	7.367e-02	1.211e-01	0.000e+00	1.312e-01	6.616e-02	2.240e-02
2.205e-02	5.067e-02	5.938e-03	1.017e-01	7.405e-02	1.382e-01	1.515e-02	1.414e-01	7.783e-02	1.843e-02	6.658e-02	6.548e-02	0.000e+00	1.702e-01	6.939e-02	1.750e-01	0.000e+00	1.312e-01	6.401e-02	6.539e-02
6.858e-02	5.803e-02	0.000e+00	9.494e-02	6.323e-02	1.226e-01	0.000e+00	1.678e-01	3.149e-02	2.983e-02	4.330e-02	6.550e-02	0.000e+00	2.133e-01	7.156e-02	1.513e-01	0.000e+00	1.282e-01	1.236e-01	2.839e-02
2.342e-02	3.928e-02	3.015e-03	1.558e-01	5.792e-02	1.417e-01	0.000e+00	1.273e-01	9.345e-02	1.674e-02	6.297e-02	8.033e-02	7.197e-03	9.977e-02	6.828e-02	1.448e-01	0.000e+00	1.665e-01	5.964e-02	3.617e-02
4.503e-02	5.725e-02	1.455e-02	1.397e-01	6.258e-02	1.376e-01	0.000e+00	1.495e-01	3.547e-02	5.222e-02	5.821e-02	6.405e-02	0.000e+00	1.552e-01	8.217e-02	1.793e-01	0.000e+00	1.705e-01	5.005e-02	2.553e-02
3.243e-02	4.569e-02	3.015e-03	1.841e-01	5.803e-02	1.075e-01	0.000e+00	1.641e-01	4.676e-02	2.568e-02	4.414e-02	3.541e-02	9.482e-03	1.261e-01	6.165e-02	1.545e-01	0.000e+00	1.226e-01	6.906e-02	2.435e-02
2.918e-02	3.835e-02	1.539e-02	1.400e-01	6.715e-02	1.296e-01	0.000e+00	1.310e-01	6.172e-02	1.189e-02	6.749e-02	5.446e-02	1.082e-02	1.617e-01	6.496e-02	1.468e-01	0.000e+00	1.360e-01	5.909e-02	3.608e-02
2.816e-02	5.899e-02	0.000e+00	1.059e-01	7.173e-02	1.399e-01	0.000e+00	1.519e-01	4.664e-02	1.156e-02	4.609e-02	4.248e-02	0.000e+00	1.395e-01	6.715e-02	1.261e-01	0.000e+00	7.244e-02	7.032e-02	2.763e-02
