_.vs.4.nav.e_maze.ga.epistasis.1.0	_.vs.4.nav.e_maze.ga.epistasis.2.0	_.vs.4.nav.e_maze.ga.epistasis.0.2	_.vs.4.nav.e_maze.me.epistasis.5.0	_.vs.4.nav.e_maze.me.epistasis.0.5	_.vs.4.nav.e_maze.me.epistasis.2.0	_.vs.4.nav.e_maze.me.epistasis.0.2	_.vs.4.nav.e_maze.me.epistasis.1.0	_.vs.4.nav.e_maze.ga.epistasis.5.0	_.vs.4.nav.e_maze.ga.epistasis.0.5	_.vs.4.nav.y_maze.ga.epistasis.1.0	_.vs.4.nav.y_maze.ga.epistasis.2.0	_.vs.4.nav.y_maze.ga.epistasis.0.2	_.vs.4.nav.y_maze.me.epistasis.5.0	_.vs.4.nav.y_maze.me.epistasis.0.5	_.vs.4.nav.y_maze.me.epistasis.2.0	_.vs.4.nav.y_maze.me.epistasis.0.2	_.vs.4.nav.y_maze.me.epistasis.1.0	_.vs.4.nav.y_maze.ga.epistasis.5.0	_.vs.4.nav.y_maze.ga.epistasis.0.5
2.487e-02	1.122e-01	1.083e-01	2.041e-01	2.795e-01	2.619e-01	2.795e-01	2.795e-01	1.146e-01	4.265e-02	6.379e-02	1.270e-01	1.259e-01	2.371e-01	2.795e-01	2.635e-01	2.795e-01	2.795e-01	4.899e-02	1.238e-01
1.036e-01	5.449e-02	1.422e-01	2.795e-01	2.670e-01	2.795e-01	2.795e-01	2.795e-01	3.500e-02	3.500e-02	7.500e-02	4.265e-02	1.937e-01	2.795e-01	2.708e-01	2.795e-01	2.795e-01	2.504e-01	2.487e-02	1.308e-01
2.487e-02	0.000e+00	9.823e-02	2.619e-01	2.795e-01	2.795e-01	2.795e-01	2.670e-01	0.000e+00	3.500e-02	8.408e-02	9.367e-02	1.702e-01	2.504e-01	2.795e-01	2.795e-01	2.795e-01	2.728e-01	2.378e-01	1.176e-01
7.890e-02	7.649e-02	9.782e-02	2.795e-01	2.795e-01	2.670e-01	2.795e-01	2.795e-01	4.899e-02	1.244e-01	1.003e-01	6.782e-02	1.369e-01	2.504e-01	2.708e-01	2.728e-01	2.795e-01	2.575e-01	4.265e-02	1.192e-01
3.500e-02	8.124e-02	2.436e-01	2.795e-01	2.670e-01	2.741e-01	2.795e-01	2.795e-01	3.500e-02	8.124e-02	7.500e-02	7.155e-02	1.479e-01	2.504e-01	2.795e-01	2.795e-01	2.795e-01	2.795e-01	2.487e-02	1.335e-01
4.265e-02	1.213e-01	3.500e-02	2.795e-01	2.708e-01	2.708e-01	2.795e-01	2.708e-01	5.449e-02	9.808e-02	7.822e-02	5.449e-02	1.400e-01	2.504e-01	2.795e-01	2.795e-01	2.795e-01	2.795e-01	0.000e+00	1.602e-01
1.248e-01	7.500e-02	6.042e-02	2.371e-01	2.670e-01	2.728e-01	2.795e-01	2.670e-01	2.487e-02	2.487e-02	7.822e-02	7.822e-02	1.293e-01	2.728e-01	2.795e-01	2.708e-01	2.795e-01	2.635e-01	3.500e-02	7.155e-02
5.540e-02	2.487e-02	9.987e-02	2.795e-01	2.795e-01	2.795e-01	2.795e-01	2.708e-01	1.173e-01	2.161e-01	8.860e-02	2.487e-02	1.567e-01	2.728e-01	2.795e-01	2.708e-01	2.795e-01	2.795e-01	0.000e+00	8.292e-02
1.244e-01	1.184e-01	1.134e-01	2.795e-01	2.795e-01	2.781e-01	2.795e-01	2.728e-01	0.000e+00	4.899e-02	9.121e-02	1.575e-01	1.050e-01	2.795e-01	2.795e-01	2.795e-01	2.795e-01	2.575e-01	5.937e-02	9.367e-02
8.124e-02	4.899e-02	9.605e-02	2.741e-01	2.795e-01	2.795e-01	2.795e-01	2.728e-01	0.000e+00	5.937e-02	9.808e-02	1.469e-01	1.372e-01	2.728e-01	2.795e-01	2.728e-01	2.795e-01	2.504e-01	4.265e-02	1.379e-01
0.000e+00	2.487e-02	1.078e-01	2.795e-01	2.795e-01	2.635e-01	2.795e-01	2.795e-01	9.391e-02	1.246e-01	6.379e-02	2.487e-02	1.117e-01	2.795e-01	2.670e-01	2.708e-01	2.795e-01	2.670e-01	3.500e-02	1.374e-01
0.000e+00	3.500e-02	1.260e-01	2.795e-01	2.575e-01	2.741e-01	2.795e-01	2.795e-01	0.000e+00	2.487e-02	1.709e-01	5.449e-02	1.802e-01	2.795e-01	2.795e-01	2.795e-01	2.795e-01	2.635e-01	6.782e-02	1.369e-01
7.155e-02	9.165e-02	6.610e-02	2.795e-01	2.795e-01	2.728e-01	2.795e-01	2.728e-01	7.822e-02	5.937e-02	1.156e-01	8.124e-02	1.572e-01	2.728e-01	2.670e-01	2.781e-01	2.795e-01	2.728e-01	7.155e-02	1.246e-01
0.000e+00	1.275e-01	7.500e-02	2.504e-01	2.670e-01	2.728e-01	2.795e-01	2.728e-01	9.121e-02	1.284e-01	6.379e-02	5.937e-02	1.203e-01	2.795e-01	2.795e-01	2.653e-01	2.795e-01	2.692e-01	3.500e-02	1.188e-01
2.487e-02	4.265e-02	1.066e-01	2.795e-01	2.795e-01	2.741e-01	2.795e-01	2.795e-01	3.500e-02	6.379e-02	9.934e-02	9.605e-02	1.375e-01	2.041e-01	2.795e-01	2.728e-01	2.795e-01	2.795e-01	0.000e+00	1.209e-01
9.391e-02	7.500e-02	1.199e-01	2.728e-01	2.795e-01	2.795e-01	2.795e-01	2.575e-01	6.782e-02	1.317e-01	1.317e-01	5.937e-02	1.059e-01	2.795e-01	2.795e-01	2.795e-01	2.795e-01	2.504e-01	0.000e+00	1.275e-01
4.899e-02	5.449e-02	1.006e-01	2.670e-01	2.795e-01	2.795e-01	2.795e-01	2.795e-01	0.000e+00	8.675e-02	1.068e-01	4.265e-02	1.145e-01	2.795e-01	2.795e-01	2.708e-01	2.795e-01	2.795e-01	3.500e-02	1.061e-01
1.238e-01	1.281e-01	1.156e-01	2.795e-01	2.795e-01	2.795e-01	2.795e-01	2.728e-01	2.487e-02	9.605e-02	1.150e-01	4.265e-02	1.178e-01	2.041e-01	2.670e-01	2.795e-01	2.795e-01	2.708e-01	2.487e-02	1.248e-01
2.487e-02	6.379e-02	2.430e-01	2.795e-01	2.795e-01	2.795e-01	2.795e-01	2.795e-01	0.000e+00	1.246e-01	7.822e-02	9.808e-02	1.078e-01	2.795e-01	2.795e-01	2.708e-01	2.795e-01	2.728e-01	0.000e+00	1.881e-01
7.155e-02	7.822e-02	1.110e-01	2.795e-01	2.795e-01	2.795e-01	2.795e-01	2.795e-01	1.166e-01	1.122e-01	1.251e-01	6.379e-02	1.488e-01	2.795e-01	2.795e-01	2.728e-01	2.795e-01	2.575e-01	2.487e-02	1.460e-01
2.487e-02	2.487e-02	8.426e-02	2.795e-01	2.795e-01	2.371e-01	2.795e-01	2.041e-01	4.899e-02	1.516e-01	1.192e-01	2.487e-02	1.443e-01	2.795e-01	2.670e-01	2.795e-01	2.795e-01	2.728e-01	2.487e-02	1.134e-01
7.155e-02	8.124e-02	1.000e-01	2.670e-01	2.670e-01	2.624e-01	2.795e-01	2.728e-01	2.487e-02	1.244e-01	1.052e-01	1.427e-01	1.453e-01	2.795e-01	2.795e-01	2.041e-01	2.795e-01	2.795e-01	7.980e-02	1.507e-01
2.487e-02	0.000e+00	1.110e-01	2.795e-01	2.795e-01	2.708e-01	2.795e-01	2.635e-01	3.500e-02	7.000e-02	2.487e-02	1.110e-01	1.771e-01	2.795e-01	2.795e-01	2.575e-01	2.795e-01	2.795e-01	5.449e-02	1.340e-01
8.729e-02	0.000e+00	4.265e-02	2.708e-01	2.795e-01	2.728e-01	2.795e-01	2.795e-01	4.265e-02	8.124e-02	8.408e-02	9.601e-02	1.566e-01	2.635e-01	2.795e-01	2.741e-01	2.795e-01	2.795e-01	6.782e-02	1.266e-01
1.176e-01	1.110e-01	1.236e-01	2.575e-01	2.795e-01	2.728e-01	2.795e-01	2.795e-01	2.487e-02	1.270e-01	8.105e-02	5.449e-02	1.274e-01	2.795e-01	2.795e-01	2.635e-01	2.795e-01	2.728e-01	1.379e-01	8.584e-02
9.165e-02	0.000e+00	7.500e-02	2.728e-01	2.670e-01	2.795e-01	2.795e-01	2.795e-01	0.000e+00	4.899e-02	1.200e-01	4.899e-02	1.415e-01	2.795e-01	2.795e-01	2.728e-01	2.795e-01	2.741e-01	7.155e-02	8.927e-02
1.097e-01	8.675e-02	2.033e-01	2.728e-01	2.670e-01	2.728e-01	2.795e-01	2.786e-01	0.000e+00	1.139e-01	1.517e-01	8.124e-02	1.428e-01	2.728e-01	2.575e-01	2.795e-01	2.795e-01	2.575e-01	4.899e-02	1.203e-01
1.219e-01	6.782e-02	8.675e-02	2.741e-01	2.795e-01	2.795e-01	2.795e-01	2.670e-01	5.449e-02	0.000e+00	6.782e-02	6.379e-02	1.596e-01	2.795e-01	2.795e-01	2.504e-01	2.795e-01	2.728e-01	5.449e-02	1.284e-01
3.536e-02	0.000e+00	1.240e-01	2.795e-01	2.795e-01	2.504e-01	2.795e-01	2.795e-01	3.500e-02	5.449e-02	1.000e-01	1.629e-01	1.663e-01	2.504e-01	2.670e-01	2.635e-01	2.795e-01	2.795e-01	2.487e-02	1.511e-01
5.937e-02	4.265e-02	0.000e+00	2.795e-01	2.670e-01	2.635e-01	2.795e-01	2.741e-01	2.487e-02	1.248e-01	1.018e-01	7.155e-02	1.561e-01	2.795e-01	2.795e-01	2.635e-01	2.795e-01	2.575e-01	2.487e-02	1.250e-01
