_.vs.4.nav.e_maze.ga.epistasis.1.0	_.vs.4.nav.e_maze.ga.epistasis.2.0	_.vs.4.nav.e_maze.ga.epistasis.0.2	_.vs.4.nav.e_maze.me.epistasis.5.0	_.vs.4.nav.e_maze.me.epistasis.0.5	_.vs.4.nav.e_maze.me.epistasis.2.0	_.vs.4.nav.e_maze.me.epistasis.0.2	_.vs.4.nav.e_maze.me.epistasis.1.0	_.vs.4.nav.e_maze.ga.epistasis.5.0	_.vs.4.nav.e_maze.ga.epistasis.0.5	_.vs.4.nav.y_maze.ga.epistasis.1.0	_.vs.4.nav.y_maze.ga.epistasis.2.0	_.vs.4.nav.y_maze.ga.epistasis.0.2	_.vs.4.nav.y_maze.me.epistasis.5.0	_.vs.4.nav.y_maze.me.epistasis.0.5	_.vs.4.nav.y_maze.me.epistasis.2.0	_.vs.4.nav.y_maze.me.epistasis.0.2	_.vs.4.nav.y_maze.me.epistasis.1.0	_.vs.4.nav.y_maze.ga.epistasis.5.0	_.vs.4.nav.y_maze.ga.epistasis.0.5
3.915e-01	3.252e-01	8.185e-01	3.207e-01	6.162e-01	5.152e-01	8.182e-01	3.864e-01	3.055e-01	5.536e-01	4.070e-01	2.603e-01	8.185e-01	3.170e-01	6.111e-01	3.552e-01	8.182e-01	3.939e-01	2.512e-01	5.833e-01
4.824e-01	3.767e-01	8.182e-01	3.371e-01	6.061e-01	3.894e-01	8.182e-01	3.879e-01	3.785e-01	6.130e-01	3.697e-01	2.624e-01	8.182e-01	3.163e-01	6.566e-01	3.220e-01	8.182e-01	3.975e-01	1.361e-01	5.667e-01
3.958e-01	3.988e-01	8.182e-01	4.667e-01	6.111e-01	3.606e-01	8.182e-01	4.311e-01	2.324e-01	6.418e-01	3.858e-01	2.533e-01	8.182e-01	3.815e-01	6.136e-01	4.318e-01	8.182e-01	3.796e-01	1.639e-01	5.815e-01
4.788e-01	2.573e-01	8.182e-01	2.936e-01	6.136e-01	4.160e-01	8.182e-01	3.970e-01	3.179e-01	6.124e-01	3.942e-01	2.512e-01	8.182e-01	3.387e-01	6.323e-01	3.828e-01	8.182e-01	4.351e-01	1.455e-01	5.833e-01
5.079e-01	4.506e-01	8.182e-01	3.030e-01	5.978e-01	4.282e-01	8.182e-01	4.489e-01	2.470e-01	5.515e-01	3.939e-01	2.291e-01	8.182e-01	3.547e-01	6.136e-01	3.697e-01	8.333e-01	3.727e-01	1.764e-01	5.788e-01
5.252e-01	3.142e-01	8.188e-01	3.220e-01	6.404e-01	3.010e-01	8.182e-01	4.283e-01	3.648e-01	6.658e-01	4.333e-01	2.936e-01	8.182e-01	3.619e-01	6.629e-01	3.144e-01	8.258e-01	3.758e-01	1.391e-01	5.858e-01
4.891e-01	3.879e-01	8.182e-01	3.193e-01	6.033e-01	3.668e-01	8.182e-01	4.656e-01	3.545e-01	5.776e-01	4.003e-01	2.733e-01	8.194e-01	3.764e-01	6.288e-01	3.172e-01	8.182e-01	3.771e-01	2.348e-01	5.755e-01
5.561e-01	3.791e-01	8.182e-01	3.220e-01	6.061e-01	3.333e-01	8.182e-01	4.687e-01	3.321e-01	5.903e-01	4.430e-01	2.355e-01	8.182e-01	3.748e-01	6.086e-01	3.131e-01	8.182e-01	3.818e-01	1.315e-01	5.609e-01
4.485e-01	4.118e-01	8.182e-01	3.894e-01	6.111e-01	3.620e-01	8.182e-01	3.955e-01	3.164e-01	6.003e-01	3.833e-01	3.721e-01	8.182e-01	3.803e-01	6.111e-01	3.277e-01	8.182e-01	4.401e-01	1.621e-01	5.621e-01
4.661e-01	2.703e-01	8.185e-01	4.269e-01	6.010e-01	3.788e-01	8.182e-01	4.912e-01	3.139e-01	6.209e-01	4.297e-01	2.721e-01	8.188e-01	3.860e-01	6.477e-01	3.604e-01	8.182e-01	3.797e-01	2.518e-01	6.009e-01
3.445e-01	3.424e-01	8.197e-01	3.697e-01	6.061e-01	3.923e-01	8.182e-01	4.015e-01	3.145e-01	5.618e-01	3.870e-01	2.173e-01	8.188e-01	3.106e-01	6.281e-01	3.293e-01	8.182e-01	4.573e-01	2.018e-01	5.779e-01
4.664e-01	4.197e-01	8.182e-01	3.220e-01	6.515e-01	4.348e-01	8.182e-01	3.833e-01	3.333e-01	5.564e-01	3.818e-01	3.355e-01	8.215e-01	4.794e-01	6.237e-01	4.470e-01	8.182e-01	4.007e-01	1.370e-01	5.888e-01
5.106e-01	3.885e-01	8.182e-01	2.753e-01	5.985e-01	3.573e-01	8.182e-01	3.844e-01	2.567e-01	5.739e-01	3.870e-01	2.288e-01	8.185e-01	3.844e-01	6.006e-01	3.451e-01	8.182e-01	3.684e-01	1.503e-01	5.785e-01
4.476e-01	2.682e-01	8.191e-01	3.904e-01	6.419e-01	3.780e-01	8.182e-01	3.796e-01	3.273e-01	6.248e-01	3.642e-01	2.742e-01	8.194e-01	3.258e-01	6.086e-01	4.812e-01	8.182e-01	4.930e-01	1.512e-01	5.791e-01
4.373e-01	4.115e-01	8.182e-01	3.864e-01	5.934e-01	4.216e-01	8.182e-01	3.742e-01	1.827e-01	5.636e-01	3.967e-01	2.394e-01	8.185e-01	2.256e-01	6.010e-01	3.892e-01	8.182e-01	4.381e-01	1.339e-01	5.733e-01
4.909e-01	3.233e-01	8.182e-01	3.923e-01	6.086e-01	4.343e-01	8.182e-01	4.416e-01	3.400e-01	5.894e-01	3.748e-01	2.955e-01	8.182e-01	3.652e-01	6.010e-01	3.758e-01	8.182e-01	4.064e-01	1.370e-01	5.733e-01
4.688e-01	3.227e-01	8.182e-01	4.518e-01	6.572e-01	3.428e-01	8.182e-01	3.955e-01	2.712e-01	6.161e-01	4.030e-01	2.445e-01	8.182e-01	3.788e-01	6.686e-01	3.374e-01	8.182e-01	4.571e-01	1.636e-01	6.309e-01
5.173e-01	3.988e-01	8.182e-01	3.220e-01	6.010e-01	3.087e-01	8.182e-01	3.971e-01	3.309e-01	5.691e-01	4.658e-01	2.345e-01	8.188e-01	2.256e-01	6.033e-01	3.125e-01	8.182e-01	4.384e-01	1.224e-01	5.842e-01
4.609e-01	4.582e-01	8.185e-01	3.106e-01	6.035e-01	3.864e-01	8.182e-01	3.894e-01	2.921e-01	5.858e-01	4.230e-01	2.642e-01	8.182e-01	3.163e-01	6.364e-01	3.354e-01	8.182e-01	4.003e-01	1.318e-01	5.782e-01
4.870e-01	4.100e-01	8.182e-01	4.848e-01	6.086e-01	3.742e-01	8.182e-01	4.989e-01	2.388e-01	6.494e-01	4.182e-01	3.276e-01	8.182e-01	3.636e-01	5.960e-01	3.971e-01	8.182e-01	4.084e-01	1.312e-01	5.952e-01
4.382e-01	3.142e-01	8.236e-01	3.591e-01	6.553e-01	3.263e-01	8.182e-01	3.939e-01	3.212e-01	5.921e-01	4.194e-01	2.658e-01	8.182e-01	2.992e-01	5.950e-01	3.239e-01	8.182e-01	4.003e-01	1.382e-01	5.870e-01
4.861e-01	3.761e-01	8.194e-01	4.573e-01	6.006e-01	4.286e-01	8.182e-01	3.907e-01	2.906e-01	5.818e-01	3.697e-01	2.955e-01	8.182e-01	3.742e-01	6.010e-01	3.131e-01	8.182e-01	4.985e-01	1.800e-01	5.888e-01
4.797e-01	3.282e-01	8.182e-01	4.242e-01	6.035e-01	3.111e-01	8.182e-01	4.175e-01	2.873e-01	5.670e-01	4.385e-01	3.088e-01	8.288e-01	4.903e-01	6.187e-01	3.182e-01	8.182e-01	3.621e-01	1.345e-01	5.927e-01
4.994e-01	2.709e-01	8.194e-01	2.949e-01	6.111e-01	4.003e-01	8.333e-01	4.000e-01	2.494e-01	6.209e-01	4.045e-01	2.882e-01	8.182e-01	3.418e-01	6.086e-01	4.150e-01	8.182e-01	3.758e-01	1.588e-01	6.382e-01
5.079e-01	3.652e-01	8.182e-01	2.900e-01	6.136e-01	3.700e-01	8.182e-01	4.407e-01	2.970e-01	5.748e-01	4.064e-01	2.503e-01	8.182e-01	4.773e-01	6.035e-01	3.771e-01	8.182e-01	3.939e-01	2.415e-01	5.964e-01
4.464e-01	3.939e-01	8.185e-01	3.732e-01	5.978e-01	3.879e-01	8.182e-01	4.000e-01	2.873e-01	5.888e-01	3.927e-01	2.652e-01	8.200e-01	3.239e-01	6.086e-01	3.668e-01	8.182e-01	4.506e-01	1.476e-01	5.861e-01
4.685e-01	3.191e-01	8.376e-01	3.604e-01	5.785e-01	3.939e-01	8.182e-01	5.289e-01	2.276e-01	6.506e-01	4.239e-01	2.833e-01	8.182e-01	3.525e-01	6.385e-01	4.306e-01	8.182e-01	4.531e-01	1.348e-01	5.970e-01
4.812e-01	3.358e-01	8.185e-01	4.190e-01	6.061e-01	3.428e-01	8.182e-01	4.532e-01	2.676e-01	5.942e-01	3.855e-01	2.403e-01	8.215e-01	2.955e-01	6.010e-01	3.601e-01	8.182e-01	3.700e-01	2.009e-01	5.670e-01
5.439e-01	3.155e-01	8.300e-01	3.652e-01	6.237e-01	3.708e-01	8.182e-01	3.864e-01	2.867e-01	6.421e-01	3.818e-01	2.730e-01	8.227e-01	3.743e-01	5.950e-01	3.687e-01	8.182e-01	3.955e-01	1.542e-01	5.855e-01
5.630e-01	3.791e-01	8.182e-01	3.125e-01	6.309e-01	3.552e-01	8.182e-01	4.269e-01	2.112e-01	5.794e-01	4.433e-01	2.294e-01	8.182e-01	3.606e-01	6.338e-01	3.367e-01	8.182e-01	4.242e-01	1.479e-01	5.691e-01
