_.vs.4.nav.e_maze.ga.epistasis.1.0	_.vs.4.nav.e_maze.ga.epistasis.2.0	_.vs.4.nav.e_maze.ga.epistasis.0.2	_.vs.4.nav.e_maze.me.epistasis.5.0	_.vs.4.nav.e_maze.me.epistasis.0.5	_.vs.4.nav.e_maze.me.epistasis.2.0	_.vs.4.nav.e_maze.me.epistasis.0.2	_.vs.4.nav.e_maze.me.epistasis.1.0	_.vs.4.nav.e_maze.ga.epistasis.5.0	_.vs.4.nav.e_maze.ga.epistasis.0.5	_.vs.4.nav.y_maze.ga.epistasis.1.0	_.vs.4.nav.y_maze.ga.epistasis.2.0	_.vs.4.nav.y_maze.ga.epistasis.0.2	_.vs.4.nav.y_maze.me.epistasis.5.0	_.vs.4.nav.y_maze.me.epistasis.0.5	_.vs.4.nav.y_maze.me.epistasis.2.0	_.vs.4.nav.y_maze.me.epistasis.0.2	_.vs.4.nav.y_maze.me.epistasis.1.0	_.vs.4.nav.y_maze.ga.epistasis.5.0	_.vs.4.nav.y_maze.ga.epistasis.0.5
5.689e-02	8.905e-02	4.828e-03	1.207e-01	7.597e-02	2.324e-01	0.000e+00	1.645e-01	4.797e-02	2.033e-02	5.645e-02	5.568e-02	3.431e-03	1.335e-01	8.461e-02	1.568e-01	0.000e+00	1.512e-01	7.586e-02	3.290e-02
3.321e-02	3.879e-02	5.882e-03	1.225e-01	6.967e-02	1.593e-01	0.000e+00	1.664e-01	4.681e-02	2.375e-02	6.104e-02	7.093e-02	0.000e+00	1.187e-01	1.121e-01	1.110e-01	0.000e+00	1.534e-01	5.307e-02	4.858e-02
5.506e-02	5.834e-02	0.000e+00	2.256e-01	8.848e-02	1.597e-01	0.000e+00	1.969e-01	3.675e-02	3.343e-02	5.986e-02	5.595e-02	1.750e-02	1.714e-01	9.280e-02	2.001e-01	0.000e+00	1.631e-01	5.717e-02	4.156e-02
3.084e-02	3.436e-02	0.000e+00	1.083e-01	7.332e-02	2.023e-01	0.000e+00	1.648e-01	5.983e-02	4.248e-02	4.169e-02	7.758e-02	4.828e-03	1.456e-01	1.005e-01	1.496e-01	0.000e+00	1.105e-01	6.314e-02	3.793e-02
4.687e-02	4.000e-02	0.000e+00	1.198e-01	7.176e-02	2.000e-01	0.000e+00	1.258e-01	5.158e-02	4.423e-02	5.892e-02	6.533e-02	0.000e+00	1.621e-01	8.735e-02	1.724e-01	1.724e-02	1.542e-01	7.062e-02	3.600e-02
3.351e-02	4.675e-02	4.828e-03	1.147e-01	1.081e-01	1.226e-01	0.000e+00	1.296e-01	4.600e-02	3.137e-02	7.080e-02	6.135e-02	0.000e+00	1.672e-01	1.140e-01	1.111e-01	1.724e-02	1.690e-01	6.484e-02	5.788e-02
4.774e-02	2.529e-02	4.828e-03	1.283e-01	7.497e-02	1.562e-01	0.000e+00	1.864e-01	3.775e-02	3.388e-02	6.025e-02	6.931e-02	1.197e-02	1.668e-01	8.563e-02	1.392e-01	0.000e+00	1.587e-01	5.044e-02	3.249e-02
3.216e-02	5.145e-02	0.000e+00	1.120e-01	8.602e-02	1.136e-01	0.000e+00	1.180e-01	8.377e-02	6.330e-02	6.775e-02	4.973e-02	0.000e+00	1.503e-01	8.388e-02	1.211e-01	0.000e+00	1.498e-01	5.890e-02	3.319e-02
2.993e-02	3.208e-02	0.000e+00	1.680e-01	8.383e-02	1.587e-01	0.000e+00	1.515e-01	5.190e-02	2.557e-02	4.889e-02	7.755e-02	0.000e+00	1.739e-01	8.954e-02	1.117e-01	0.000e+00	1.865e-01	6.586e-02	4.453e-02
4.304e-02	5.837e-02	3.431e-03	2.115e-01	7.292e-02	1.621e-01	0.000e+00	1.607e-01	7.420e-02	2.355e-02	8.604e-02	6.359e-02	4.828e-03	1.759e-01	1.157e-01	1.685e-01	1.724e-02	1.491e-01	8.405e-02	5.241e-02
3.493e-02	4.358e-02	1.451e-02	1.698e-01	7.510e-02	1.432e-01	0.000e+00	1.582e-01	7.261e-02	2.472e-02	4.379e-02	7.893e-02	5.882e-03	1.283e-01	8.423e-02	1.191e-01	0.000e+00	1.894e-01	7.078e-02	3.142e-02
4.467e-02	6.087e-02	0.000e+00	1.284e-01	1.134e-01	1.936e-01	0.000e+00	1.481e-01	5.348e-02	2.510e-02	5.725e-02	9.809e-02	1.160e-02	2.306e-01	8.791e-02	2.092e-01	0.000e+00	1.467e-01	4.682e-02	4.799e-02
2.248e-02	4.041e-02	0.000e+00	7.769e-02	7.377e-02	1.562e-01	0.000e+00	1.614e-01	6.891e-02	2.985e-02	5.622e-02	5.685e-02	4.828e-03	1.547e-01	7.052e-02	1.445e-01	1.493e-02	1.512e-01	5.334e-02	2.922e-02
3.021e-02	4.582e-02	5.882e-03	1.591e-01	7.930e-02	1.477e-01	1.724e-02	1.570e-01	4.219e-02	3.662e-02	4.937e-02	6.355e-02	6.757e-03	1.265e-01	7.624e-02	2.200e-01	0.000e+00	2.379e-01	4.032e-02	5.726e-02
6.097e-02	6.108e-02	0.000e+00	1.623e-01	8.692e-02	1.995e-01	0.000e+00	1.664e-01	5.408e-02	5.850e-02	5.053e-02	6.139e-02	3.431e-03	7.229e-02	8.143e-02	1.607e-01	0.000e+00	1.937e-01	7.188e-02	3.891e-02
2.688e-02	6.006e-02	5.882e-03	1.564e-01	8.500e-02	2.003e-01	0.000e+00	1.207e-01	4.220e-02	3.156e-02	4.258e-02	6.255e-02	3.431e-03	1.684e-01	7.427e-02	1.638e-01	0.000e+00	1.611e-01	4.293e-02	4.807e-02
4.290e-02	7.434e-02	0.000e+00	1.936e-01	1.156e-01	1.156e-01	0.000e+00	1.559e-01	5.170e-02	2.659e-02	5.774e-02	5.103e-02	0.000e+00	1.707e-01	1.139e-01	1.064e-01	0.000e+00	1.967e-01	6.476e-02	3.311e-02
3.607e-02	4.345e-02	0.000e+00	1.330e-01	7.332e-02	1.064e-01	0.000e+00	1.434e-01	2.844e-02	3.132e-02	6.245e-02	5.603e-02	6.757e-03	7.796e-02	8.574e-02	1.115e-01	0.000e+00	1.239e-01	4.699e-02	3.769e-02
4.889e-02	4.265e-02	3.431e-03	1.294e-01	7.195e-02	1.625e-01	0.000e+00	1.469e-01	5.760e-02	3.057e-02	7.345e-02	7.235e-02	0.000e+00	1.201e-01	9.582e-02	1.047e-01	0.000e+00	1.626e-01	5.008e-02	4.739e-02
5.634e-02	6.133e-02	9.868e-03	2.323e-01	8.954e-02	1.590e-01	0.000e+00	2.307e-01	6.510e-02	3.785e-02	7.181e-02	6.972e-02	0.000e+00	1.612e-01	7.727e-02	1.594e-01	0.000e+00	1.929e-01	4.923e-02	4.774e-02
5.716e-02	3.038e-02	1.674e-02	1.676e-01	1.162e-01	1.174e-01	0.000e+00	1.435e-01	5.200e-02	3.793e-02	6.243e-02	7.488e-02	0.000e+00	1.249e-01	7.614e-02	1.150e-01	1.493e-02	1.434e-01	5.139e-02	4.605e-02
2.238e-02	5.064e-02	6.757e-03	2.023e-01	7.121e-02	2.096e-01	0.000e+00	1.578e-01	5.299e-02	3.666e-02	5.226e-02	8.572e-02	0.000e+00	1.605e-01	7.377e-02	1.157e-01	1.493e-02	1.650e-01	6.271e-02	3.472e-02
5.397e-02	3.684e-02	0.000e+00	1.991e-01	7.769e-02	1.178e-01	0.000e+00	1.520e-01	8.216e-02	2.307e-02	6.597e-02	7.864e-02	1.645e-02	2.353e-01	8.025e-02	1.246e-01	0.000e+00	1.678e-01	6.639e-02	2.201e-02
2.594e-02	5.264e-02	6.757e-03	1.171e-01	8.848e-02	1.613e-01	1.724e-02	1.652e-01	8.357e-02	3.407e-02	6.818e-02	6.828e-02	0.000e+00	1.743e-01	8.500e-02	1.931e-01	0.000e+00	1.694e-01	5.638e-02	7.102e-02
7.484e-02	5.591e-02	0.000e+00	1.080e-01	7.901e-02	1.437e-01	0.000e+00	1.935e-01	3.201e-02	4.690e-02	5.474e-02	7.780e-02	0.000e+00	2.310e-01	7.769e-02	1.635e-01	0.000e+00	1.554e-01	1.014e-01	3.033e-02
3.424e-02	3.491e-02	3.431e-03	1.811e-01	6.967e-02	1.534e-01	0.000e+00	1.536e-01	7.105e-02	2.771e-02	5.591e-02	9.335e-02	8.189e-03	1.290e-01	8.128e-02	1.618e-01	0.000e+00	1.958e-01	6.525e-02	4.634e-02
4.234e-02	4.607e-02	1.655e-02	1.558e-01	7.065e-02	1.501e-01	0.000e+00	1.768e-01	4.635e-02	5.533e-02	7.006e-02	7.001e-02	0.000e+00	1.563e-01	1.118e-01	1.980e-01	0.000e+00	1.945e-01	4.955e-02	2.737e-02
3.340e-02	4.830e-02	3.431e-03	2.089e-01	7.597e-02	1.296e-01	0.000e+00	1.901e-01	4.861e-02	3.174e-02	4.670e-02	3.916e-02	1.121e-02	1.347e-01	7.817e-02	1.556e-01	0.000e+00	1.525e-01	6.743e-02	2.431e-02
3.156e-02	4.309e-02	1.751e-02	1.503e-01	7.880e-02	1.458e-01	0.000e+00	1.589e-01	5.760e-02	2.212e-02	6.508e-02	5.620e-02	1.264e-02	1.604e-01	7.755e-02	1.638e-01	0.000e+00	1.524e-01	6.115e-02	4.253e-02
3.212e-02	6.601e-02	5.882e-03	1.163e-01	8.631e-02	1.539e-01	0.000e+00	1.872e-01	4.968e-02	1.892e-02	4.965e-02	5.749e-02	4.828e-03	1.549e-01	7.711e-02	1.552e-01	0.000e+00	1.179e-01	7.226e-02	3.728e-02
